X2,X3,X4,X5,Generation,Iter
Hybridindex,12.325[8.31531],12.1471[8.33936],12.505[8.28701],1,0
Pref0,0.61625[0.415765],0.607356[0.416968],0.625252[0.41435],1,0
Signal0,0.61625[0.415765],0.607356[0.416968],0.625252[0.41435],1,0
Hybridindex,15.261[6.16572],15.104[6.20419],15.4164[6.12344],2,0
Pref0,0.7575[0.339034],0.751759[0.338017],0.763184[0.339941],2,0
Signal0,0.75425[0.337982],0.744221[0.340195],0.764179[0.335481],2,0
Hybridindex,16.9962[4.03434],17.0138[3.89379],16.9795[4.16355],3,0
Pref0,0.847[0.26569],0.847692[0.263375],0.846341[0.267871],3,0
Signal0,0.87225[0.245061],0.88[0.23416],0.864878[0.25478],3,0
Hybridindex,17.6968[2.59854],17.7565[2.45955],17.6375[2.72814],4,0
Pref0,0.887[0.22579],0.893574[0.213074],0.880478[0.237553],4,0
Signal0,0.92725[0.183936],0.932731[0.179225],0.921813[0.188336],4,0
Hybridindex,17.793[2.01063],17.8188[2.00596],17.7685[2.01475],5,0
Pref0,0.89325[0.221877],0.899384[0.21288],0.887427[0.229942],5,0
Signal0,0.95975[0.137858],0.957392[0.141428],0.961988[0.134344],5,0
Hybridindex,17.8925[1.69586],17.9392[1.63768],17.8448[1.75205],6,0
Pref0,0.89725[0.216373],0.900099[0.214255],0.894338[0.21848],6,0
Signal0,0.98275[0.0912548],0.986152[0.0820493],0.979272[0.0996712],6,0
Hybridindex,17.9617[1.49471],17.9453[1.46293],17.9793[1.52767],7,0
Pref0,0.889[0.220066],0.876453[0.230852],0.902376[0.207117],7,0
Signal0,0.99125[0.0655625],0.992248[0.0617728],0.990186[0.0693593],7,0
Hybridindex,17.936[1.40032],17.9425[1.42138],17.9298[1.38001],8,0
Pref0,0.897[0.214805],0.896304[0.213811],0.897661[0.215741],8,0
Signal0,0.995[0.0497494],0.99538[0.0478405],0.994639[0.0514935],8,0
Hybridindex,17.9415[1.32111],17.9667[1.33647],17.9189[1.30675],9,0
Pref0,0.894[0.21625],0.895877[0.211942],0.892315[0.220031],9,0
Signal0,0.99625[0.0431386],0.9963[0.042851],0.996205[0.0433951],9,0
Hybridindex,17.962[1.26345],17.9308[1.28097],17.9935[1.24475],10,0
Pref0,0.89725[0.213465],0.885956[0.222472],0.908635[0.20335],10,0
Signal0,0.997[0.0386135],0.997012[0.0385369],0.996988[0.0386905],10,0
Hybridindex,17.9145[1.24074],17.9402[1.21955],17.8895[1.26051],11,0
Pref0,0.90425[0.208463],0.901116[0.210304],0.907298[0.206612],11,0
Signal0,0.9985[0.027345],0.998479[0.0275379],0.998521[0.0271562],11,0
Hybridindex,17.918[1.24188],17.9362[1.23875],17.9008[1.24459],12,0
Pref0,0.9015[0.211063],0.902263[0.214483],0.900778[0.207775],12,0
Signal0,0.99925[0.0193504],0.998971[0.0226571],0.999514[0.015587],12,0
Hybridindex,17.9355[1.2209],17.9291[1.22546],17.9418[1.21633],13,0
Pref0,0.90025[0.216044],0.902513[0.21744],0.89801[0.214629],13,0
Signal0,1[0],1[0],1[0],13,0
Hybridindex,17.9135[1.22342],17.8955[1.23185],17.9317[1.21459],14,0
Pref0,0.90525[0.206513],0.901493[0.213355],0.909045[0.199292],14,0
Signal0,1[0],1[0],1[0],14,0
Hybridindex,17.9138[1.21426],17.9106[1.21495],17.9171[1.21353],15,0
Pref0,0.91025[0.202657],0.90958[0.202347],0.910952[0.202979],15,0
Signal0,1[0],1[0],1[0],15,0
Hybridindex,17.945[1.19278],17.9559[1.1989],17.9342[1.18656],16,0
Pref0,0.9235[0.190126],0.923771[0.189246],0.92323[0.190996],16,0
Signal0,1[0],1[0],1[0],16,0
Hybridindex,17.9805[1.20234],17.9735[1.19128],17.9878[1.21363],17,0
Pref0,0.92875[0.178321],0.924287[0.181954],0.933367[0.174363],17,0
Signal0,1[0],1[0],1[0],17,0
Hybridindex,17.9868[1.18552],18.0071[1.18512],17.967[1.18556],18,0
Pref0,0.9215[0.185978],0.926396[0.179999],0.916749[0.191482],18,0
Signal0,1[0],1[0],1[0],18,0
Hybridindex,17.979[1.22405],18.059[1.17367],17.9017[1.26606],19,0
Pref0,0.9165[0.195647],0.920142[0.19132],0.912979[0.199677],19,0
Signal0,1[0],1[0],1[0],19,0
Hybridindex,18.004[1.19069],17.9796[1.21632],18.0286[1.1637],20,0
Pref0,0.92075[0.191297],0.917413[0.199864],0.924121[0.182173],20,0
Signal0,1[0],1[0],1[0],20,0
Hybridindex,18.015[1.1462],18.0185[1.13439],18.0117[1.15731],21,0
Pref0,0.92425[0.18611],0.92[0.18608],0.928293[0.186049],21,0
Signal0,1[0],1[0],1[0],21,0
Hybridindex,18.0075[1.15215],18.0267[1.14471],17.9879[1.15937],22,0
Pref0,0.92725[0.184614],0.929278[0.182556],0.925177[0.186672],22,0
Signal0,1[0],1[0],1[0],22,0
Hybridindex,18.0018[1.1571],17.9704[1.14104],18.0329[1.17203],23,0
Pref0,0.9285[0.18135],0.923347[0.18562],0.933633[0.176845],23,0
Signal0,1[0],1[0],1[0],23,0
Hybridindex,17.9877[1.13544],17.9836[1.18237],17.9922[1.08262],24,0
Pref0,0.92925[0.182673],0.927676[0.181273],0.930945[0.184154],24,0
Signal0,1[0],1[0],1[0],24,0
Hybridindex,17.965[1.13744],17.9585[1.12992],17.9717[1.14505],25,0
Pref0,0.925[0.18473],0.933729[0.175277],0.916077[0.19351],25,0
Signal0,1[0],1[0],1[0],25,0
Hybridindex,17.9935[1.13179],18.0021[1.12148],17.9854[1.1414],26,0
Pref0,0.92675[0.183737],0.924383[0.186179],0.928988[0.18137],26,0
Signal0,1[0],1[0],1[0],26,0
Hybridindex,18.0035[1.11736],17.9899[1.08156],18.0168[1.15115],27,0
Pref0,0.92175[0.189082],0.91911[0.193496],0.924332[0.184625],27,0
Signal0,1[0],1[0],1[0],27,0
Hybridindex,18.0602[1.09373],18.0634[1.07029],18.0571[1.11635],28,0
Pref0,0.92525[0.185169],0.932024[0.178563],0.91857[0.191224],28,0
Signal0,1[0],1[0],1[0],28,0
Hybridindex,18.0595[1.09816],18.05[1.09296],18.0694[1.10346],29,0
Pref0,0.92575[0.186043],0.921078[0.191477],0.930612[0.180084],29,0
Signal0,1[0],1[0],1[0],29,0
Hybridindex,18.0663[1.10826],18.094[1.10758],18.0382[1.10824],30,0
Pref0,0.93125[0.181379],0.929353[0.185236],0.933166[0.177378],30,0
Signal0,1[0],1[0],1[0],30,0
Hybridindex,18.069[1.10283],18.0727[1.10158],18.0655[1.10404],31,0
Pref0,0.926[0.182412],0.932927[0.17482],0.919291[0.189233],31,0
Signal0,1[0],1[0],1[0],31,0
Hybridindex,18.0763[1.06574],18.0682[1.09033],18.0843[1.04031],32,0
Pref0,0.92675[0.183056],0.926295[0.18279],0.927209[0.183322],32,0
Signal0,1[0],1[0],1[0],32,0
Hybridindex,18.0933[1.06016],18.1019[1.05119],18.0846[1.06899],33,0
Pref0,0.926[0.186478],0.933566[0.174074],0.918418[0.197839],33,0
Signal0,1[0],1[0],1[0],33,0
Hybridindex,18.0652[1.05398],18.0534[1.08238],18.0772[1.02453],34,0
Pref0,0.91925[0.192625],0.919162[0.190734],0.919339[0.194506],34,0
Signal0,1[0],1[0],1[0],34,0
Hybridindex,18.0787[1.04088],18.0902[1.04679],18.0665[1.03433],35,0
Pref0,0.9165[0.197554],0.917068[0.192351],0.915888[0.203007],35,0
Signal0,1[0],1[0],1[0],35,0
Hybridindex,18.096[1.07647],18.0793[1.0902],18.1132[1.06186],36,0
Pref0,0.91625[0.19522],0.914778[0.194451],0.917766[0.195998],36,0
Signal0,1[0],1[0],1[0],36,0
Hybridindex,18.068[1.10097],18.0557[1.10387],18.0802[1.09794],37,0
Pref0,0.9055[0.205718],0.913153[0.199743],0.897908[0.211204],37,0
Signal0,1[0],1[0],1[0],37,0
Hybridindex,18.081[1.07363],18.0635[1.07382],18.0972[1.0732],38,0
Pref0,0.9045[0.205863],0.901665[0.206445],0.907122[0.205289],38,0
Signal0,1[0],1[0],1[0],38,0
Hybridindex,18.1017[1.07192],18.0886[1.07093],18.1151[1.07277],39,0
Pref0,0.9045[0.207074],0.911443[0.197291],0.897487[0.216281],39,0
Signal0,1[0],1[0],1[0],39,0
Hybridindex,18.086[1.05918],18.0955[1.06999],18.076[1.04757],40,0
Pref0,0.902[0.210704],0.904483[0.212062],0.899384[0.209232],40,0
Signal0,1[0],1[0],1[0],40,0
Hybridindex,18.081[1.06826],18.0937[1.04291],18.0684[1.09278],41,0
Pref0,0.90525[0.209517],0.904309[0.210238],0.906188[0.208793],41,0
Signal0,1[0],1[0],1[0],41,0
Hybridindex,18.0847[1.05472],18.0402[1.07604],18.13[1.03064],42,0
Pref0,0.91475[0.198387],0.905258[0.208219],0.924395[0.187378],42,0
Signal0,1[0],1[0],1[0],42,0
Hybridindex,18.1262[1.04973],18.0892[1.06273],18.1627[1.03549],43,0
Pref0,0.91425[0.201921],0.91129[0.208667],0.917163[0.19501],43,0
Signal0,1[0],1[0],1[0],43,0
Hybridindex,18.1255[1.02932],18.1344[1.04601],18.1171[1.01338],44,0
Pref0,0.91525[0.197338],0.91365[0.19703],0.916747[0.197615],44,0
Signal0,1[0],1[0],1[0],44,0
Hybridindex,18.1305[1.03209],18.1573[0.99975],18.1031[1.06345],45,0
Pref0,0.90875[0.205666],0.904055[0.209075],0.913549[0.202008],45,0
Signal0,1[0],1[0],1[0],45,0
Hybridindex,18.118[1.03009],18.1234[1.04667],18.1125[1.01289],46,0
Pref0,0.90575[0.207947],0.902379[0.209143],0.909183[0.206666],46,0
Signal0,1[0],1[0],1[0],46,0
Hybridindex,18.1208[1.02289],18.1381[1.02566],18.1033[1.01979],47,0
Pref0,0.91125[0.204324],0.910768[0.205274],0.911735[0.203364],47,0
Signal0,1[0],1[0],1[0],47,0
Hybridindex,18.0915[1.04911],18.0903[1.0166],18.0927[1.08009],48,0
Pref0,0.90425[0.206657],0.911705[0.202218],0.896928[0.210668],48,0
Signal0,1[0],1[0],1[0],48,0
Hybridindex,18.125[1.03941],18.1419[1.0516],18.1079[1.02659],49,0
Pref0,0.89625[0.216474],0.893849[0.21854],0.89869[0.214326],49,0
Signal0,1[0],1[0],1[0],49,0
Hybridindex,18.1507[1.05221],18.1404[1.05029],18.1606[1.05396],50,0
Pref0,0.89725[0.216373],0.895301[0.216808],0.899119[0.21594],50,0
Signal0,1[0],1[0],1[0],50,0
Hybridindex,18.1405[1.0402],18.1483[1.03584],18.1333[1.04416],51,0
Pref0,0.8975[0.216203],0.904787[0.206648],0.89076[0.224469],51,0
Signal0,1[0],1[0],1[0],51,0
Hybridindex,18.1695[1.03357],18.1599[1.02954],18.1789[1.03741],52,0
Pref0,0.899[0.209879],0.896761[0.213344],0.901186[0.206415],52,0
Signal0,1[0],1[0],1[0],52,0
Hybridindex,18.1653[1.01159],18.14[1.01328],18.1902[1.00931],53,0
Pref0,0.904[0.207446],0.901309[0.211284],0.906653[0.203557],53,0
Signal0,1[0],1[0],1[0],53,0
Hybridindex,18.1573[1.0399],18.159[1.02777],18.1556[1.05095],54,0
Pref0,0.90475[0.208692],0.903024[0.211705],0.90634[0.205865],54,0
Signal0,1[0],1[0],1[0],54,0
Hybridindex,18.1552[1.05772],18.1244[1.09701],18.1885[1.01266],55,0
Pref0,0.913[0.199827],0.912729[0.199691],0.913292[0.199974],55,0
Signal0,1[0],1[0],1[0],55,0
Hybridindex,18.18[1.00752],18.155[1.02323],18.2051[0.990833],56,0
Pref0,0.918[0.19436],0.924726[0.186981],0.911234[0.201285],56,0
Signal0,1[0],1[0],1[0],56,0
Hybridindex,18.1618[1.0237],18.1628[1.02634],18.1607[1.02113],57,0
Pref0,0.9175[0.192208],0.925963[0.181819],0.90927[0.201456],57,0
Signal0,1[0],1[0],1[0],57,0
Hybridindex,18.152[1.01274],18.1319[0.988858],18.172[1.03555],58,0
Pref0,0.9135[0.198791],0.911735[0.197102],0.915254[0.20044],58,0
Signal0,1[0],1[0],1[0],58,0
Hybridindex,18.1805[1.00532],18.1412[1.01527],18.2203[0.993566],59,0
Pref0,0.91375[0.199213],0.916501[0.193035],0.910966[0.205239],59,0
Signal0,1[0],1[0],1[0],59,0
Hybridindex,18.2005[1.01232],18.1682[0.984757],18.2336[1.03871],60,0
Pref0,0.91925[0.192625],0.917409[0.197295],0.921132[0.187712],60,0
Signal0,1[0],1[0],1[0],60,0
Hybridindex,18.1777[1.01564],18.1454[1.02216],18.2078[1.00863],61,0
Pref0,0.919[0.191544],0.919003[0.193836],0.918997[0.18939],61,0
Signal0,1[0],1[0],1[0],61,0
Hybridindex,18.1438[1.00011],18.1755[0.984752],18.1153[1.01284],62,0
Pref0,0.9115[0.201042],0.908034[0.206908],0.914611[0.195575],62,0
Signal0,1[0],1[0],1[0],62,0
Hybridindex,18.1575[1.01535],18.1234[0.987657],18.1931[1.04227],63,0
Pref0,0.91[0.202237],0.910382[0.206529],0.909602[0.197662],63,0
Signal0,1[0],1[0],1[0],63,0
Hybridindex,18.1983[1.00191],18.1829[1.03444],18.2134[0.96839],64,0
Pref0,0.902[0.213063],0.905528[0.208174],0.898507[0.21774],64,0
Signal0,1[0],1[0],1[0],64,0
Hybridindex,18.2042[1.0283],18.1808[1.03898],18.2261[1.01776],65,0
Pref0,0.902[0.210704],0.90829[0.198788],0.896135[0.221075],65,0
Signal0,1[0],1[0],1[0],65,0
Hybridindex,18.2295[0.989232],18.223[0.969641],18.2362[1.00917],66,0
Pref0,0.9085[0.20525],0.913235[0.201882],0.903571[0.208585],66,0
Signal0,1[0],1[0],1[0],66,0
Hybridindex,18.231[0.981778],18.2396[0.97735],18.2219[0.986386],67,0
Pref0,0.90975[0.198696],0.908341[0.195954],0.911249[0.201561],67,0
Signal0,1[0],1[0],1[0],67,0
Hybridindex,18.1973[1.00236],18.228[0.978444],18.1686[1.02332],68,0
Pref0,0.90525[0.204689],0.898964[0.212068],0.911111[0.19738],68,0
Signal0,1[0],1[0],1[0],68,0
Hybridindex,18.1623[1.00065],18.1865[0.983078],18.1372[1.01787],69,0
Pref0,0.90075[0.210415],0.901083[0.212338],0.900407[0.20841],69,0
Signal0,1[0],1[0],1[0],69,0
Hybridindex,18.1315[1.00758],18.1491[1.00063],18.1146[1.01391],70,0
Pref0,0.8985[0.211418],0.902962[0.202843],0.894221[0.219241],70,0
Signal0,1[0],1[0],1[0],70,0
Hybridindex,18.1277[0.988587],18.1152[1.00951],18.1405[0.966561],71,0
Pref0,0.9045[0.211258],0.898615[0.215286],0.910516[0.206885],71,0
Signal0,1[0],1[0],1[0],71,0
Hybridindex,18.1212[0.970527],18.1325[0.946306],18.1096[0.994737],72,0
Pref0,0.8995[0.213658],0.896059[0.213542],0.903046[0.213719],72,0
Signal0,1[0],1[0],1[0],72,0
Hybridindex,18.108[1.00266],18.1256[0.980696],18.0907[1.02349],73,0
Pref0,0.891[0.221063],0.891019[0.218309],0.890981[0.223735],73,0
Signal0,1[0],1[0],1[0],73,0
Hybridindex,18.0655[1.0036],18.0732[0.999518],18.0574[1.00781],74,0
Pref0,0.889[0.221199],0.896098[0.217938],0.881538[0.224334],74,0
Signal0,1[0],1[0],1[0],74,0
Hybridindex,18.0628[0.986756],18.011[0.969608],18.114[1.00084],75,0
Pref0,0.892[0.218142],0.888554[0.219824],0.895418[0.216406],75,0
Signal0,1[0],1[0],1[0],75,0
Hybridindex,18.073[1.01386],18.0774[0.997595],18.0681[1.03163],76,0
Pref0,0.8875[0.22044],0.888889[0.218994],0.885956[0.222027],76,0
Signal0,1[0],1[0],1[0],76,0
Hybridindex,18.0475[1.05818],18.0597[1.04401],18.0347[1.0726],77,0
Pref0,0.88775[0.220284],0.880999[0.224135],0.894791[0.21597],77,0
Signal0,1[0],1[0],1[0],77,0
Hybridindex,18.0802[1.05235],18.0968[1.07386],18.0633[1.02957],78,0
Pref0,0.895[0.213834],0.897727[0.213582],0.892206[0.214056],78,0
Signal0,1[0],1[0],1[0],78,0
Hybridindex,18.079[1.05012],18.0686[1.05421],18.0899[1.04573],79,0
Pref0,0.89625[0.215896],0.904995[0.203506],0.88713[0.227743],79,0
Signal0,1[0],1[0],1[0],79,0
Hybridindex,18.0938[1.05135],18.0926[1.0576],18.095[1.04479],80,0
Pref0,0.8955[0.214079],0.891283[0.217799],0.899898[0.210039],80,0
Signal0,1[0],1[0],1[0],80,0
Hybridindex,18.0433[1.05736],17.998[1.07815],18.0867[1.03517],81,0
Pref0,0.8945[0.215336],0.892748[0.218497],0.89618[0.212248],81,0
Signal0,1[0],1[0],1[0],81,0
Hybridindex,18.0798[1.02884],18.1009[1.00749],18.059[1.04897],82,0
Pref0,0.88925[0.224409],0.890515[0.225451],0.888008[0.223374],82,0
Signal0,1[0],1[0],1[0],82,0
Hybridindex,18.0635[1.0051],18.0938[1.01473],18.0327[0.994287],83,0
Pref0,0.9005[0.21587],0.90566[0.211482],0.895267[0.220107],83,0
Signal0,1[0],1[0],1[0],83,0
Hybridindex,18.0787[1.02307],18.1093[1.01183],18.0495[1.03288],84,0
Pref0,0.89475[0.218054],0.88713[0.220913],0.902057[0.215023],84,0
Signal0,1[0],1[0],1[0],84,0
Hybridindex,18.097[1.03687],18.0801[1.04711],18.1143[1.026],85,0
Pref0,0.891[0.224987],0.887735[0.227896],0.894338[0.221924],85,0
Signal0,1[0],1[0],1[0],85,0
Hybridindex,18.0903[1.02395],18.0512[1.05072],18.1283[0.995705],86,0
Pref0,0.89225[0.219693],0.899189[0.209257],0.885489[0.229202],86,0
Signal0,1[0],1[0],1[0],86,0
Hybridindex,18.123[1.01075],18.1245[1.01526],18.1215[1.00622],87,0
Pref0,0.8905[0.216817],0.896[0.207808],0.885[0.225333],87,0
Signal0,1[0],1[0],1[0],87,0
Hybridindex,18.1573[0.992168],18.1562[0.991426],18.1583[0.992892],88,0
Pref0,0.88925[0.218196],0.887765[0.213408],0.890702[0.222771],88,0
Signal0,1[0],1[0],1[0],88,0
Hybridindex,18.1803[0.967282],18.196[0.96928],18.1632[0.964819],89,0
Pref0,0.89875[0.211243],0.903939[0.205341],0.893118[0.217327],89,0
Signal0,1[0],1[0],1[0],89,0
Hybridindex,18.1265[0.996367],18.1554[0.96867],18.0999[1.0205],90,0
Pref0,0.90375[0.206424],0.908759[0.201057],0.899135[0.211143],90,0
Signal0,1[0],1[0],1[0],90,0
Hybridindex,18.1385[1.00066],18.1183[0.97154],18.1598[1.03007],91,0
Pref0,0.9065[0.202504],0.909932[0.198384],0.902878[0.206702],91,0
Signal0,1[0],1[0],1[0],91,0
Hybridindex,18.1343[1.01568],18.1503[1.0216],18.1178[1.00932],92,0
Pref0,0.90975[0.200574],0.909001[0.197982],0.910516[0.203187],92,0
Signal0,1[0],1[0],1[0],92,0
Hybridindex,18.113[1.02395],18.0794[1.05964],18.1463[0.986223],93,0
Pref0,0.913[0.199827],0.91809[0.198168],0.90796[0.20133],93,0
Signal0,1[0],1[0],1[0],93,0
Hybridindex,18.0725[1.07074],18.1231[1.04967],18.0207[1.08944],94,0
Pref0,0.91725[0.198185],0.918398[0.198953],0.916077[0.19739],94,0
Signal0,1[0],1[0],1[0],94,0
Hybridindex,18.0795[1.04854],18.0671[1.05478],18.0906[1.04277],95,0
Pref0,0.91775[0.191337],0.918076[0.194808],0.917457[0.188167],95,0
Signal0,1[0],1[0],1[0],95,0
Hybridindex,18.0963[1.01001],18.0985[0.990433],18.0941[1.02882],96,0
Pref0,0.91425[0.195632],0.919192[0.192105],0.909406[0.19891],96,0
Signal0,1[0],1[0],1[0],96,0
Hybridindex,18.107[1.03443],18.0879[1.05584],18.1265[1.01167],97,0
Pref0,0.9055[0.205718],0.912549[0.196337],0.898279[0.214663],97,0
Signal0,1[0],1[0],1[0],97,0
Hybridindex,18.0927[1.0378],18.104[1.02546],18.0824[1.049],98,0
Pref0,0.90125[0.207662],0.893971[0.217921],0.907996[0.197439],98,0
Signal0,1[0],1[0],1[0],98,0
Hybridindex,18.0787[1.04555],18.0913[1.02848],18.0661[1.06226],99,0
Pref0,0.8955[0.216402],0.897705[0.216036],0.893287[0.216746],99,0
Signal0,1[0],1[0],1[0],99,0
Hybridindex,18.1152[1.02193],18.1264[1.0055],18.1032[1.03916],100,0
Pref0,0.89[0.221698],0.895753[0.218014],0.883817[0.225426],100,0
Signal0,1[0],1[0],1[0],100,0
Hybridindex,12.545[8.29897],12.6411[8.24769],12.4504[8.34805],1,0_1
Pref0,0.62725[0.414949],0.632056[0.412385],0.62252[0.417403],1,0_1
Signal0,0.62725[0.414949],0.632056[0.412385],0.62252[0.417403],1,0_1
Hybridindex,15.1905[6.09419],15.1577[6.04805],15.2236[6.14028],2,0_1
Pref0,0.75925[0.334536],0.753234[0.336505],0.765327[0.332425],2,0_1
Signal0,0.7625[0.332556],0.761194[0.328855],0.763819[0.336248],2,0_1
Hybridindex,16.833[3.95678],16.8419[3.98819],16.8245[3.92653],3,0_1
Pref0,0.843[0.265238],0.84391[0.264684],0.842131[0.265762],3,0_1
Signal0,0.8645[0.252269],0.86131[0.254856],0.867546[0.249736],3,0_1
Hybridindex,17.6208[2.55515],17.5047[2.56656],17.7279[2.53987],4,0_1
Pref0,0.88425[0.227436],0.885938[0.22537],0.882692[0.229314],4,0_1
Signal0,0.933[0.173237],0.925[0.179988],0.940385[0.166421],4,0_1
Hybridindex,17.864[1.89961],17.8566[1.90632],17.8714[1.89283],5,0_1
Pref0,0.90475[0.207491],0.908591[0.204559],0.900901[0.210317],5,0_1
Signal0,0.97175[0.115442],0.976523[0.105769],0.966967[0.124199],5,0_1
Hybridindex,17.9195[1.58769],17.8876[1.57745],17.9512[1.59716],6,0_1
Pref0,0.89975[0.210535],0.902108[0.209478],0.89741[0.211552],6,0_1
Signal0,0.9775[0.103652],0.975904[0.107087],0.979084[0.100103],6,0_1
Hybridindex,17.9172[1.45182],17.9059[1.46848],17.9295[1.43359],7,0_1
Pref0,0.9015[0.21047],0.895753[0.212408],0.907676[0.208191],7,0_1
Signal0,0.989[0.0733417],0.988417[0.0752153],0.989627[0.0712679],7,0_1
Hybridindex,17.9528[1.32849],17.9428[1.33833],17.9626[1.31857],8,0_1
Pref0,0.89525[0.214249],0.905216[0.208382],0.885344[0.219477],8,0_1
Signal0,0.99525[0.0485019],0.99348[0.056721],0.997009[0.038556],8,0_1
Hybridindex,17.9735[1.29317],17.9704[1.2808],17.9766[1.30533],9,0_1
Pref0,0.89475[0.21748],0.9001[0.209728],0.889442[0.22478],9,0_1
Signal0,0.9985[0.027345],0.99749[0.0353372],0.999502[0.015772],9,0_1
Hybridindex,17.9937[1.25163],18.0296[1.22397],17.9593[1.2767],10,0_1
Pref0,0.89025[0.220409],0.887755[0.226222],0.892647[0.214647],10,0_1
Signal0,0.99975[0.0111775],1[0],0.99951[0.0156479],10,0_1
Hybridindex,17.9608[1.25153],18[1.24625],17.9224[1.25549],11,0_1
Pref0,0.88975[0.221856],0.888664[0.220996],0.89081[0.222687],11,0_1
Signal0,0.99975[0.0111775],0.999494[0.0158991],1[0],11,0_1
Hybridindex,17.9133[1.21947],17.9337[1.21503],17.8924[1.22363],12,0_1
Pref0,0.88575[0.225991],0.883663[0.232465],0.887879[0.219169],12,0_1
Signal0,1[0],1[0],1[0],12,0_1
Hybridindex,17.8957[1.21037],17.9041[1.20604],17.8869[1.21487],13,0_1
Pref0,0.88775[0.223663],0.901168[0.20395],0.873587[0.241933],13,0_1
Signal0,1[0],1[0],1[0],13,0_1
Hybridindex,17.8755[1.24509],17.865[1.25364],17.8871[1.23543],14,0_1
Pref0,0.89525[0.21657],0.907795[0.203478],0.881329[0.229427],14,0_1
Signal0,1[0],1[0],1[0],14,0_1
Hybridindex,17.845[1.24638],17.8077[1.28494],17.8824[1.20536],15,0_1
Pref0,0.8955[0.214079],0.8996[0.215901],0.891391[0.212158],15,0_1
Signal0,1[0],1[0],1[0],15,0_1
Hybridindex,17.8317[1.24582],17.8109[1.26548],17.8515[1.22657],16,0_1
Pref0,0.89675[0.217289],0.889003[0.227846],0.90409[0.206522],16,0_1
Signal0,1[0],1[0],1[0],16,0_1
Hybridindex,17.8215[1.21496],17.8134[1.23687],17.8298[1.192],17,0_1
Pref0,0.89325[0.219612],0.896841[0.216473],0.889564[0.222727],17,0_1
Signal0,1[0],1[0],1[0],17,0_1
Hybridindex,17.844[1.19034],17.8345[1.19232],17.8527[1.18844],18,0_1
Pref0,0.88975[0.21902],0.889698[0.217133],0.889798[0.220752],18,0_1
Signal0,1[0],1[0],1[0],18,0_1
Hybridindex,17.8558[1.20013],17.856[1.19764],17.8554[1.2028],19,0_1
Pref0,0.89575[0.213324],0.891304[0.21652],0.900518[0.209736],19,0_1
Signal0,1[0],1[0],1[0],19,0_1
Hybridindex,17.8888[1.19937],17.8805[1.20633],17.8974[1.19196],20,0_1
Pref0,0.889[0.222326],0.885854[0.226629],0.892308[0.217662],20,0_1
Signal0,1[0],1[0],1[0],20,0_1
Hybridindex,17.8742[1.19637],17.8974[1.17508],17.8514[1.21662],21,0_1
Pref0,0.88875[0.223044],0.887827[0.22594],0.889662[0.22014],21,0_1
Signal0,1[0],1[0],1[0],21,0_1
Hybridindex,17.8805[1.20009],17.8829[1.21575],17.878[1.18313],22,0_1
Pref0,0.88925[0.222732],0.887706[0.219949],0.8909[0.225655],22,0_1
Signal0,1[0],1[0],1[0],22,0_1
Hybridindex,17.882[1.1968],17.8612[1.20781],17.902[1.18578],23,0_1
Pref0,0.88825[0.219401],0.891837[0.213175],0.884804[0.225168],23,0_1
Signal0,1[0],1[0],1[0],23,0_1
Hybridindex,17.8622[1.18201],17.8251[1.17963],17.8988[1.18321],24,0_1
Pref0,0.89475[0.21748],0.897177[0.216535],0.892361[0.21838],24,0_1
Signal0,1[0],1[0],1[0],24,0_1
Hybridindex,17.875[1.17404],17.8592[1.15995],17.8914[1.18828],25,0_1
Pref0,0.89975[0.212309],0.902846[0.211035],0.896534[0.213576],25,0_1
Signal0,1[0],1[0],1[0],25,0_1
Hybridindex,17.8745[1.16598],17.9052[1.17058],17.8437[1.16052],26,0_1
Pref0,0.8925[0.218961],0.889721[0.219016],0.895291[0.218869],26,0_1
Signal0,1[0],1[0],1[0],26,0_1
Hybridindex,17.8917[1.1669],17.9074[1.17784],17.8762[1.15578],27,0_1
Pref0,0.889[0.224007],0.877264[0.234212],0.900596[0.21281],27,0_1
Signal0,1[0],1[0],1[0],27,0_1
Hybridindex,17.902[1.15386],17.9531[1.15873],17.8518[1.14685],28,0_1
Pref0,0.88475[0.223254],0.880928[0.227853],0.888503[0.218579],28,0_1
Signal0,1[0],1[0],1[0],28,0_1
Hybridindex,17.899[1.14665],17.8793[1.152],17.9183[1.14105],29,0_1
Pref0,0.88175[0.226698],0.891414[0.220369],0.872277[0.232344],29,0_1
Signal0,1[0],1[0],1[0],29,0_1
Hybridindex,17.9185[1.14842],17.9279[1.16261],17.9094[1.1344],30,0_1
Pref0,0.884[0.228132],0.892893[0.218324],0.875369[0.236943],30,0_1
Signal0,1[0],1[0],1[0],30,0_1
Hybridindex,17.9193[1.1302],17.878[1.17218],17.9612[1.08428],31,0_1
Pref0,0.89075[0.217806],0.894841[0.214442],0.886593[0.221094],31,0_1
Signal0,1[0],1[0],1[0],31,0_1
Hybridindex,17.94[1.11519],17.9421[1.12229],17.9378[1.10763],32,0_1
Pref0,0.89725[0.212291],0.895914[0.208904],0.898663[0.215806],32,0_1
Signal0,1[0],1[0],1[0],32,0_1
Hybridindex,17.9545[1.08406],17.9497[1.08085],17.9595[1.08731],33,0_1
Pref0,0.8955[0.21984],0.897828[0.214654],0.89311[0.225014],33,0_1
Signal0,1[0],1[0],1[0],33,0_1
Hybridindex,17.988[1.09092],18.0024[1.11487],17.9728[1.0649],34,0_1
Pref0,0.8885[0.223758],0.887427[0.229942],0.88963[0.217049],34,0_1
Signal0,1[0],1[0],1[0],34,0_1
Hybridindex,18.0182[1.1129],18.0333[1.08767],18.0026[1.1384],35,0_1
Pref0,0.8965[0.211631],0.89667[0.21191],0.896323[0.21134],35,0_1
Signal0,1[0],1[0],1[0],35,0_1
Hybridindex,18.045[1.09063],18.0015[1.08867],18.0895[1.09083],36,0_1
Pref0,0.89025[0.220409],0.897626[0.214818],0.88271[0.225732],36,0_1
Signal0,1[0],1[0],1[0],36,0_1
Hybridindex,18.024[1.09393],18.0441[1.05482],18.0031[1.13289],37,0_1
Pref0,0.89075[0.216077],0.89618[0.212248],0.885087[0.219858],37,0_1
Signal0,1[0],1[0],1[0],37,0_1
Hybridindex,18.0257[1.09702],18.0082[1.10368],18.0447[1.08949],38,0_1
Pref0,0.895[0.219602],0.893925[0.222486],0.896158[0.216447],38,0_1
Signal0,1[0],1[0],1[0],38,0_1
Hybridindex,18.0388[1.08288],18.0155[1.10921],18.0634[1.05364],39,0_1
Pref0,0.889[0.226228],0.891262[0.224303],0.886598[0.228229],39,0_1
Signal0,1[0],1[0],1[0],39,0_1
Hybridindex,18.0265[1.09021],18.0378[1.08743],18.0148[1.09295],40,0_1
Pref0,0.8855[0.226693],0.880648[0.228708],0.89053[0.224475],40,0_1
Signal0,1[0],1[0],1[0],40,0_1
Hybridindex,18.0245[1.05837],18.0528[1.04384],17.997[1.07157],41,0_1
Pref0,0.8865[0.221625],0.88731[0.218419],0.885714[0.22469],41,0_1
Signal0,1[0],1[0],1[0],41,0_1
Hybridindex,18.0745[1.05674],18.0727[1.06473],18.0763[1.04862],42,0_1
Pref0,0.88625[0.229534],0.881972[0.232481],0.890562[0.226443],42,0_1
Signal0,1[0],1[0],1[0],42,0_1
Hybridindex,18.042[1.06018],18.0334[1.06535],18.05[1.05534],43,0_1
Pref0,0.8915[0.219038],0.892075[0.21801],0.89097[0.21998],43,0_1
Signal0,1[0],1[0],1[0],43,0_1
Hybridindex,18.0665[1.08124],18.0225[1.06694],18.1148[1.09467],44,0_1
Pref0,0.88975[0.225211],0.885755[0.228466],0.89413[0.221504],44,0_1
Signal0,1[0],1[0],1[0],44,0_1
Hybridindex,18.1028[1.03589],18.1178[1.01708],18.0879[1.0539],45,0_1
Pref0,0.889[0.222326],0.887714[0.224909],0.890268[0.219742],45,0_1
Signal0,1[0],1[0],1[0],45,0_1
Hybridindex,18.0847[1.03293],18.0756[1.06269],18.0934[1.0039],46,0_1
Pref0,0.8915[0.219608],0.89249[0.216394],0.890564[0.222601],46,0_1
Signal0,1[0],1[0],1[0],46,0_1
Hybridindex,18.122[1.05433],18.1403[1.05777],18.1029[1.05037],47,0_1
Pref0,0.8885[0.224316],0.888074[0.224228],0.888946[0.224408],47,0_1
Signal0,1[0],1[0],1[0],47,0_1
Hybridindex,18.1017[1.03852],18.0966[1.03514],18.1066[1.04166],48,0_1
Pref0,0.8905[0.221381],0.895145[0.219426],0.886143[0.223112],48,0_1
Signal0,1[0],1[0],1[0],48,0_1
Hybridindex,18.1273[1.03183],18.1101[1.02846],18.1449[1.03499],49,0_1
Pref0,0.885[0.223103],0.880553[0.228836],0.889564[0.216967],49,0_1
Signal0,1[0],1[0],1[0],49,0_1
Hybridindex,18.162[1.04451],18.1351[1.03066],18.1891[1.05758],50,0_1
Pref0,0.88975[0.220159],0.885842[0.225889],0.893681[0.214168],50,0_1
Signal0,1[0],1[0],1[0],50,0_1
Hybridindex,18.154[1.03985],18.1302[1.0287],18.1774[1.05015],51,0_1
Pref0,0.89575[0.213909],0.895055[0.217976],0.896432[0.209835],51,0_1
Signal0,1[0],1[0],1[0],51,0_1
Hybridindex,18.1555[1.00303],18.1707[1.01049],18.1395[0.994874],52,0_1
Pref0,0.89525[0.215992],0.900488[0.21493],0.889744[0.216966],52,0_1
Signal0,1[0],1[0],1[0],52,0_1
Hybridindex,18.1605[0.994228],18.1629[0.969227],18.1583[1.0168],53,0_1
Pref0,0.89175[0.217731],0.902706[0.203131],0.881617[0.229949],53,0_1
Signal0,1[0],1[0],1[0],53,0_1
Hybridindex,18.1845[1.01782],18.183[1.02],18.1861[1.01554],54,0_1
Pref0,0.89675[0.214975],0.901174[0.214491],0.892127[0.215383],54,0_1
Signal0,1[0],1[0],1[0],54,0_1
Hybridindex,18.2048[1.01203],18.2[0.997153],18.2097[1.02726],55,0_1
Pref0,0.8885[0.224316],0.89951[0.212247],0.877041[0.235678],55,0_1
Signal0,1[0],1[0],1[0],55,0_1
Hybridindex,18.2188[1.02202],18.1858[1.03779],18.2531[1.0042],56,0_1
Pref0,0.88875[0.219085],0.890686[0.218196],0.886735[0.21999],56,0_1
Signal0,1[0],1[0],1[0],56,0_1
Hybridindex,18.2233[1.00488],18.2149[0.995986],18.2316[1.01356],57,0_1
Pref0,0.8965[0.216882],0.909137[0.205416],0.883964[0.226993],57,0_1
Signal0,1[0],1[0],1[0],57,0_1
Hybridindex,18.2165[0.999439],18.1709[1.01315],18.2597[0.984296],58,0_1
Pref0,0.89275[0.218798],0.883984[0.226323],0.901072[0.21107],58,0_1
Signal0,1[0],1[0],1[0],58,0_1
Hybridindex,18.171[1.02519],18.1503[1.04158],18.1925[1.00736],59,0_1
Pref0,0.89[0.220567],0.883448[0.227041],0.896834[0.213393],59,0_1
Signal0,1[0],1[0],1[0],59,0_1
Hybridindex,18.1472[1.02088],18.1849[1.0172],18.1113[1.02308],60,0_1
Pref0,0.8975[0.214462],0.897541[0.221198],0.897461[0.207838],60,0_1
Signal0,1[0],1[0],1[0],60,0_1
Hybridindex,18.163[1.02356],18.1675[1.00943],18.1581[1.03888],61,0_1
Pref0,0.89775[0.21312],0.88979[0.218471],0.906513[0.206714],61,0_1
Signal0,1[0],1[0],1[0],61,0_1
Hybridindex,18.1603[1.01843],18.1724[1.00536],18.1483[1.03106],62,0_1
Pref0,0.90175[0.207899],0.905025[0.20734],0.898507[0.2084],62,0_1
Signal0,1[0],1[0],1[0],62,0_1
Hybridindex,18.1442[1.00837],18.1733[0.96381],18.1166[1.04826],63,0_1
Pref0,0.90375[0.20943],0.907692[0.203034],0.9[0.215271],63,0_1
Signal0,1[0],1[0],1[0],63,0_1
Hybridindex,18.1552[1.00176],18.173[0.99063],18.1376[1.01239],64,0_1
Pref0,0.90225[0.209332],0.899198[0.211551],0.905284[0.207059],64,0_1
Signal0,1[0],1[0],1[0],64,0_1
Hybridindex,18.1668[1.00664],18.1548[0.994557],18.179[1.01869],65,0_1
Pref0,0.88925[0.217047],0.884768[0.219759],0.893832[0.214142],65,0_1
Signal0,1[0],1[0],1[0],65,0_1
Hybridindex,18.126[1.00729],18.1492[0.995929],18.1024[1.01818],66,0_1
Pref0,0.88775[0.226991],0.889495[0.224665],0.885974[0.229321],66,0_1
Signal0,1[0],1[0],1[0],66,0_1
Hybridindex,18.1305[0.98449],18.1314[0.965964],18.1296[1.00256],67,0_1
Pref0,0.88775[0.225887],0.894183[0.218471],0.881356[0.232849],67,0_1
Signal0,1[0],1[0],1[0],67,0_1
Hybridindex,18.127[1.00766],18.1338[0.994663],18.1207[1.01956],68,0_1
Pref0,0.8875[0.224374],0.889523[0.225418],0.885618[0.223382],68,0_1
Signal0,1[0],1[0],1[0],68,0_1
Hybridindex,18.1545[0.972178],18.127[0.97791],18.18[0.966147],69,0_1
Pref0,0.891[0.223314],0.8923[0.227192],0.889798[0.219659],69,0_1
Signal0,1[0],1[0],1[0],69,0_1
Hybridindex,18.1917[0.975888],18.1993[0.955331],18.1846[0.994845],70,0_1
Pref0,0.893[0.216335],0.886715[0.223581],0.898931[0.209095],70,0_1
Signal0,1[0],1[0],1[0],70,0_1
Hybridindex,18.1973[0.970808],18.1864[0.961438],18.2081[0.980023],71,0_1
Pref0,0.8885[0.219813],0.88335[0.22182],0.893681[0.217652],71,0_1
Signal0,1[0],1[0],1[0],71,0_1
Hybridindex,18.175[1.01224],18.1523[1.03487],18.1977[0.988525],72,0_1
Pref0,0.88975[0.218449],0.887113[0.219535],0.892392[0.217323],72,0_1
Signal0,1[0],1[0],1[0],72,0_1
Hybridindex,18.1618[0.986768],18.1498[0.949319],18.1739[1.02306],73,0_1
Pref0,0.88275[0.228861],0.879602[0.231654],0.88593[0.225961],73,0_1
Signal0,1[0],1[0],1[0],73,0_1
Hybridindex,18.1755[0.978366],18.2061[0.97268],18.1443[0.98314],74,0_1
Pref0,0.89225[0.225311],0.888503[0.228553],0.896065[0.221896],74,0_1
Signal0,1[0],1[0],1[0],74,0_1
Hybridindex,18.183[0.974942],18.1691[1.00251],18.1972[0.945722],75,0_1
Pref0,0.8965[0.218032],0.894164[0.220546],0.898888[0.215405],75,0_1
Signal0,1[0],1[0],1[0],75,0_1
Hybridindex,18.2175[0.97606],18.2151[0.988293],18.2201[0.963078],76,0_1
Pref0,0.898[0.213532],0.898827[0.208046],0.897134[0.219126],76,0_1
Signal0,1[0],1[0],1[0],76,0_1
Hybridindex,18.214[0.960575],18.1962[0.923624],18.2307[0.993566],77,0_1
Pref0,0.89625[0.211804],0.901656[0.205154],0.891199[0.217712],77,0_1
Signal0,1[0],1[0],1[0],77,0_1
Hybridindex,18.2222[0.969268],18.2203[0.958047],18.2243[0.980944],78,0_1
Pref0,0.89275[0.219368],0.899123[0.210145],0.886037[0.22849],78,0_1
Signal0,1[0],1[0],1[0],78,0_1
Hybridindex,18.24[0.964184],18.2629[0.957224],18.2158[0.97089],79,0_1
Pref0,0.9[0.21095],0.900682[0.207853],0.899281[0.214168],79,0_1
Signal0,1[0],1[0],1[0],79,0_1
Hybridindex,18.24[1.0073],18.2402[1.01488],18.2398[0.999375],80,0_1
Pref0,0.89875[0.214764],0.896857[0.217527],0.900713[0.211843],80,0_1
Signal0,1[0],1[0],1[0],80,0_1
Hybridindex,18.2682[0.964711],18.246[0.982962],18.2902[0.945894],81,0_1
Pref0,0.904[0.208048],0.903226[0.208706],0.904762[0.207396],81,0_1
Signal0,1[0],1[0],1[0],81,0_1
Hybridindex,18.2475[0.961766],18.253[0.941017],18.2421[0.981491],82,0_1
Pref0,0.909[0.204252],0.913286[0.202259],0.904832[0.206087],82,0_1
Signal0,1[0],1[0],1[0],82,0_1
Hybridindex,18.2245[0.976268],18.2053[0.997619],18.2435[0.954236],83,0_1
Pref0,0.90825[0.202378],0.907631[0.201655],0.908865[0.203091],83,0_1
Signal0,1[0],1[0],1[0],83,0_1
Hybridindex,18.2265[0.953519],18.2335[0.965871],18.2194[0.940618],84,0_1
Pref0,0.912[0.196229],0.909181[0.200307],0.914894[0.191911],84,0_1
Signal0,1[0],1[0],1[0],84,0_1
Hybridindex,18.2035[1.00876],18.1905[0.991973],18.2174[1.02623],85,0_1
Pref0,0.90975[0.203052],0.913443[0.201549],0.905797[0.204574],85,0_1
Signal0,1[0],1[0],1[0],85,0_1
Hybridindex,18.2025[0.988936],18.1983[1.00493],18.2066[0.973277],86,0_1
Pref0,0.90875[0.197607],0.899083[0.209385],0.918057[0.185086],86,0_1
Signal0,1[0],1[0],1[0],86,0_1
Hybridindex,18.2495[1.00449],18.2566[1.01868],18.2426[0.990334],87,0_1
Pref0,0.89425[0.217812],0.892929[0.220538],0.895545[0.215098],87,0_1
Signal0,1[0],1[0],1[0],87,0_1
Hybridindex,18.2417[0.993948],18.2772[0.986115],18.2074[1.00029],88,0_1
Pref0,0.8935[0.215425],0.888325[0.221246],0.898522[0.209498],88,0_1
Signal0,1[0],1[0],1[0],88,0_1
Hybridindex,18.2712[0.967367],18.2594[0.968788],18.2829[0.965833],89,0_1
Pref0,0.8925[0.218961],0.893832[0.217655],0.891197[0.220223],89,0_1
Signal0,1[0],1[0],1[0],89,0_1
Hybridindex,18.2873[0.979853],18.2774[0.956577],18.2971[1.00258],90,0_1
Pref0,0.88875[0.221356],0.881737[0.22391],0.895792[0.218536],90,0_1
Signal0,1[0],1[0],1[0],90,0_1
Hybridindex,18.276[0.942509],18.275[0.948263],18.2771[0.936696],91,0_1
Pref0,0.89575[0.213909],0.899202[0.211494],0.892285[0.21625],91,0_1
Signal0,1[0],1[0],1[0],91,0_1
Hybridindex,18.274[0.956124],18.3079[0.932821],18.2425[0.976214],92,0_1
Pref0,0.8955[0.212908],0.895119[0.21474],0.895853[0.211192],92,0_1
Signal0,1[0],1[0],1[0],92,0_1
Hybridindex,18.2835[0.937751],18.2852[0.962604],18.2816[0.910283],93,0_1
Pref0,0.89425[0.219527],0.896718[0.218473],0.891598[0.220622],93,0_1
Signal0,1[0],1[0],1[0],93,0_1
Hybridindex,18.2718[0.955786],18.2794[0.95802],18.2638[0.953381],94,0_1
Pref0,0.88425[0.228532],0.885029[0.227169],0.883436[0.229945],94,0_1
Signal0,1[0],1[0],1[0],94,0_1
Hybridindex,18.2638[0.969181],18.2417[0.947483],18.2867[0.990736],95,0_1
Pref0,0.88275[0.229407],0.883824[0.227913],0.881633[0.230946],95,0_1
Signal0,1[0],1[0],1[0],95,0_1
Hybridindex,18.253[0.975188],18.2257[0.997566],18.2785[0.953099],96,0_1
Pref0,0.8815[0.225738],0.885611[0.218479],0.87766[0.23225],96,0_1
Signal0,1[0],1[0],1[0],96,0_1
Hybridindex,18.2413[0.962898],18.2229[0.953702],18.2585[0.971147],97,0_1
Pref0,0.8865[0.224428],0.888029[0.225104],0.885063[0.22378],97,0_1
Signal0,1[0],1[0],1[0],97,0_1
Hybridindex,18.257[0.964728],18.2419[0.981503],18.2717[0.947969],98,0_1
Pref0,0.88425[0.223555],0.884654[0.221227],0.883858[0.225787],98,0_1
Signal0,1[0],1[0],1[0],98,0_1
Hybridindex,18.255[0.959414],18.2414[0.945769],18.2698[0.973821],99,0_1
Pref0,0.8815[0.227942],0.888196[0.21845],0.874217[0.237623],99,0_1
Signal0,1[0],1[0],1[0],99,0_1
Hybridindex,18.237[0.974721],18.1944[0.995199],18.279[0.952229],100,0_1
Pref0,0.8955[0.218128],0.893756[0.221096],0.897219[0.215147],100,0_1
Signal0,1[0],1[0],1[0],100,0_1
Hybridindex,12.45[8.14233],12.7141[8.06077],12.2017[8.2105],1,0_10
Pref0,0.6225[0.407116],0.635707[0.403039],0.610087[0.410525],1,0_10
Signal0,0.6225[0.407116],0.635707[0.403039],0.610087[0.410525],1,0_10
Hybridindex,15.0973[5.96347],14.9592[6.05204],15.2367[5.86935],2,0_10
Pref0,0.75125[0.33166],0.742786[0.337182],0.759799[0.325765],2,0_10
Signal0,0.7545[0.329742],0.745771[0.335012],0.763317[0.324093],2,0_10
Hybridindex,16.8975[3.64452],16.8836[3.62106],16.9114[3.66781],3,0_10
Pref0,0.84475[0.264618],0.843656[0.263084],0.845846[0.266141],3,0_10
Signal0,0.87075[0.237001],0.872627[0.234425],0.868869[0.23954],3,0_10
Hybridindex,17.5225[2.44418],17.3856[2.53058],17.6658[2.34174],4,0_10
Pref0,0.867[0.243025],0.863636[0.248608],0.870522[0.236987],4,0_10
Signal0,0.93175[0.176683],0.927175[0.181835],0.93654[0.170991],4,0_10
Hybridindex,17.7045[1.86345],17.7704[1.79399],17.6345[1.93201],5,0_10
Pref0,0.878[0.229926],0.880097[0.227784],0.875773[0.232159],5,0_10
Signal0,0.966[0.127844],0.96699[0.128008],0.964948[0.12766],5,0_10
Hybridindex,17.781[1.5488],17.7646[1.54075],17.797[1.55649],6,0_10
Pref0,0.88925[0.22552],0.885859[0.230507],0.892574[0.220473],6,0_10
Signal0,0.984[0.088],0.987374[0.0784456],0.980693[0.0963364],6,0_10
Hybridindex,17.7967[1.39071],17.7357[1.38807],17.853[1.39076],7,0_10
Pref0,0.89625[0.222173],0.895203[0.224231],0.897214[0.220256],7,0_10
Signal0,0.98775[0.0772977],0.98853[0.074857],0.987032[0.0794731],7,0_10
Hybridindex,17.8[1.33276],17.8415[1.31129],17.7571[1.35324],8,0_10
Pref0,0.8915[0.219038],0.893701[0.216267],0.889228[0.221841],8,0_10
Signal0,0.99275[0.0597699],0.99311[0.0582873],0.992378[0.0612608],8,0_10
Hybridindex,17.8465[1.32644],17.8224[1.3315],17.8687[1.32136],9,0_10
Pref0,0.8855[0.226693],0.876042[0.236619],0.894231[0.216762],9,0_10
Signal0,0.9965[0.0416863],0.995313[0.0481848],0.997596[0.0345853],9,0_10
Hybridindex,17.8622[1.28905],17.8357[1.30751],17.8892[1.26949],10,0_10
Pref0,0.88825[0.223354],0.895233[0.210681],0.881168[0.235299],10,0_10
Signal0,0.9995[0.0158035],0.999503[0.0157485],0.999496[0.015859],10,0_10
Hybridindex,17.8427[1.25922],17.8685[1.25298],17.8182[1.26467],11,0_10
Pref0,0.88825[0.220538],0.886387[0.216724],0.890029[0.224105],11,0_10
Signal0,1[0],1[0],1[0],11,0_10
Hybridindex,17.9[1.25439],17.8616[1.29053],17.9368[1.2176],12,0_10
Pref0,0.893[0.216335],0.886619[0.218909],0.899119[0.21366],12,0_10
Signal0,1[0],1[0],1[0],12,0_10
Hybridindex,17.8695[1.22738],17.8635[1.23938],17.8759[1.2144],13,0_10
Pref0,0.89075[0.214335],0.888674[0.216004],0.892968[0.212515],13,0_10
Signal0,1[0],1[0],1[0],13,0_10
Hybridindex,17.897[1.22745],17.8828[1.21426],17.9117[1.24073],14,0_10
Pref0,0.89[0.22],0.893103[0.217808],0.886802[0.222191],14,0_10
Signal0,1[0],1[0],1[0],14,0_10
Hybridindex,17.9093[1.21774],17.9281[1.19317],17.8907[1.24126],15,0_10
Pref0,0.88575[0.221522],0.886318[0.220101],0.885189[0.222915],15,0_10
Signal0,1[0],1[0],1[0],15,0_10
Hybridindex,17.9208[1.17509],17.8774[1.2138],17.963[1.13452],16,0_10
Pref0,0.881[0.227682],0.882979[0.224475],0.879072[0.230747],16,0_10
Signal0,1[0],1[0],1[0],16,0_10
Hybridindex,17.975[1.17532],18.0107[1.17468],17.9409[1.17491],17,0_10
Pref0,0.876[0.234252],0.879222[0.23455],0.872923[0.233926],17,0_10
Signal0,1[0],1[0],1[0],17,0_10
Hybridindex,17.9955[1.15487],18.0327[1.12748],17.9576[1.18096],18,0_10
Pref0,0.87725[0.231425],0.880198[0.231234],0.874242[0.23158],18,0_10
Signal0,1[0],1[0],1[0],18,0_10
Hybridindex,18.0068[1.14982],17.9964[1.15687],18.0167[1.14293],19,0_10
Pref0,0.87425[0.235185],0.881512[0.225439],0.867287[0.243962],19,0_10
Signal0,1[0],1[0],1[0],19,0_10
Hybridindex,17.9872[1.15811],17.9939[1.14753],17.9807[1.16837],20,0_10
Pref0,0.8725[0.23504],0.878406[0.22484],0.8667[0.244506],20,0_10
Signal0,1[0],1[0],1[0],20,0_10
Hybridindex,17.9875[1.1345],17.9741[1.16101],18.001[1.10698],21,0_10
Pref0,0.87425[0.230352],0.872012[0.232567],0.876506[0.228075],21,0_10
Signal0,1[0],1[0],1[0],21,0_10
Hybridindex,18.0285[1.11577],18.0368[1.10337],18.0196[1.12879],22,0_10
Pref0,0.8675[0.239674],0.869797[0.238456],0.865047[0.240945],22,0_10
Signal0,1[0],1[0],1[0],22,0_10
Hybridindex,18.0305[1.13581],18.0145[1.14907],18.0475[1.12129],23,0_10
Pref0,0.87[0.241039],0.880698[0.232696],0.858617[0.249107],23,0_10
Signal0,1[0],1[0],1[0],23,0_10
Hybridindex,18.0033[1.12132],17.9941[1.13688],18.0127[1.10492],24,0_10
Pref0,0.8755[0.23184],0.87414[0.237551],0.876907[0.225771],24,0_10
Signal0,1[0],1[0],1[0],24,0_10
Hybridindex,18.0053[1.11292],17.9755[1.13474],18.0362[1.08889],25,0_10
Pref0,0.8755[0.235053],0.870588[0.240338],0.880612[0.22931],25,0_10
Signal0,1[0],1[0],1[0],25,0_10
Hybridindex,17.982[1.09951],17.9956[1.08728],17.9681[1.11178],26,0_10
Pref0,0.8725[0.234507],0.86785[0.235616],0.877282[0.233266],26,0_10
Signal0,1[0],1[0],1[0],26,0_10
Hybridindex,17.9823[1.10987],17.9679[1.13055],17.997[1.08812],27,0_10
Pref0,0.86675[0.24108],0.867953[0.238736],0.865521[0.243446],27,0_10
Signal0,1[0],1[0],1[0],27,0_10
Hybridindex,17.9992[1.10764],18.004[1.11492],17.9944[1.10015],28,0_10
Pref0,0.87525[0.236775],0.871287[0.241217],0.879293[0.232087],28,0_10
Signal0,1[0],1[0],1[0],28,0_10
Hybridindex,17.985[1.12684],17.9671[1.12205],18.0036[1.1315],29,0_10
Pref0,0.87275[0.239651],0.868369[0.242493],0.877291[0.236582],29,0_10
Signal0,1[0],1[0],1[0],29,0_10
Hybridindex,17.973[1.11098],17.9653[1.08935],17.9806[1.13189],30,0_10
Pref0,0.868[0.24047],0.865694[0.244291],0.870278[0.236612],30,0_10
Signal0,1[0],1[0],1[0],30,0_10
Hybridindex,17.9417[1.13434],17.8796[1.15497],18.0056[1.10915],31,0_10
Pref0,0.86925[0.232442],0.869694[0.231523],0.868794[0.233382],31,0_10
Signal0,1[0],1[0],1[0],31,0_10
Hybridindex,17.9698[1.1035],17.9756[1.10126],17.9636[1.10581],32,0_10
Pref0,0.8685[0.233362],0.874512[0.225617],0.862193[0.241059],32,0_10
Signal0,1[0],1[0],1[0],32,0_10
Hybridindex,17.9567[1.10996],17.9148[1.07349],18.0005[1.14511],33,0_10
Pref0,0.86925[0.235116],0.865818[0.238583],0.872829[0.231391],33,0_10
Signal0,1[0],1[0],1[0],33,0_10
Hybridindex,17.923[1.10513],17.9328[1.10243],17.913[1.10781],34,0_10
Pref0,0.875[0.237434],0.884387[0.226621],0.865385[0.247653],34,0_10
Signal0,1[0],1[0],1[0],34,0_10
Hybridindex,17.9438[1.08775],17.9913[1.07807],17.8927[1.09575],35,0_10
Pref0,0.87075[0.239624],0.87343[0.234509],0.867876[0.244958],35,0_10
Signal0,1[0],1[0],1[0],35,0_10
Hybridindex,17.909[1.08707],17.9072[1.13034],17.9108[1.04079],36,0_10
Pref0,0.8695[0.241288],0.880553[0.234167],0.858156[0.247872],36,0_10
Signal0,1[0],1[0],1[0],36,0_10
Hybridindex,17.906[1.08186],17.8927[1.11491],17.9191[1.04808],37,0_10
Pref0,0.87225[0.236759],0.884189[0.224801],0.860477[0.247424],37,0_10
Signal0,1[0],1[0],1[0],37,0_10
Hybridindex,17.8712[1.09524],17.8733[1.0927],17.8691[1.09791],38,0_10
Pref0,0.8705[0.236071],0.863548[0.242624],0.877823[0.228739],38,0_10
Signal0,1[0],1[0],1[0],38,0_10
Hybridindex,17.9093[1.05268],17.8852[1.02461],17.9324[1.07846],39,0_10
Pref0,0.86825[0.238782],0.860204[0.244006],0.87598[0.233393],39,0_10
Signal0,1[0],1[0],1[0],39,0_10
Hybridindex,17.93[1.06271],17.9154[1.05579],17.9444[1.06929],40,0_10
Pref0,0.8685[0.235495],0.866062[0.237871],0.870904[0.233103],40,0_10
Signal0,1[0],1[0],1[0],40,0_10
Hybridindex,17.9225[1.05214],17.9245[1.07076],17.9205[1.03366],41,0_10
Pref0,0.86975[0.231106],0.868794[0.236615],0.870681[0.225605],41,0_10
Signal0,1[0],1[0],1[0],41,0_10
Hybridindex,17.9097[1.08339],17.8959[1.13083],17.9232[1.0351],42,0_10
Pref0,0.86125[0.24571],0.85533[0.246054],0.866995[0.245239],42,0_10
Signal0,1[0],1[0],1[0],42,0_10
Hybridindex,17.9625[1.08862],17.9433[1.12779],17.9819[1.04721],43,0_10
Pref0,0.85125[0.257873],0.849254[0.257063],0.853266[0.258672],43,0_10
Signal0,1[0],1[0],1[0],43,0_10
Hybridindex,17.9438[1.07748],17.9385[1.08296],17.9488[1.07212],44,0_10
Pref0,0.851[0.251096],0.859756[0.244131],0.84252[0.257378],44,0_10
Signal0,1[0],1[0],1[0],44,0_10
Hybridindex,17.9375[1.0647],17.92[1.04735],17.9546[1.08107],45,0_10
Pref0,0.8525[0.25297],0.870821[0.241952],0.83465[0.262033],45,0_10
Signal0,1[0],1[0],1[0],45,0_10
Hybridindex,17.9608[1.09263],17.9612[1.10888],17.9603[1.07678],46,0_10
Pref0,0.841[0.261666],0.851531[0.25081],0.830882[0.271303],46,0_10
Signal0,1[0],1[0],1[0],46,0_10
Hybridindex,17.9617[1.05305],17.9229[1.07146],18.002[1.03207],47,0_10
Pref0,0.8395[0.25591],0.837917[0.258939],0.841141[0.25272],47,0_10
Signal0,1[0],1[0],1[0],47,0_10
Hybridindex,17.9632[1.05713],17.9683[1.03266],17.9581[1.08145],48,0_10
Pref0,0.8375[0.260948],0.834985[0.26578],0.840061[0.255908],48,0_10
Signal0,1[0],1[0],1[0],48,0_10
Hybridindex,17.9718[1.0371],17.9643[1.06421],17.9798[1.00715],49,0_10
Pref0,0.83225[0.265019],0.833333[0.263752],0.831088[0.266366],49,0_10
Signal0,1[0],1[0],1[0],49,0_10
Hybridindex,17.9675[1.06075],17.9865[1.04371],17.9469[1.0785],50,0_10
Pref0,0.839[0.258029],0.840712[0.257492],0.837149[0.258596],50,0_10
Signal0,1[0],1[0],1[0],50,0_10
Hybridindex,17.9415[1.06081],17.953[1.05767],17.9299[1.06383],51,0_10
Pref0,0.83375[0.259299],0.832667[0.262017],0.834835[0.256542],51,0_10
Signal0,1[0],1[0],1[0],51,0_10
Hybridindex,17.934[1.03315],17.9042[1.04806],17.9645[1.01671],52,0_10
Pref0,0.8415[0.264344],0.845015[0.262247],0.837893[0.266431],52,0_10
Signal0,1[0],1[0],1[0],52,0_10
Hybridindex,17.904[1.05985],17.905[1.04386],17.903[1.07643],53,0_10
Pref0,0.84125[0.262056],0.840156[0.265431],0.842402[0.258448],53,0_10
Signal0,1[0],1[0],1[0],53,0_10
Hybridindex,17.9292[1.04469],17.9476[1.01141],17.9119[1.07498],54,0_10
Pref0,0.8395[0.260748],0.844296[0.253771],0.834956[0.267112],54,0_10
Signal0,1[0],1[0],1[0],54,0_10
Hybridindex,17.9492[1.04561],17.9675[1.02705],17.9316[1.06298],55,0_10
Pref0,0.8375[0.260468],0.841463[0.25853],0.833661[0.262275],55,0_10
Signal0,1[0],1[0],1[0],55,0_10
Hybridindex,17.975[1.02962],18.0135[1.00406],17.9394[1.05146],56,0_10
Pref0,0.848[0.258643],0.846514[0.262286],0.849374[0.255219],56,0_10
Signal0,1[0],1[0],1[0],56,0_10
Hybridindex,17.9833[1.05004],17.9808[1.07016],17.9857[1.02999],57,0_10
Pref0,0.84525[0.259186],0.845804[0.256828],0.844708[0.261471],57,0_10
Signal0,1[0],1[0],1[0],57,0_10
Hybridindex,17.9567[1.03779],17.9182[1.02616],17.9941[1.04757],58,0_10
Pref0,0.8485[0.256511],0.852134[0.2555],0.84498[0.257437],58,0_10
Signal0,1[0],1[0],1[0],58,0_10
Hybridindex,17.9428[1.05563],17.9323[1.06788],17.953[1.04337],59,0_10
Pref0,0.844[0.25916],0.840404[0.260698],0.847525[0.257595],59,0_10
Signal0,1[0],1[0],1[0],59,0_10
Hybridindex,17.9447[1.06469],17.9377[1.0806],17.9518[1.04837],60,0_10
Pref0,0.84325[0.258949],0.842131[0.249956],0.844378[0.267704],60,0_10
Signal0,1[0],1[0],1[0],60,0_10
Hybridindex,17.9438[1.06229],17.9653[1.03328],17.923[1.08903],61,0_10
Pref0,0.83775[0.260864],0.838776[0.259565],0.836765[0.262102],61,0_10
Signal0,1[0],1[0],1[0],61,0_10
Hybridindex,17.9337[1.0457],17.9646[1.04368],17.901[1.04684],62,0_10
Pref0,0.844[0.25916],0.844175[0.26114],0.843814[0.257041],62,0_10
Signal0,1[0],1[0],1[0],62,0_10
Hybridindex,17.952[1.02186],17.9478[0.987261],17.9562[1.05504],63,0_10
Pref0,0.84275[0.259128],0.853414[0.257612],0.832171[0.260192],63,0_10
Signal0,1[0],1[0],1[0],63,0_10
Hybridindex,17.9067[1.04232],17.8756[1.04815],17.9362[1.0359],64,0_10
Pref0,0.84775[0.254352],0.858171[0.250236],0.837877[0.257802],64,0_10
Signal0,1[0],1[0],1[0],64,0_10
Hybridindex,17.8893[1.08333],17.8797[1.11154],17.8987[1.0547],65,0_10
Pref0,0.857[0.2511],0.860524[0.251746],0.853525[0.250412],65,0_10
Signal0,1[0],1[0],1[0],65,0_10
Hybridindex,17.8648[1.07055],17.9326[1.04647],17.7947[1.09044],66,0_10
Pref0,0.85675[0.24618],0.856299[0.246071],0.857215[0.246291],66,0_10
Signal0,1[0],1[0],1[0],66,0_10
Hybridindex,17.8553[1.07083],17.8438[1.06266],17.8664[1.07859],67,0_10
Pref0,0.848[0.256215],0.846349[0.255709],0.849606[0.256695],67,0_10
Signal0,1[0],1[0],1[0],67,0_10
Hybridindex,17.8472[1.09146],17.8681[1.07513],17.8255[1.10779],68,0_10
Pref0,0.84975[0.252586],0.853922[0.249969],0.845408[0.25521],68,0_10
Signal0,1[0],1[0],1[0],68,0_10
Hybridindex,17.8607[1.05782],17.8424[1.08757],17.8794[1.02631],69,0_10
Pref0,0.843[0.262871],0.837958[0.268528],0.848133[0.256881],69,0_10
Signal0,1[0],1[0],1[0],69,0_10
Hybridindex,17.8453[1.05329],17.874[1.07561],17.8172[1.03026],70,0_10
Pref0,0.8395[0.259306],0.836032[0.263189],0.842885[0.255413],70,0_10
Signal0,1[0],1[0],1[0],70,0_10
Hybridindex,17.8573[1.06536],17.8403[1.05579],17.8746[1.07478],71,0_10
Pref0,0.8435[0.256433],0.83729[0.264975],0.849848[0.247234],71,0_10
Signal0,1[0],1[0],1[0],71,0_10
Hybridindex,17.8215[1.06929],17.7789[1.09709],17.8645[1.03876],72,0_10
Pref0,0.84775[0.25631],0.849104[0.255203],0.846386[0.257414],72,0_10
Signal0,1[0],1[0],1[0],72,0_10
Hybridindex,17.819[1.07401],17.783[1.08917],17.8557[1.05708],73,0_10
Pref0,0.8495[0.253179],0.849356[0.251067],0.849647[0.255312],73,0_10
Signal0,1[0],1[0],1[0],73,0_10
Hybridindex,17.8367[1.06945],17.8659[1.05705],17.8052[1.08185],74,0_10
Pref0,0.8505[0.254263],0.850481[0.252868],0.850521[0.255766],74,0_10
Signal0,1[0],1[0],1[0],74,0_10
Hybridindex,17.8407[1.04248],17.8226[1.02484],17.8592[1.05982],75,0_10
Pref0,0.85625[0.243333],0.856293[0.241121],0.856206[0.245565],75,0_10
Signal0,1[0],1[0],1[0],75,0_10
Hybridindex,17.8305[1.06666],17.8599[1.05306],17.8001[1.07972],76,0_10
Pref0,0.85[0.255441],0.849066[0.256827],0.850966[0.253995],76,0_10
Signal0,1[0],1[0],1[0],76,0_10
Hybridindex,17.8685[1.05674],17.8265[1.1001],17.9088[1.01171],77,0_10
Pref0,0.8585[0.247947],0.855612[0.249119],0.861275[0.246784],77,0_10
Signal0,1[0],1[0],1[0],77,0_10
Hybridindex,17.8595[1.04499],17.8574[1.03975],17.8616[1.05016],78,0_10
Pref0,0.85575[0.251629],0.851406[0.252514],0.86006[0.250673],78,0_10
Signal0,1[0],1[0],1[0],78,0_10
Hybridindex,17.894[1.06337],17.9131[1.05649],17.8755[1.06967],79,0_10
Pref0,0.85425[0.247249],0.856199[0.245699],0.852362[0.248726],79,0_10
Signal0,1[0],1[0],1[0],79,0_10
Hybridindex,17.898[1.07499],17.9014[1.0598],17.8944[1.09084],80,0_10
Pref0,0.85225[0.24959],0.844995[0.25331],0.859938[0.245351],80,0_10
Signal0,1[0],1[0],1[0],80,0_10
Hybridindex,17.9032[1.01858],17.8851[1.01912],17.9205[1.01778],81,0_10
Pref0,0.85325[0.247668],0.850769[0.24711],0.85561[0.248174],81,0_10
Signal0,1[0],1[0],1[0],81,0_10
Hybridindex,17.885[1.05156],17.8621[1.04607],17.9081[1.05656],82,0_10
Pref0,0.85775[0.244213],0.865538[0.243128],0.8499[0.245051],82,0_10
Signal0,1[0],1[0],1[0],82,0_10
Hybridindex,17.9032[1.08109],17.8682[1.05875],17.9379[1.10163],83,0_10
Pref0,0.85325[0.247163],0.856137[0.247579],0.850398[0.246718],83,0_10
Signal0,1[0],1[0],1[0],83,0_10
Hybridindex,17.9228[1.07513],17.9184[1.08537],17.927[1.06518],84,0_10
Pref0,0.8505[0.253771],0.845408[0.254208],0.855392[0.253254],84,0_10
Signal0,1[0],1[0],1[0],84,0_10
Hybridindex,17.908[1.04465],17.9183[1.0182],17.898[1.0696],85,0_10
Pref0,0.853[0.244726],0.854315[0.243378],0.851724[0.246022],85,0_10
Signal0,1[0],1[0],1[0],85,0_10
Hybridindex,17.8885[1.04765],17.8756[1.05791],17.9027[1.03602],86,0_10
Pref0,0.85375[0.245939],0.856053[0.246547],0.851209[0.245241],86,0_10
Signal0,1[0],1[0],1[0],86,0_10
Hybridindex,17.9217[1.04091],17.9103[1.0695],17.9334[1.01084],87,0_10
Pref0,0.8605[0.24503],0.863231[0.236898],0.857719[0.253011],87,0_10
Signal0,1[0],1[0],1[0],87,0_10
Hybridindex,17.8768[1.05519],17.8704[1.05162],17.8828[1.05856],88,0_10
Pref0,0.86475[0.241003],0.876537[0.229425],0.853516[0.251028],88,0_10
Signal0,1[0],1[0],1[0],88,0_10
Hybridindex,17.8543[1.08588],17.8648[1.12593],17.8432[1.04235],89,0_10
Pref0,0.863[0.24286],0.856513[0.246879],0.869765[0.238409],89,0_10
Signal0,1[0],1[0],1[0],89,0_10
Hybridindex,17.847[1.08724],17.8598[1.08875],17.833[1.08542],90,0_10
Pref0,0.87275[0.233308],0.87799[0.22982],0.867016[0.236933],90,0_10
Signal0,1[0],1[0],1[0],90,0_10
Hybridindex,17.8158[1.14299],17.8034[1.09402],17.8282[1.19],91,0_10
Pref0,0.881[0.230952],0.877745[0.236984],0.884269[0.224686],91,0_10
Signal0,1[0],1[0],1[0],91,0_10
Hybridindex,17.8235[1.08471],17.8688[1.07677],17.7786[1.09066],92,0_10
Pref0,0.883[0.22707],0.876382[0.232519],0.889552[0.221349],92,0_10
Signal0,1[0],1[0],1[0],92,0_10
Hybridindex,17.8337[1.0805],17.8428[1.06479],17.8252[1.09502],93,0_10
Pref0,0.869[0.241535],0.865979[0.239366],0.871845[0.243525],93,0_10
Signal0,1[0],1[0],1[0],93,0_10
Hybridindex,17.8758[1.06181],17.8995[1.02304],17.8518[1.09906],94,0_10
Pref0,0.87425[0.234653],0.876617[0.237526],0.871859[0.23169],94,0_10
Signal0,1[0],1[0],1[0],94,0_10
Hybridindex,17.846[1.0615],17.8194[1.0546],17.8722[1.06759],95,0_10
Pref0,0.877[0.237426],0.873865[0.241366],0.880079[0.23345],95,0_10
Signal0,1[0],1[0],1[0],95,0_10
Hybridindex,17.887[1.03778],17.924[1.01199],17.8509[1.06106],96,0_10
Pref0,0.87375[0.236508],0.866261[0.242092],0.881046[0.230704],96,0_10
Signal0,1[0],1[0],1[0],96,0_10
Hybridindex,17.8663[1.05356],17.8819[1.05779],17.8501[1.04893],97,0_10
Pref0,0.873[0.233176],0.871063[0.236046],0.875[0.230158],97,0_10
Signal0,1[0],1[0],1[0],97,0_10
Hybridindex,17.8395[1.07691],17.8263[1.09539],17.8532[1.05732],98,0_10
Pref0,0.8725[0.233974],0.875492[0.231606],0.869411[0.236354],98,0_10
Signal0,1[0],1[0],1[0],98,0_10
Hybridindex,17.8077[1.07781],17.7927[1.0893],17.8221[1.06652],99,0_10
Pref0,0.858[0.24359],0.855169[0.248344],0.860704[0.238929],99,0_10
Signal0,1[0],1[0],1[0],99,0_10
Hybridindex,17.8362[1.07497],17.8565[1.05234],17.8148[1.09813],100,0_10
Pref0,0.85[0.244438],0.847721[0.242426],0.852425[0.246538],100,0_10
Signal0,1[0],1[0],1[0],100,0_10
Hybridindex,12.48[8.17616],12.2244[8.24789],12.7487[8.09137],1,0_100
Pref0,0.624[0.408808],0.61122[0.412395],0.637436[0.404568],1,0_100
Signal0,0.624[0.408808],0.61122[0.412395],0.637436[0.404568],1,0_100
Hybridindex,15.2148[6.1368],14.9516[6.14578],15.4732[6.11695],2,0_100
Pref0,0.764[0.333997],0.751766[0.334577],0.776016[0.332989],2,0_100
Signal0,0.76575[0.332794],0.752775[0.333059],0.778494[0.332041],2,0_100
Hybridindex,16.9617[3.85398],17.0602[3.76292],16.8605[3.94287],3,0_100
Pref0,0.8575[0.253365],0.864398[0.245481],0.850406[0.261034],3,0_100
Signal0,0.88425[0.230167],0.886588[0.224174],0.881846[0.236148],3,0_100
Hybridindex,17.4458[2.69039],17.4879[2.68746],17.404[2.69263],4,0_100
Pref0,0.883[0.225413],0.890452[0.216318],0.875622[0.233836],4,0_100
Signal0,0.933[0.176808],0.930653[0.178534],0.935323[0.175051],4,0_100
Hybridindex,17.6965[2.01063],17.717[2.00863],17.6772[2.01232],5,0_100
Pref0,0.891[0.222191],0.898969[0.214426],0.883495[0.229011],5,0_100
Signal0,0.97175[0.115442],0.970103[0.118552],0.973301[0.112413],5,0_100
Hybridindex,17.729[1.68042],17.759[1.65127],17.7004[1.7073],6,0_100
Pref0,0.898[0.214117],0.900205[0.213467],0.895894[0.214715],6,0_100
Signal0,0.98625[0.0817676],0.983112[0.0903272],0.989247[0.0725308],6,0_100
Hybridindex,17.746[1.49398],17.7818[1.48614],17.7098[1.50101],7,0_100
Pref0,0.8915[0.219038],0.888171[0.223316],0.894869[0.21457],7,0_100
Signal0,0.993[0.0587452],0.991551[0.0644458],0.994467[0.0523066],7,0_100
Hybridindex,17.7245[1.43887],17.7054[1.45748],17.7444[1.41897],8,0_100
Pref0,0.891[0.215335],0.897549[0.211307],0.884184[0.21924],8,0_100
Signal0,0.9965[0.0416863],0.996078[0.0441068],0.996939[0.0390031],8,0_100
Hybridindex,17.694[1.36798],17.6766[1.37399],17.7124[1.36135],9,0_100
Pref0,0.88325[0.231289],0.872568[0.238156],0.894547[0.223241],9,0_100
Signal0,0.99975[0.0111775],0.999514[0.015587],1[0],9,0_100
Hybridindex,17.7105[1.29294],17.6976[1.26499],17.7225[1.31829],10,0_100
Pref0,0.883[0.22762],0.880187[0.233171],0.885618[0.222299],10,0_100
Signal0,1[0],1[0],1[0],10,0_100
Hybridindex,17.7467[1.29209],17.7515[1.30524],17.742[1.27862],11,0_100
Pref0,0.87875[0.231135],0.872763[0.239519],0.884809[0.222164],11,0_100
Signal0,1[0],1[0],1[0],11,0_100
Hybridindex,17.6833[1.29192],17.6702[1.31581],17.6961[1.26778],12,0_100
Pref0,0.8785[0.228556],0.880665[0.227975],0.876365[0.229107],12,0_100
Signal0,1[0],1[0],1[0],12,0_100
Hybridindex,17.7155[1.2827],17.6949[1.27153],17.7362[1.2935],13,0_100
Pref0,0.87825[0.229787],0.876869[0.231048],0.879639[0.228502],13,0_100
Signal0,1[0],1[0],1[0],13,0_100
Hybridindex,17.7318[1.27629],17.7308[1.25221],17.7327[1.30078],14,0_100
Pref0,0.86775[0.24163],0.862475[0.243272],0.873218[0.239793],14,0_100
Signal0,1[0],1[0],1[0],14,0_100
Hybridindex,17.7527[1.24157],17.7836[1.23032],17.7234[1.25147],15,0_100
Pref0,0.86775[0.236928],0.864615[0.242062],0.870732[0.2319],15,0_100
Signal0,1[0],1[0],1[0],15,0_100
Hybridindex,17.7643[1.22139],17.744[1.20607],17.7863[1.2375],16,0_100
Pref0,0.8615[0.244065],0.87488[0.236671],0.846917[0.251065],16,0_100
Signal0,1[0],1[0],1[0],16,0_100
Hybridindex,17.7795[1.26289],17.7899[1.24293],17.7698[1.28118],17,0_100
Pref0,0.8645[0.244213],0.8706[0.238232],0.858801[0.249535],17,0_100
Signal0,1[0],1[0],1[0],17,0_100
Hybridindex,17.7635[1.25372],17.7958[1.23726],17.7291[1.2701],18,0_100
Pref0,0.86625[0.237141],0.865179[0.239746],0.867389[0.234333],18,0_100
Signal0,1[0],1[0],1[0],18,0_100
Hybridindex,17.78[1.23505],17.792[1.24221],17.7676[1.22745],19,0_100
Pref0,0.87025[0.239353],0.865064[0.24204],0.875637[0.23641],19,0_100
Signal0,1[0],1[0],1[0],19,0_100
Hybridindex,17.8245[1.25447],17.8254[1.26374],17.8237[1.24546],20,0_100
Pref0,0.8645[0.243187],0.856415[0.251785],0.872299[0.23433],20,0_100
Signal0,1[0],1[0],1[0],20,0_100
Hybridindex,17.844[1.24636],17.7995[1.25222],17.8885[1.23888],21,0_100
Pref0,0.85775[0.249279],0.8605[0.250579],0.855[0.247942],21,0_100
Signal0,1[0],1[0],1[0],21,0_100
Hybridindex,17.8367[1.20342],17.8253[1.19116],17.8487[1.21599],22,0_100
Pref0,0.86325[0.244795],0.864481[0.24427],0.861963[0.245335],22,0_100
Signal0,1[0],1[0],1[0],22,0_100
Hybridindex,17.8343[1.21949],17.8377[1.21634],17.8309[1.22255],23,0_100
Pref0,0.864[0.242907],0.860971[0.246581],0.866963[0.239222],23,0_100
Signal0,1[0],1[0],1[0],23,0_100
Hybridindex,17.8358[1.23345],17.8216[1.24317],17.8502[1.2233],24,0_100
Pref0,0.86425[0.241758],0.864222[0.241605],0.864279[0.241914],24,0_100
Signal0,1[0],1[0],1[0],24,0_100
Hybridindex,17.794[1.20823],17.788[1.23412],17.7992[1.18505],25,0_100
Pref0,0.85825[0.245014],0.861349[0.238874],0.855535[0.250239],25,0_100
Signal0,1[0],1[0],1[0],25,0_100
Hybridindex,17.8025[1.22065],17.782[1.25164],17.8221[1.18998],26,0_100
Pref0,0.8615[0.244577],0.87001[0.236165],0.853372[0.25208],26,0_100
Signal0,1[0],1[0],1[0],26,0_100
Hybridindex,17.8205[1.26166],17.8294[1.25313],17.8111[1.27052],27,0_100
Pref0,0.8595[0.250019],0.856238[0.250818],0.862936[0.24913],27,0_100
Signal0,1[0],1[0],1[0],27,0_100
Hybridindex,17.8427[1.24113],17.8914[1.22329],17.791[1.25777],28,0_100
Pref0,0.86075[0.247456],0.854995[0.255059],0.866873[0.238949],28,0_100
Signal0,1[0],1[0],1[0],28,0_100
Hybridindex,17.8347[1.1925],17.8692[1.17986],17.7988[1.2045],29,0_100
Pref0,0.86575[0.238436],0.865818[0.240627],0.865679[0.236131],29,0_100
Signal0,1[0],1[0],1[0],29,0_100
Hybridindex,17.8915[1.176],17.9173[1.15395],17.8658[1.19701],30,0_100
Pref0,0.867[0.239919],0.874749[0.233351],0.859281[0.246044],30,0_100
Signal0,1[0],1[0],1[0],30,0_100
Hybridindex,17.917[1.14515],17.9392[1.18205],17.8942[1.10561],31,0_100
Pref0,0.878[0.232628],0.878953[0.23296],0.877024[0.232284],31,0_100
Signal0,1[0],1[0],1[0],31,0_100
Hybridindex,17.92[1.13561],17.931[1.12451],17.9093[1.14619],32,0_100
Pref0,0.87275[0.230071],0.873225[0.231086],0.872288[0.229078],32,0_100
Signal0,1[0],1[0],1[0],32,0_100
Hybridindex,17.9722[1.09925],18.0024[1.08653],17.9405[1.11161],33,0_100
Pref0,0.874[0.235317],0.87037[0.237267],0.877823[0.233184],33,0_100
Signal0,1[0],1[0],1[0],33,0_100
Hybridindex,17.9615[1.09511],17.9341[1.10621],17.9878[1.08371],34,0_100
Pref0,0.865[0.241919],0.868744[0.237848],0.86141[0.245707],34,0_100
Signal0,1[0],1[0],1[0],34,0_100
Hybridindex,17.9608[1.09571],17.9191[1.10848],18.0025[1.08116],35,0_100
Pref0,0.861[0.243781],0.852148[0.24911],0.86987[0.237991],35,0_100
Signal0,1[0],1[0],1[0],35,0_100
Hybridindex,17.9835[1.07249],17.9257[1.08588],18.0424[1.05539],36,0_100
Pref0,0.86075[0.242867],0.860396[0.245385],0.861111[0.240271],36,0_100
Signal0,1[0],1[0],1[0],36,0_100
Hybridindex,18.0233[1.0581],18.0066[1.05347],18.0393[1.0623],37,0_100
Pref0,0.8635[0.245698],0.862385[0.246116],0.864573[0.245291],37,0_100
Signal0,1[0],1[0],1[0],37,0_100
Hybridindex,18.037[1.06449],18.0399[1.06232],18.0338[1.06689],38,0_100
Pref0,0.85925[0.246098],0.862773[0.245415],0.855333[0.246797],38,0_100
Signal0,1[0],1[0],1[0],38,0_100
Hybridindex,18.043[1.07548],17.9812[1.09929],18.1064[1.0467],39,0_100
Pref0,0.8555[0.250239],0.84847[0.258116],0.862715[0.241676],39,0_100
Signal0,1[0],1[0],1[0],39,0_100
Hybridindex,18.0628[1.06404],18.0251[1.12301],18.0987[1.00319],40,0_100
Pref0,0.85925[0.24508],0.86131[0.246693],0.857283[0.243515],40,0_100
Signal0,1[0],1[0],1[0],40,0_100
Hybridindex,18.051[1.06719],18.041[1.03897],18.0608[1.094],41,0_100
Pref0,0.863[0.242345],0.865015[0.238443],0.861029[0.246086],41,0_100
Signal0,1[0],1[0],1[0],41,0_100
Hybridindex,18.092[1.0314],18.0751[1.01583],18.1086[1.04623],42,0_100
Pref0,0.86625[0.241321],0.872984[0.230042],0.859623[0.251753],42,0_100
Signal0,1[0],1[0],1[0],42,0_100
Hybridindex,18.0862[1.04496],18.1186[1.02478],18.0531[1.06421],43,0_100
Pref0,0.86925[0.240374],0.872036[0.236657],0.866397[0.244089],43,0_100
Signal0,1[0],1[0],1[0],43,0_100
Hybridindex,18.0685[1.05169],18.0757[1.03713],18.0612[1.06633],44,0_100
Pref0,0.87775[0.231149],0.879822[0.228201],0.875632[0.234106],44,0_100
Signal0,1[0],1[0],1[0],44,0_100
Hybridindex,18.073[1.06872],18.0761[1.05741],18.0698[1.08034],45,0_100
Pref0,0.87675[0.230618],0.88371[0.224744],0.869521[0.236347],45,0_100
Signal0,1[0],1[0],1[0],45,0_100
Hybridindex,18.067[1.04475],18.0354[1.04529],18.0989[1.04325],46,0_100
Pref0,0.86875[0.238534],0.87002[0.235723],0.86747[0.241328],46,0_100
Signal0,1[0],1[0],1[0],46,0_100
Hybridindex,18.0525[1.05889],18.0704[1.08121],18.034[1.03501],47,0_100
Pref0,0.873[0.236899],0.866634[0.242361],0.879573[0.230939],47,0_100
Signal0,1[0],1[0],1[0],47,0_100
Hybridindex,18.0502[1.05717],18.0404[1.07779],18.0602[1.03591],48,0_100
Pref0,0.87325[0.233044],0.868395[0.23761],0.878134[0.228253],48,0_100
Signal0,1[0],1[0],1[0],48,0_100
Hybridindex,18.0448[1.08114],18.0453[1.0772],18.0442[1.0852],49,0_100
Pref0,0.87325[0.240436],0.865157[0.252013],0.881606[0.227565],49,0_100
Signal0,1[0],1[0],1[0],49,0_100
Hybridindex,17.9995[1.07993],18.022[1.05498],17.978[1.10276],50,0_100
Pref0,0.87925[0.22593],0.878586[0.228283],0.879883[0.223663],50,0_100
Signal0,1[0],1[0],1[0],50,0_100
Hybridindex,18.0125[1.06599],18.0035[1.0579],18.0216[1.07404],51,0_100
Pref0,0.876[0.236905],0.878109[0.23141],0.873869[0.24231],51,0_100
Signal0,1[0],1[0],1[0],51,0_100
Hybridindex,17.9827[1.09079],17.9995[1.08339],17.9651[1.09826],52,0_100
Pref0,0.879[0.224964],0.882066[0.221263],0.87577[0.228755],52,0_100
Signal0,1[0],1[0],1[0],52,0_100
Hybridindex,17.9722[1.09971],17.9599[1.11978],17.9845[1.0792],53,0_100
Pref0,0.8815[0.231749],0.880762[0.234351],0.882236[0.229126],53,0_100
Signal0,1[0],1[0],1[0],53,0_100
Hybridindex,17.9962[1.07267],17.9754[1.06756],18.0153[1.07698],54,0_100
Pref0,0.8865[0.226645],0.879833[0.230126],0.892617[0.223227],54,0_100
Signal0,1[0],1[0],1[0],54,0_100
Hybridindex,17.9695[1.07031],17.9857[1.0612],17.9528[1.07937],55,0_100
Pref0,0.8805[0.22521],0.872414[0.231141],0.888832[0.218619],55,0_100
Signal0,1[0],1[0],1[0],55,0_100
Hybridindex,17.958[1.10238],17.9486[1.09713],17.9674[1.10754],56,0_100
Pref0,0.8755[0.23452],0.868762[0.238492],0.882265[0.230265],56,0_100
Signal0,1[0],1[0],1[0],56,0_100
Hybridindex,17.9258[1.0892],17.9083[1.09015],17.9443[1.08789],57,0_100
Pref0,0.87675[0.230075],0.864563[0.239045],0.889691[0.219411],57,0_100
Signal0,1[0],1[0],1[0],57,0_100
Hybridindex,17.9385[1.10169],17.916[1.08865],17.9602[1.11369],58,0_100
Pref0,0.873[0.235841],0.8722[0.238185],0.873772[0.233555],58,0_100
Signal0,1[0],1[0],1[0],58,0_100
Hybridindex,17.902[1.09002],17.8811[1.13004],17.9227[1.04832],59,0_100
Pref0,0.8705[0.24079],0.87011[0.241047],0.870887[0.240533],59,0_100
Signal0,1[0],1[0],1[0],59,0_100
Hybridindex,17.9255[1.08372],17.9234[1.04772],17.9273[1.1143],60,0_100
Pref0,0.87575[0.231164],0.880086[0.22921],0.871951[0.232797],60,0_100
Signal0,1[0],1[0],1[0],60,0_100
Hybridindex,17.947[1.0836],17.9683[1.08187],17.9267[1.08486],61,0_100
Pref0,0.8845[0.224521],0.881269[0.223326],0.887586[0.225614],61,0_100
Signal0,1[0],1[0],1[0],61,0_100
Hybridindex,17.961[1.082],17.9494[1.08108],17.9728[1.08281],62,0_100
Pref0,0.888[0.226287],0.892254[0.222961],0.883686[0.229531],62,0_100
Signal0,1[0],1[0],1[0],62,0_100
Hybridindex,17.9372[1.09906],17.9098[1.13271],17.9655[1.06261],63,0_100
Pref0,0.87875[0.227867],0.883629[0.221543],0.873732[0.234087],63,0_100
Signal0,1[0],1[0],1[0],63,0_100
Hybridindex,17.9587[1.11161],17.966[1.11376],17.9518[1.10948],64,0_100
Pref0,0.87425[0.236246],0.871443[0.235316],0.876969[0.237111],64,0_100
Signal0,1[0],1[0],1[0],64,0_100
Hybridindex,17.9555[1.0983],17.9485[1.11696],17.9628[1.0785],65,0_100
Pref0,0.86825[0.240348],0.860784[0.243003],0.87602[0.237303],65,0_100
Signal0,1[0],1[0],1[0],65,0_100
Hybridindex,17.9383[1.09124],17.9395[1.11172],17.937[1.07003],66,0_100
Pref0,0.86025[0.243608],0.862103[0.246669],0.858367[0.240443],66,0_100
Signal0,1[0],1[0],1[0],66,0_100
Hybridindex,17.9183[1.08763],17.9046[1.10522],17.9321[1.06936],67,0_100
Pref0,0.86775[0.242147],0.862823[0.250387],0.872736[0.233405],67,0_100
Signal0,1[0],1[0],1[0],67,0_100
Hybridindex,17.9105[1.08351],17.8932[1.11281],17.9282[1.05242],68,0_100
Pref0,0.868[0.239428],0.874876[0.235188],0.860971[0.243486],68,0_100
Signal0,1[0],1[0],1[0],68,0_100
Hybridindex,17.948[1.05418],17.9653[1.05716],17.9318[1.05113],69,0_100
Pref0,0.86475[0.245627],0.862836[0.245194],0.866538[0.246017],69,0_100
Signal0,1[0],1[0],1[0],69,0_100
Hybridindex,17.9557[1.08036],17.9647[1.11781],17.947[1.04218],70,0_100
Pref0,0.85625[0.247408],0.863774[0.237948],0.84886[0.256146],70,0_100
Signal0,1[0],1[0],1[0],70,0_100
Hybridindex,17.9468[1.05513],17.9483[1.05203],17.9452[1.05824],71,0_100
Pref0,0.86275[0.246551],0.862687[0.243422],0.862814[0.249671],71,0_100
Signal0,1[0],1[0],1[0],71,0_100
Hybridindex,17.9722[1.05752],17.9756[1.07137],17.9688[1.04278],72,0_100
Pref0,0.86475[0.238396],0.864258[0.241318],0.865266[0.23529],72,0_100
Signal0,1[0],1[0],1[0],72,0_100
Hybridindex,17.9513[1.06876],17.9205[1.08492],17.9828[1.05098],73,0_100
Pref0,0.86425[0.24586],0.865745[0.244871],0.862715[0.246861],73,0_100
Signal0,1[0],1[0],1[0],73,0_100
Hybridindex,17.9335[1.07148],17.925[1.0713],17.9414[1.07159],74,0_100
Pref0,0.87475[0.234387],0.870217[0.239489],0.878993[0.229428],74,0_100
Signal0,1[0],1[0],1[0],74,0_100
Hybridindex,17.935[1.05441],17.9374[1.06256],17.9327[1.0466],75,0_100
Pref0,0.86825[0.239305],0.869097[0.232299],0.867446[0.245769],75,0_100
Signal0,1[0],1[0],1[0],75,0_100
Hybridindex,17.9703[1.02432],17.9539[1.00639],17.9862[1.04125],76,0_100
Pref0,0.876[0.232646],0.874367[0.228252],0.877591[0.236838],76,0_100
Signal0,1[0],1[0],1[0],76,0_100
Hybridindex,17.984[1.04761],18.0091[1.02384],17.9593[1.06996],77,0_100
Pref0,0.879[0.23315],0.880665[0.227975],0.877358[0.238132],77,0_100
Signal0,1[0],1[0],1[0],77,0_100
Hybridindex,18.0207[1.04711],18.0394[1.06058],18.0025[1.03344],78,0_100
Pref0,0.881[0.23257],0.885238[0.231984],0.876855[0.233068],78,0_100
Signal0,1[0],1[0],1[0],78,0_100
Hybridindex,17.988[1.05468],17.9632[1.0585],18.0131[1.05021],79,0_100
Pref0,0.88625[0.224579],0.889165[0.222698],0.8833[0.22643],79,0_100
Signal0,1[0],1[0],1[0],79,0_100
Hybridindex,17.965[1.06161],17.964[1.10064],17.966[1.02118],80,0_100
Pref0,0.89225[0.219693],0.891892[0.218797],0.892607[0.220582],80,0_100
Signal0,1[0],1[0],1[0],80,0_100
Hybridindex,17.951[1.02681],17.9409[1.01806],17.9604[1.03481],81,0_100
Pref0,0.88875[0.22079],0.886929[0.22355],0.890444[0.218178],81,0_100
Signal0,1[0],1[0],1[0],81,0_100
Hybridindex,17.9612[1.04433],17.9528[1.02212],17.9695[1.06538],82,0_100
Pref0,0.886[0.224174],0.879188[0.232233],0.892611[0.21586],82,0_100
Signal0,1[0],1[0],1[0],82,0_100
Hybridindex,17.9282[1.0445],17.9293[1.04645],17.9272[1.04256],83,0_100
Pref0,0.8875[0.21816],0.890672[0.220747],0.884347[0.215511],83,0_100
Signal0,1[0],1[0],1[0],83,0_100
Hybridindex,17.919[1.04208],17.9197[1.04441],17.9184[1.03999],84,0_100
Pref0,0.88825[0.222232],0.885307[0.227138],0.890892[0.2177],84,0_100
Signal0,1[0],1[0],1[0],84,0_100
Hybridindex,17.9073[1.03551],17.8831[1.04306],17.9306[1.0276],85,0_100
Pref0,0.89[0.223942],0.884146[0.231627],0.895669[0.216088],85,0_100
Signal0,1[0],1[0],1[0],85,0_100
Hybridindex,17.9202[1.01699],17.9367[1.01957],17.9034[1.01407],86,0_100
Pref0,0.8935[0.220018],0.892681[0.221509],0.894338[0.21848],86,0_100
Signal0,1[0],1[0],1[0],86,0_100
Hybridindex,17.9432[1.02964],17.9359[1.05464],17.9508[1.00322],87,0_100
Pref0,0.895[0.214418],0.898422[0.209577],0.891481[0.219229],87,0_100
Signal0,1[0],1[0],1[0],87,0_100
Hybridindex,17.9745[0.991514],17.9537[0.990829],17.995[0.991761],88,0_100
Pref0,0.8895[0.219749],0.887714[0.224909],0.891261[0.214525],88,0_100
Signal0,1[0],1[0],1[0],88,0_100
Hybridindex,17.9838[1.00852],17.9665[1.02763],18.0015[0.988126],89,0_100
Pref0,0.88225[0.223629],0.887685[0.217908],0.87665[0.229241],89,0_100
Signal0,1[0],1[0],1[0],89,0_100
Hybridindex,18.0428[1.02166],18.0423[1.03638],18.0432[1.00658],90,0_100
Pref0,0.88175[0.227249],0.888557[0.213985],0.874874[0.239706],90,0_100
Signal0,1[0],1[0],1[0],90,0_100
Hybridindex,18.0388[1.0115],18.0136[1.0378],18.0636[0.984183],91,0_100
Pref0,0.87025[0.236199],0.870724[0.234452],0.869781[0.237911],91,0_100
Signal0,1[0],1[0],1[0],91,0_100
Hybridindex,18.0355[1.0118],18.0272[1.01907],18.0437[1.0045],92,0_100
Pref0,0.87325[0.237296],0.873239[0.239525],0.87326[0.235073],92,0_100
Signal0,1[0],1[0],1[0],92,0_100
Hybridindex,18.0463[1.03222],18.0697[1.01564],18.0239[1.0473],93,0_100
Pref0,0.87875[0.231135],0.871926[0.235199],0.885254[0.227004],93,0_100
Signal0,1[0],1[0],1[0],93,0_100
Hybridindex,17.98[1.02937],18.001[1.00899],17.9591[1.04882],94,0_100
Pref0,0.87675[0.234381],0.878636[0.232329],0.874875[0.236388],94,0_100
Signal0,1[0],1[0],1[0],94,0_100
Hybridindex,17.9943[1.0196],17.996[1.02865],17.9926[1.01067],95,0_100
Pref0,0.87275[0.241728],0.871082[0.245923],0.874382[0.237541],95,0_100
Signal0,1[0],1[0],1[0],95,0_100
Hybridindex,17.9857[1.026],17.9821[1.01001],17.9895[1.04182],96,0_100
Pref0,0.877[0.228847],0.871884[0.238989],0.882146[0.218048],96,0_100
Signal0,1[0],1[0],1[0],96,0_100
Hybridindex,17.9838[1.01248],17.9711[0.99701],17.9969[1.02823],97,0_100
Pref0,0.8755[0.230759],0.873288[0.234793],0.877812[0.226443],97,0_100
Signal0,1[0],1[0],1[0],97,0_100
Hybridindex,17.9505[1.05169],17.9597[1.08507],17.9417[1.01858],98,0_100
Pref0,0.8805[0.228516],0.875894[0.23195],0.884917[0.225086],98,0_100
Signal0,1[0],1[0],1[0],98,0_100
Hybridindex,17.92[1.02633],17.9237[1.00179],17.9166[1.04833],99,0_100
Pref0,0.87875[0.228415],0.884013[0.224249],0.873921[0.232067],99,0_100
Signal0,1[0],1[0],1[0],99,0_100
Hybridindex,17.9183[1.04424],17.9413[1.04583],17.8933[1.04195],100,0_100
Pref0,0.88425[0.226885],0.887873[0.22304],0.880333[0.230906],100,0_100
Signal0,1[0],1[0],1[0],100,0_100
Hybridindex,12.385[8.33437],12.5195[8.35607],12.2439[8.30921],1,0_11
Pref0,0.61925[0.416719],0.625977[0.417803],0.612193[0.415461],1,0_11
Signal0,0.61925[0.416719],0.625977[0.417803],0.612193[0.415461],1,0_11
Hybridindex,14.9595[6.16418],15.054[6.09053],14.865[6.23553],2,0_11
Pref0,0.7465[0.337991],0.7565[0.331599],0.7365[0.343973],2,0_11
Signal0,0.75625[0.334606],0.764[0.330612],0.7485[0.338375],2,0_11
Hybridindex,16.756[3.84031],16.8165[3.69149],16.6981[3.97665],3,0_11
Pref0,0.83075[0.266888],0.83589[0.258615],0.825832[0.274482],3,0_11
Signal0,0.86375[0.245073],0.865031[0.242861],0.862524[0.247165],3,0_11
Hybridindex,17.4475[2.47189],17.3728[2.51543],17.5225[2.42508],4,0_11
Pref0,0.86475[0.248158],0.866267[0.246897],0.863226[0.249409],4,0_11
Signal0,0.93225[0.171857],0.934132[0.169102],0.930361[0.174559],4,0_11
Hybridindex,17.6055[1.90824],17.6003[1.86922],17.6106[1.94549],5,0_11
Pref0,0.87725[0.232503],0.873354[0.237492],0.881046[0.227472],5,0_11
Signal0,0.964[0.130208],0.964539[0.128347],0.963475[0.131993],5,0_11
Hybridindex,17.6737[1.63101],17.6861[1.59093],17.6613[1.67042],6,0_11
Pref0,0.8745[0.23452],0.878109[0.234613],0.870854[0.23437],6,0_11
Signal0,0.983[0.0906146],0.982587[0.0916693],0.983417[0.0895347],6,0_11
Hybridindex,17.7383[1.51571],17.7989[1.48906],17.6774[1.53959],7,0_11
Pref0,0.87425[0.233585],0.876248[0.235677],0.872244[0.231448],7,0_11
Signal0,0.992[0.0627375],0.991517[0.0645721],0.992485[0.0608362],7,0_11
Hybridindex,17.7982[1.35662],17.8409[1.34214],17.7526[1.37048],8,0_11
Pref0,0.8725[0.231287],0.868472[0.230868],0.876812[0.231657],8,0_11
Signal0,0.9965[0.0416863],0.995648[0.0464443],0.997412[0.0358789],8,0_11
Hybridindex,17.7805[1.33672],17.8104[1.33127],17.7503[1.34152],9,0_11
Pref0,0.871[0.234753],0.874627[0.231162],0.867337[0.238269],9,0_11
Signal0,0.99825[0.0295286],0.998507[0.0272771],0.99799[0.0316383],9,0_11
Hybridindex,17.7995[1.29752],17.79[1.3],17.8086[1.29508],10,0_11
Pref0,0.87875[0.227318],0.88166[0.223106],0.875977[0.231227],10,0_11
Signal0,0.999[0.0223383],0.998463[0.0276782],0.999512[0.0156174],10,0_11
Hybridindex,17.8137[1.27816],17.8066[1.25895],17.8217[1.29909],11,0_11
Pref0,0.88525[0.221827],0.887833[0.222892],0.882384[0.220605],11,0_11
Signal0,0.99975[0.0111775],0.999525[0.0154083],1[0],11,0_11
Hybridindex,17.8165[1.30808],17.7728[1.3268],17.8609[1.28727],12,0_11
Pref0,0.888[0.22518],0.881448[0.231633],0.894657[0.218226],12,0_11
Signal0,1[0],1[0],1[0],12,0_11
Hybridindex,17.8133[1.29942],17.791[1.33459],17.8364[1.26144],13,0_11
Pref0,0.8865[0.22387],0.890579[0.219397],0.882263[0.228346],13,0_11
Signal0,1[0],1[0],1[0],13,0_11
Hybridindex,17.7885[1.23117],17.7802[1.23579],17.797[1.22631],14,0_11
Pref0,0.88675[0.220906],0.891839[0.216348],0.881485[0.225404],14,0_11
Signal0,1[0],1[0],1[0],14,0_11
Hybridindex,17.7737[1.23062],17.7391[1.23765],17.806[1.22317],15,0_11
Pref0,0.87925[0.230314],0.878112[0.226438],0.880309[0.233858],15,0_11
Signal0,1[0],1[0],1[0],15,0_11
Hybridindex,17.717[1.21384],17.679[1.21868],17.7564[1.20755],16,0_11
Pref0,0.87925[0.228132],0.878073[0.232301],0.880468[0.223732],16,0_11
Signal0,1[0],1[0],1[0],16,0_11
Hybridindex,17.7123[1.25532],17.7066[1.23568],17.7186[1.27677],17,0_11
Pref0,0.874[0.234785],0.877018[0.234336],0.870644[0.235238],17,0_11
Signal0,1[0],1[0],1[0],17,0_11
Hybridindex,17.689[1.29452],17.6507[1.3253],17.7258[1.26321],18,0_11
Pref0,0.8765[0.232911],0.878958[0.229149],0.874143[0.236439],18,0_11
Signal0,1[0],1[0],1[0],18,0_11
Hybridindex,17.6575[1.29516],17.6678[1.27943],17.647[1.31094],19,0_11
Pref0,0.8835[0.224561],0.888119[0.218812],0.878788[0.230183],19,0_11
Signal0,1[0],1[0],1[0],19,0_11
Hybridindex,17.6732[1.27284],17.6833[1.26674],17.663[1.27893],20,0_11
Pref0,0.88575[0.227095],0.887512[0.226978],0.883956[0.227199],20,0_11
Signal0,1[0],1[0],1[0],20,0_11
Hybridindex,17.6403[1.24477],17.6717[1.21749],17.6089[1.27064],21,0_11
Pref0,0.89025[0.220409],0.887888[0.22247],0.892607[0.218306],21,0_11
Signal0,1[0],1[0],1[0],21,0_11
Hybridindex,17.6062[1.25003],17.5838[1.26708],17.6283[1.23266],22,0_11
Pref0,0.889[0.224007],0.898587[0.215584],0.879584[0.231596],22,0_11
Signal0,1[0],1[0],1[0],22,0_11
Hybridindex,17.654[1.23856],17.6286[1.26173],17.6798[1.21408],23,0_11
Pref0,0.88325[0.227474],0.880338[0.232278],0.886203[0.222458],23,0_11
Signal0,1[0],1[0],1[0],23,0_11
Hybridindex,17.6985[1.26366],17.7371[1.2458],17.6621[1.27919],24,0_11
Pref0,0.8855[0.226693],0.875773[0.235465],0.89466[0.217712],24,0_11
Signal0,1[0],1[0],1[0],24,0_11
Hybridindex,17.7225[1.22024],17.7581[1.18018],17.6853[1.25975],25,0_11
Pref0,0.87925[0.229226],0.876344[0.234192],0.882293[0.223867],25,0_11
Signal0,1[0],1[0],1[0],25,0_11
Hybridindex,17.7295[1.19565],17.7119[1.20234],17.7472[1.18859],26,0_11
Pref0,0.8775[0.230204],0.881095[0.230813],0.873869[0.22953],26,0_11
Signal0,1[0],1[0],1[0],26,0_11
Hybridindex,17.698[1.19762],17.6494[1.21051],17.7477[1.18224],27,0_11
Pref0,0.8795[0.230716],0.877844[0.231461],0.881193[0.229939],27,0_11
Signal0,1[0],1[0],1[0],27,0_11
Hybridindex,17.675[1.18105],17.6425[1.17336],17.7103[1.18835],28,0_11
Pref0,0.8805[0.231235],0.880998[0.232329],0.879958[0.230039],28,0_11
Signal0,1[0],1[0],1[0],28,0_11
Hybridindex,17.6517[1.14263],17.6292[1.15444],17.6721[1.1315],29,0_11
Pref0,0.8755[0.232378],0.874473[0.230945],0.876426[0.233659],29,0_11
Signal0,1[0],1[0],1[0],29,0_11
Hybridindex,17.637[1.15855],17.5832[1.1659],17.6906[1.14867],30,0_11
Pref0,0.87225[0.238338],0.868737[0.239624],0.875749[0.236999],30,0_11
Signal0,1[0],1[0],1[0],30,0_11
Hybridindex,17.5877[1.19286],17.5713[1.18356],17.606[1.20284],31,0_11
Pref0,0.874[0.236377],0.863593[0.247949],0.885549[0.222263],31,0_11
Signal0,1[0],1[0],1[0],31,0_11
Hybridindex,17.5963[1.14198],17.598[1.14134],17.5946[1.14259],32,0_11
Pref0,0.8725[0.23504],0.865816[0.236049],0.878922[0.233886],32,0_11
Signal0,1[0],1[0],1[0],32,0_11
Hybridindex,17.5553[1.18894],17.531[1.19772],17.5781[1.18016],33,0_11
Pref0,0.8795[0.227442],0.879773[0.226572],0.879243[0.228256],33,0_11
Signal0,1[0],1[0],1[0],33,0_11
Hybridindex,17.5957[1.20029],17.6109[1.22377],17.5803[1.17566],34,0_11
Pref0,0.87525[0.230353],0.870297[0.233376],0.880303[0.227116],34,0_11
Signal0,1[0],1[0],1[0],34,0_11
Hybridindex,17.6127[1.18212],17.6424[1.15887],17.5818[1.20516],35,0_11
Pref0,0.87725[0.235706],0.879648[0.234493],0.874744[0.236942],35,0_11
Signal0,1[0],1[0],1[0],35,0_11
Hybridindex,17.6083[1.15083],17.5835[1.11929],17.6355[1.18398],36,0_11
Pref0,0.88[0.228801],0.876908[0.232439],0.883403[0.224679],36,0_11
Signal0,1[0],1[0],1[0],36,0_11
Hybridindex,17.6363[1.17795],17.6437[1.18199],17.6287[1.17377],37,0_11
Pref0,0.88425[0.224671],0.886026[0.225687],0.882442[0.223617],37,0_11
Signal0,1[0],1[0],1[0],37,0_11
Hybridindex,17.5945[1.18504],17.5761[1.2012],17.6135[1.16775],38,0_11
Pref0,0.88975[0.222418],0.888998[0.221525],0.89053[0.223338],38,0_11
Signal0,1[0],1[0],1[0],38,0_11
Hybridindex,17.5832[1.18678],17.5834[1.17714],17.5831[1.1972],39,0_11
Pref0,0.89[0.221133],0.884947[0.217176],0.895507[0.225238],39,0_11
Signal0,1[0],1[0],1[0],39,0_11
Hybridindex,17.5517[1.18097],17.5664[1.18689],17.5375[1.175],40,0_11
Pref0,0.8855[0.225033],0.89615[0.211391],0.875123[0.237112],40,0_11
Signal0,1[0],1[0],1[0],40,0_11
Hybridindex,17.5287[1.16696],17.487[1.15109],17.5706[1.18117],41,0_11
Pref0,0.87075[0.237528],0.877123[0.235225],0.864364[0.239643],41,0_11
Signal0,1[0],1[0],1[0],41,0_11
Hybridindex,17.5358[1.15352],17.4976[1.16492],17.5763[1.13988],42,0_11
Pref0,0.87[0.24],0.871845[0.238489],0.868041[0.241578],42,0_11
Signal0,1[0],1[0],1[0],42,0_11
Hybridindex,17.541[1.15079],17.5578[1.13116],17.5241[1.17],43,0_11
Pref0,0.8635[0.239516],0.867032[0.240349],0.85994[0.23862],43,0_11
Signal0,1[0],1[0],1[0],43,0_11
Hybridindex,17.521[1.21143],17.5603[1.20449],17.4814[1.2171],44,0_11
Pref0,0.86725[0.234526],0.869522[0.233856],0.86496[0.235177],44,0_11
Signal0,1[0],1[0],1[0],44,0_11
Hybridindex,17.5855[1.14551],17.5906[1.12878],17.5803[1.1621],45,0_11
Pref0,0.8715[0.235558],0.868526[0.237528],0.874498[0.233517],45,0_11
Signal0,1[0],1[0],1[0],45,0_11
Hybridindex,17.6182[1.15743],17.6277[1.15503],17.6083[1.15987],46,0_11
Pref0,0.873[0.233711],0.873782[0.232381],0.872177[0.235102],46,0_11
Signal0,1[0],1[0],1[0],46,0_11
Hybridindex,17.607[1.16213],17.6481[1.14691],17.5645[1.17613],47,0_11
Pref0,0.86425[0.243817],0.859744[0.246558],0.868902[0.240867],47,0_11
Signal0,1[0],1[0],1[0],47,0_11
Hybridindex,17.592[1.17475],17.6042[1.17922],17.5795[1.17002],48,0_11
Pref0,0.87475[0.230624],0.870059[0.235578],0.879555[0.225336],48,0_11
Signal0,1[0],1[0],1[0],48,0_11
Hybridindex,17.6513[1.13633],17.6099[1.14684],17.695[1.12345],49,0_11
Pref0,0.884[0.228132],0.888619[0.222728],0.879115[0.233611],49,0_11
Signal0,1[0],1[0],1[0],49,0_11
Hybridindex,17.6618[1.15053],17.6826[1.16908],17.6412[1.13164],50,0_11
Pref0,0.8915[0.219608],0.892533[0.223053],0.890486[0.216167],50,0_11
Signal0,1[0],1[0],1[0],50,0_11
Hybridindex,17.7087[1.14293],17.6953[1.14466],17.7222[1.14104],51,0_11
Pref0,0.88825[0.226687],0.894106[0.218466],0.882382[0.234489],51,0_11
Signal0,1[0],1[0],1[0],51,0_11
Hybridindex,17.7095[1.09595],17.6942[1.12684],17.7255[1.06248],52,0_11
Pref0,0.88725[0.224527],0.886008[0.223322],0.888548[0.225772],52,0_11
Signal0,1[0],1[0],1[0],52,0_11
Hybridindex,17.7065[1.07033],17.6948[1.09193],17.7182[1.04811],53,0_11
Pref0,0.8875[0.226592],0.891608[0.2268],0.883383[0.226308],53,0_11
Signal0,1[0],1[0],1[0],53,0_11
Hybridindex,17.728[1.1158],17.6897[1.12799],17.7669[1.10194],54,0_11
Pref0,0.8915[0.220744],0.896723[0.214331],0.886203[0.226939],54,0_11
Signal0,1[0],1[0],1[0],54,0_11
Hybridindex,17.7293[1.12453],17.6964[1.09348],17.7602[1.15215],55,0_11
Pref0,0.88225[0.226958],0.891237[0.220766],0.873786[0.232321],55,0_11
Signal0,1[0],1[0],1[0],55,0_11
Hybridindex,17.737[1.12875],17.709[1.1597],17.7653[1.09588],56,0_11
Pref0,0.885[0.228637],0.88806[0.22451],0.88191[0.232691],56,0_11
Signal0,1[0],1[0],1[0],56,0_11
Hybridindex,17.7127[1.12244],17.7018[1.11781],17.723[1.12663],57,0_11
Pref0,0.88825[0.222232],0.889004[0.222265],0.887548[0.222198],57,0_11
Signal0,1[0],1[0],1[0],57,0_11
Hybridindex,17.751[1.10057],17.7068[1.11789],17.7964[1.08062],58,0_11
Pref0,0.89325[0.21501],0.893386[0.210733],0.89311[0.219314],58,0_11
Signal0,1[0],1[0],1[0],58,0_11
Hybridindex,17.7873[1.09698],17.7893[1.10129],17.785[1.09231],59,0_11
Pref0,0.8935[0.220018],0.893925[0.214768],0.893043[0.225534],59,0_11
Signal0,1[0],1[0],1[0],59,0_11
Hybridindex,17.7828[1.09061],17.7827[1.07343],17.7828[1.10686],60,0_11
Pref0,0.89[0.221133],0.892857[0.219578],0.887255[0.222584],60,0_11
Signal0,1[0],1[0],1[0],60,0_11
Hybridindex,17.791[1.07183],17.7508[1.10038],17.8305[1.04152],61,0_11
Pref0,0.89425[0.216661],0.892533[0.220779],0.895937[0.212525],61,0_11
Signal0,1[0],1[0],1[0],61,0_11
Hybridindex,17.7677[1.0874],17.7944[1.06479],17.7398[1.10994],62,0_11
Pref0,0.8965[0.212221],0.897461[0.209009],0.895492[0.215534],62,0_11
Signal0,1[0],1[0],1[0],62,0_11
Hybridindex,17.7263[1.10303],17.718[1.10609],17.7349[1.09975],63,0_11
Pref0,0.8925[0.222921],0.898537[0.214016],0.886154[0.231745],63,0_11
Signal0,1[0],1[0],1[0],63,0_11
Hybridindex,17.737[1.08689],17.7597[1.08757],17.7164[1.08586],64,0_11
Pref0,0.89625[0.218199],0.88959[0.225613],0.902288[0.211072],64,0_11
Signal0,1[0],1[0],1[0],64,0_11
Hybridindex,17.6932[1.11424],17.6458[1.11859],17.7419[1.10766],65,0_11
Pref0,0.89875[0.218228],0.904644[0.214467],0.892713[0.221852],65,0_11
Signal0,1[0],1[0],1[0],65,0_11
Hybridindex,17.648[1.0932],17.6647[1.08717],17.6304[1.09925],66,0_11
Pref0,0.89225[0.219693],0.883528[0.223676],0.901437[0.215035],66,0_11
Signal0,1[0],1[0],1[0],66,0_11
Hybridindex,17.6133[1.08076],17.6037[1.08736],17.6225[1.07426],67,0_11
Pref0,0.89375[0.215838],0.891768[0.219069],0.895669[0.212644],67,0_11
Signal0,1[0],1[0],1[0],67,0_11
Hybridindex,17.5678[1.0958],17.5666[1.10469],17.5689[1.08645],68,0_11
Pref0,0.895[0.213834],0.891283[0.217799],0.898876[0.209549],68,0_11
Signal0,1[0],1[0],1[0],68,0_11
Hybridindex,17.5633[1.10979],17.5358[1.11625],17.5918[1.10229],69,0_11
Pref0,0.8995[0.209523],0.895098[0.215287],0.904082[0.203248],69,0_11
Signal0,1[0],1[0],1[0],69,0_11
Hybridindex,17.556[1.13009],17.5665[1.1447],17.5455[1.1152],70,0_11
Pref0,0.90575[0.203696],0.908[0.201336],0.9035[0.206004],70,0_11
Signal0,1[0],1[0],1[0],70,0_11
Hybridindex,17.5637[1.11806],17.5692[1.13608],17.5582[1.09927],71,0_11
Pref0,0.90775[0.205827],0.909091[0.200386],0.906377[0.211247],71,0_11
Signal0,1[0],1[0],1[0],71,0_11
Hybridindex,17.5553[1.10547],17.5412[1.1295],17.5688[1.08157],72,0_11
Pref0,0.909[0.199296],0.909461[0.201576],0.908555[0.197067],72,0_11
Signal0,1[0],1[0],1[0],72,0_11
Hybridindex,17.522[1.07367],17.4734[1.09189],17.5684[1.05388],73,0_11
Pref0,0.90775[0.205219],0.901228[0.209103],0.913978[0.201243],73,0_11
Signal0,1[0],1[0],1[0],73,0_11
Hybridindex,17.4905[1.09746],17.4443[1.09176],17.5347[1.10107],74,0_11
Pref0,0.90775[0.202151],0.90184[0.204941],0.913405[0.19928],74,0_11
Signal0,1[0],1[0],1[0],74,0_11
Hybridindex,17.4947[1.09332],17.5065[1.10546],17.4829[1.08084],75,0_11
Pref0,0.90675[0.202927],0.912263[0.197893],0.901204[0.207721],75,0_11
Signal0,1[0],1[0],1[0],75,0_11
Hybridindex,17.4662[1.16565],17.4708[1.18824],17.4615[1.14135],76,0_11
Pref0,0.892[0.218714],0.891326[0.216594],0.89271[0.220924],76,0_11
Signal0,1[0],1[0],1[0],76,0_11
Hybridindex,17.485[1.15889],17.5103[1.18523],17.4588[1.1304],77,0_11
Pref0,0.89625[0.212393],0.886431[0.218677],0.906409[0.205196],77,0_11
Signal0,1[0],1[0],1[0],77,0_11
Hybridindex,17.4372[1.14376],17.4817[1.14873],17.3917[1.13685],78,0_11
Pref0,0.89125[0.223715],0.894269[0.2249],0.888158[0.222453],78,0_11
Signal0,1[0],1[0],1[0],78,0_11
Hybridindex,17.4498[1.14427],17.4395[1.14096],17.4597[1.14737],79,0_11
Pref0,0.899[0.212836],0.901322[0.211395],0.896755[0.214195],79,0_11
Signal0,1[0],1[0],1[0],79,0_11
Hybridindex,17.4945[1.13654],17.5246[1.11009],17.4647[1.16136],80,0_11
Pref0,0.90075[0.212778],0.905528[0.211764],0.89602[0.213672],80,0_11
Signal0,1[0],1[0],1[0],80,0_11
Hybridindex,17.4718[1.11594],17.4599[1.09909],17.4833[1.13191],81,0_11
Pref0,0.89975[0.208746],0.898882[0.209502],0.900591[0.208008],81,0_11
Signal0,1[0],1[0],1[0],81,0_11
Hybridindex,17.4555[1.15435],17.4223[1.14878],17.4907[1.15919],82,0_11
Pref0,0.894[0.217403],0.895146[0.217389],0.892784[0.217411],82,0_11
Signal0,1[0],1[0],1[0],82,0_11
Hybridindex,17.4793[1.12836],17.4965[1.12168],17.4617[1.13483],83,0_11
Pref0,0.89275[0.218798],0.896329[0.220291],0.889113[0.217209],83,0_11
Signal0,1[0],1[0],1[0],83,0_11
Hybridindex,17.4632[1.15424],17.4872[1.13008],17.4383[1.1783],84,0_11
Pref0,0.8935[0.219449],0.899411[0.215766],0.88736[0.223044],84,0_11
Signal0,1[0],1[0],1[0],84,0_11
Hybridindex,17.486[1.14075],17.4955[1.15086],17.4763[1.13025],85,0_11
Pref0,0.89275[0.217652],0.888614[0.218499],0.89697[0.216704],85,0_11
Signal0,1[0],1[0],1[0],85,0_11
Hybridindex,17.4913[1.12563],17.4926[1.0906],17.4898[1.16097],86,0_11
Pref0,0.889[0.220066],0.889216[0.221362],0.888776[0.218708],86,0_11
Signal0,1[0],1[0],1[0],86,0_11
Hybridindex,17.5108[1.13875],17.5073[1.12807],17.514[1.14858],87,0_11
Pref0,0.88825[0.220538],0.895639[0.214388],0.881389[0.225883],87,0_11
Signal0,1[0],1[0],1[0],87,0_11
Hybridindex,17.472[1.12526],17.491[1.11586],17.4531[1.13421],88,0_11
Pref0,0.891[0.21936],0.894183[0.21732],0.887836[0.221325],88,0_11
Signal0,1[0],1[0],1[0],88,0_11
Hybridindex,17.4847[1.09938],17.4441[1.09395],17.5248[1.10324],89,0_11
Pref0,0.8895[0.220884],0.883569[0.221801],0.895337[0.219822],89,0_11
Signal0,1[0],1[0],1[0],89,0_11
Hybridindex,17.5005[1.10499],17.4995[1.11781],17.5015[1.09256],90,0_11
Pref0,0.88575[0.22039],0.88713[0.219754],0.884427[0.220991],90,0_11
Signal0,1[0],1[0],1[0],90,0_11
Hybridindex,17.5598[1.13051],17.5341[1.16397],17.586[1.09456],91,0_11
Pref0,0.88925[0.219908],0.88834[0.219779],0.890182[0.220036],91,0_11
Signal0,1[0],1[0],1[0],91,0_11
Hybridindex,17.5745[1.09918],17.6075[1.06845],17.5424[1.12733],92,0_11
Pref0,0.89525[0.215412],0.894016[0.21989],0.89645[0.21096],92,0_11
Signal0,1[0],1[0],1[0],92,0_11
Hybridindex,17.5572[1.11629],17.5291[1.0963],17.5863[1.13579],93,0_11
Pref0,0.89[0.222261],0.885714[0.22469],0.894416[0.219643],93,0_11
Signal0,1[0],1[0],1[0],93,0_11
Hybridindex,17.5607[1.08866],17.5589[1.08491],17.5628[1.09267],94,0_11
Pref0,0.88775[0.22085],0.890444[0.219281],0.884855[0.222488],94,0_11
Signal0,1[0],1[0],1[0],94,0_11
Hybridindex,17.539[1.08972],17.5295[1.11809],17.5485[1.06055],95,0_11
Pref0,0.886[0.223056],0.887387[0.221653],0.884615[0.224439],95,0_11
Signal0,1[0],1[0],1[0],95,0_11
Hybridindex,17.5323[1.08999],17.4857[1.09932],17.5804[1.07815],96,0_11
Pref0,0.88975[0.21959],0.888889[0.220495],0.890641[0.218647],96,0_11
Signal0,1[0],1[0],1[0],96,0_11
Hybridindex,17.5282[1.09913],17.5407[1.10905],17.5156[1.0888],97,0_11
Pref0,0.888[0.222387],0.883433[0.229417],0.892641[0.214909],97,0_11
Signal0,1[0],1[0],1[0],97,0_11
Hybridindex,17.5403[1.08709],17.5507[1.117],17.5303[1.05769],98,0_11
Pref0,0.89225[0.217405],0.889857[0.220398],0.894531[0.214488],98,0_11
Signal0,1[0],1[0],1[0],98,0_11
Hybridindex,17.5245[1.07942],17.5005[1.05727],17.5473[1.09956],99,0_11
Pref0,0.891[0.218218],0.883984[0.224043],0.897661[0.212326],99,0_11
Signal0,1[0],1[0],1[0],99,0_11
Hybridindex,17.54[1.08266],17.5105[1.08081],17.5693[1.0837],100,0_11
Pref0,0.89725[0.209922],0.902708[0.204176],0.891825[0.215346],100,0_11
Signal0,1[0],1[0],1[0],100,0_11
Hybridindex,12.675[8.31832],12.9377[8.21178],12.4065[8.41736],1,0_12
Pref0,0.63375[0.415916],0.646884[0.410589],0.620324[0.420868],1,0_12
Signal0,0.63375[0.415916],0.646884[0.410589],0.620324[0.420868],1,0_12
Hybridindex,15.405[5.98851],15.2307[6.16908],15.5701[5.80744],2,0_12
Pref0,0.771[0.324513],0.763104[0.334156],0.778481[0.314923],2,0_12
Signal0,0.76775[0.327773],0.761048[0.336529],0.774099[0.319126],2,0_12
Hybridindex,17.0718[3.72729],17.1705[3.65845],16.9706[3.79386],3,0_12
Pref0,0.85725[0.252483],0.866601[0.244487],0.847672[0.26007],3,0_12
Signal0,0.8755[0.238222],0.881917[0.230224],0.868927[0.245972],3,0_12
Hybridindex,17.531[2.56355],17.6269[2.52613],17.4379[2.59596],4,0_12
Pref0,0.876[0.231569],0.879188[0.224453],0.872906[0.23823],4,0_12
Signal0,0.92925[0.177114],0.932995[0.171815],0.925616[0.182036],4,0_12
Hybridindex,17.7145[1.93281],17.641[1.99387],17.785[1.86967],5,0_12
Pref0,0.87875[0.230051],0.871808[0.233028],0.885406[0.22696],5,0_12
Signal0,0.961[0.135015],0.959142[0.138818],0.962782[0.13124],5,0_12
Hybridindex,17.7733[1.60599],17.797[1.64896],17.7507[1.56386],6,0_12
Pref0,0.89[0.222261],0.888489[0.218965],0.891431[0.22533],6,0_12
Signal0,0.98075[0.0962],0.982528[0.0918183],0.979065[0.100145],6,0_12
Hybridindex,17.7892[1.44151],17.7729[1.48379],17.8058[1.39723],7,0_12
Pref0,0.89175[0.221714],0.888171[0.225531],0.895372[0.217723],7,0_12
Signal0,0.99[0.07],0.989563[0.0714825],0.990443[0.0684641],7,0_12
Hybridindex,17.7613[1.35079],17.7347[1.36465],17.7868[1.33684],8,0_12
Pref0,0.89575[0.213324],0.897449[0.20811],0.894118[0.218203],8,0_12
Signal0,0.995[0.0497494],0.992857[0.059333],0.997059[0.0382353],8,0_12
Hybridindex,17.7793[1.30753],17.7612[1.33597],17.7976[1.27779],9,0_12
Pref0,0.89225[0.216829],0.889275[0.221497],0.895267[0.211949],9,0_12
Signal0,0.99875[0.0249687],0.99851[0.0272501],0.998993[0.0224167],9,0_12
Hybridindex,17.7742[1.30563],17.7972[1.32086],17.751[1.28961],10,0_12
Pref0,0.89725[0.215215],0.903579[0.207098],0.890845[0.222946],10,0_12
Signal0,0.99925[0.0193504],0.999006[0.0222717],0.999497[0.0158511],10,0_12
Hybridindex,17.7673[1.26795],17.7159[1.27788],17.8184[1.2559],11,0_12
Pref0,0.89275[0.222199],0.887776[0.227011],0.897705[0.217187],11,0_12
Signal0,1[0],1[0],1[0],11,0_12
Hybridindex,17.7355[1.29201],17.7424[1.27019],17.7283[1.31435],12,0_12
Pref0,0.90075[0.211008],0.905485[0.206717],0.895812[0.215281],12,0_12
Signal0,1[0],1[0],1[0],12,0_12
Hybridindex,17.7353[1.27182],17.7329[1.28782],17.7374[1.25669],13,0_12
Pref0,0.908[0.203804],0.912526[0.201851],0.903772[0.205522],13,0_12
Signal0,1[0],1[0],1[0],13,0_12
Hybridindex,17.7225[1.28296],17.7094[1.28123],17.7359[1.28459],14,0_12
Pref0,0.91275[0.198777],0.907426[0.204151],0.918182[0.19299],14,0_12
Signal0,1[0],1[0],1[0],14,0_12
Hybridindex,17.7697[1.2308],17.805[1.23788],17.7361[1.22304],15,0_12
Pref0,0.90875[0.20322],0.907881[0.202869],0.90958[0.203551],15,0_12
Signal0,1[0],1[0],1[0],15,0_12
Hybridindex,17.7797[1.22254],17.8071[1.20129],17.7523[1.24296],16,0_12
Pref0,0.908[0.209251],0.907278[0.206757],0.908726[0.211728],16,0_12
Signal0,1[0],1[0],1[0],16,0_12
Hybridindex,17.7655[1.23319],17.7247[1.26163],17.8053[1.20344],17,0_12
Pref0,0.90075[0.208025],0.90334[0.208666],0.898221[0.207366],17,0_12
Signal0,1[0],1[0],1[0],17,0_12
Hybridindex,17.7285[1.26542],17.7701[1.27002],17.6883[1.25965],18,0_12
Pref0,0.89925[0.211482],0.902848[0.207862],0.895772[0.214865],18,0_12
Signal0,1[0],1[0],1[0],18,0_12
Hybridindex,17.7658[1.2274],17.7946[1.22647],17.7377[1.22765],19,0_12
Pref0,0.90225[0.209332],0.891988[0.216572],0.912229[0.201543],19,0_12
Signal0,1[0],1[0],1[0],19,0_12
Hybridindex,17.7525[1.2511],17.7801[1.24473],17.726[1.25661],20,0_12
Pref0,0.90625[0.205149],0.907143[0.200891],0.905392[0.209154],20,0_12
Signal0,1[0],1[0],1[0],20,0_12
Hybridindex,17.7477[1.24328],17.7187[1.22632],17.7772[1.25953],21,0_12
Pref0,0.90875[0.200745],0.916004[0.193463],0.901408[0.207597],21,0_12
Signal0,1[0],1[0],1[0],21,0_12
Hybridindex,17.7795[1.21455],17.7944[1.21131],17.7638[1.21775],22,0_12
Pref0,0.91[0.206519],0.912109[0.20394],0.907787[0.209167],22,0_12
Signal0,1[0],1[0],1[0],22,0_12
Hybridindex,17.725[1.26743],17.746[1.2478],17.7039[1.28649],23,0_12
Pref0,0.92225[0.188626],0.91517[0.195481],0.929359[0.181206],23,0_12
Signal0,1[0],1[0],1[0],23,0_12
Hybridindex,17.6983[1.23696],17.659[1.23477],17.736[1.23789],24,0_12
Pref0,0.91875[0.190456],0.916922[0.192836],0.92051[0.188119],24,0_12
Signal0,1[0],1[0],1[0],24,0_12
Hybridindex,17.6985[1.21556],17.7129[1.23002],17.6836[1.20025],25,0_12
Pref0,0.913[0.200452],0.912488[0.198845],0.91353[0.2021],25,0_12
Signal0,1[0],1[0],1[0],25,0_12
Hybridindex,17.7228[1.19164],17.7123[1.20016],17.7335[1.1827],26,0_12
Pref0,0.9055[0.204499],0.9[0.211958],0.911168[0.196356],26,0_12
Signal0,1[0],1[0],1[0],26,0_12
Hybridindex,17.7385[1.20036],17.7322[1.22536],17.7448[1.17495],27,0_12
Pref0,0.90525[0.205906],0.898696[0.213083],0.911765[0.198301],27,0_12
Signal0,1[0],1[0],1[0],27,0_12
Hybridindex,17.7508[1.17919],17.7121[1.17645],17.7891[1.18066],28,0_12
Pref0,0.90175[0.209098],0.906219[0.20642],0.897308[0.211633],28,0_12
Signal0,1[0],1[0],1[0],28,0_12
Hybridindex,17.7237[1.21267],17.7203[1.22031],17.7275[1.20441],29,0_12
Pref0,0.89775[0.211353],0.900483[0.206769],0.894819[0.216122],29,0_12
Signal0,1[0],1[0],1[0],29,0_12
Hybridindex,17.6902[1.21241],17.6527[1.23443],17.7261[1.18993],30,0_12
Pref0,0.89725[0.21405],0.889857[0.219233],0.904297[0.208747],30,0_12
Signal0,1[0],1[0],1[0],30,0_12
Hybridindex,17.663[1.23711],17.6789[1.19178],17.6477[1.27904],31,0_12
Pref0,0.8905[0.223629],0.880224[0.228402],0.900393[0.218479],31,0_12
Signal0,1[0],1[0],1[0],31,0_12
Hybridindex,17.6655[1.27382],17.6344[1.29909],17.6955[1.24822],32,0_12
Pref0,0.88375[0.230458],0.893075[0.215898],0.874754[0.243342],32,0_12
Signal0,1[0],1[0],1[0],32,0_12
Hybridindex,17.667[1.28155],17.6842[1.32037],17.6495[1.24069],33,0_12
Pref0,0.8825[0.22236],0.880338[0.220207],0.884693[0.2245],33,0_12
Signal0,1[0],1[0],1[0],33,0_12
Hybridindex,17.642[1.24803],17.6207[1.23407],17.6636[1.26167],34,0_12
Pref0,0.877[0.2283],0.881827[0.220448],0.872105[0.235896],34,0_12
Signal0,1[0],1[0],1[0],34,0_12
Hybridindex,17.6543[1.23332],17.6957[1.18695],17.6118[1.27769],35,0_12
Pref0,0.877[0.237426],0.881917[0.230224],0.871964[0.24448],35,0_12
Signal0,1[0],1[0],1[0],35,0_12
Hybridindex,17.6895[1.23788],17.6588[1.2621],17.7223[1.2106],36,0_12
Pref0,0.87225[0.234638],0.868829[0.235882],0.875905[0.233246],36,0_12
Signal0,1[0],1[0],1[0],36,0_12
Hybridindex,17.6462[1.22698],17.6396[1.22383],17.6528[1.23008],37,0_12
Pref0,0.881[0.226029],0.87988[0.227238],0.882118[0.22481],37,0_12
Signal0,1[0],1[0],1[0],37,0_12
Hybridindex,17.6325[1.21293],17.6275[1.212],17.6378[1.21389],38,0_12
Pref0,0.8755[0.235053],0.874879[0.23587],0.876161[0.234178],38,0_12
Signal0,1[0],1[0],1[0],38,0_12
Hybridindex,17.6382[1.23653],17.6049[1.22377],17.6726[1.24862],39,0_12
Pref0,0.8805[0.230152],0.877833[0.235624],0.883249[0.22434],39,0_12
Signal0,1[0],1[0],1[0],39,0_12
Hybridindex,17.6465[1.21903],17.6378[1.2155],17.6549[1.22235],40,0_12
Pref0,0.8655[0.241681],0.875[0.235687],0.856373[0.246959],40,0_12
Signal0,1[0],1[0],1[0],40,0_12
Hybridindex,17.7177[1.17237],17.7549[1.17412],17.6795[1.16935],41,0_12
Pref0,0.8695[0.236579],0.86785[0.238734],0.871197[0.23433],41,0_12
Signal0,1[0],1[0],1[0],41,0_12
Hybridindex,17.7512[1.1551],17.7035[1.13975],17.7985[1.16817],42,0_12
Pref0,0.87425[0.234653],0.869849[0.242258],0.878607[0.226788],42,0_12
Signal0,1[0],1[0],1[0],42,0_12
Hybridindex,17.7635[1.11728],17.7552[1.11436],17.7718[1.12014],43,0_12
Pref0,0.87775[0.231689],0.876124[0.235762],0.879379[0.227524],43,0_12
Signal0,1[0],1[0],1[0],43,0_12
Hybridindex,17.7345[1.1648],17.7339[1.16039],17.7351[1.16912],44,0_12
Pref0,0.88175[0.235885],0.883569[0.23611],0.87996[0.23565],44,0_12
Signal0,1[0],1[0],1[0],44,0_12
Hybridindex,17.7645[1.13547],17.8033[1.12195],17.7239[1.14802],45,0_12
Pref0,0.88125[0.224774],0.875734[0.229264],0.887014[0.219837],45,0_12
Signal0,1[0],1[0],1[0],45,0_12
Hybridindex,17.7662[1.14989],17.7731[1.14226],17.7593[1.15752],46,0_12
Pref0,0.8715[0.231814],0.866435[0.235367],0.876636[0.228039],46,0_12
Signal0,1[0],1[0],1[0],46,0_12
Hybridindex,17.7535[1.12937],17.7266[1.11844],17.7801[1.13948],47,0_12
Pref0,0.86775[0.24369],0.877387[0.233051],0.858209[0.253424],47,0_12
Signal0,1[0],1[0],1[0],47,0_12
Hybridindex,17.7037[1.13341],17.7276[1.12053],17.6806[1.14526],48,0_12
Pref0,0.86825[0.237733],0.86687[0.238687],0.869587[0.236798],48,0_12
Signal0,1[0],1[0],1[0],48,0_12
Hybridindex,17.715[1.17144],17.696[1.16458],17.7347[1.17819],49,0_12
Pref0,0.872[0.237941],0.873281[0.235906],0.870672[0.240026],49,0_12
Signal0,1[0],1[0],1[0],49,0_12
Hybridindex,17.7755[1.14328],17.767[1.13828],17.7839[1.14819],50,0_12
Pref0,0.87[0.233666],0.875251[0.233082],0.86477[0.23413],50,0_12
Signal0,1[0],1[0],1[0],50,0_12
Hybridindex,17.7993[1.16622],17.7547[1.18679],17.845[1.14292],51,0_12
Pref0,0.85375[0.24897],0.856861[0.242854],0.850557[0.255055],51,0_12
Signal0,1[0],1[0],1[0],51,0_12
Hybridindex,17.7617[1.14744],17.7706[1.16066],17.7534[1.13478],52,0_12
Pref0,0.86075[0.244406],0.86701[0.236696],0.854854[0.251309],52,0_12
Signal0,1[0],1[0],1[0],52,0_12
Hybridindex,17.746[1.16725],17.7653[1.13882],17.7263[1.19524],53,0_12
Pref0,0.86825[0.240867],0.873762[0.235794],0.862626[0.245808],53,0_12
Signal0,1[0],1[0],1[0],53,0_12
Hybridindex,17.7342[1.17484],17.7447[1.16007],17.7238[1.18931],54,0_12
Pref0,0.86[0.248294],0.865866[0.243074],0.854146[0.253261],54,0_12
Signal0,1[0],1[0],1[0],54,0_12
Hybridindex,17.7407[1.19097],17.7281[1.22061],17.7541[1.15878],55,0_12
Pref0,0.85925[0.249127],0.851852[0.256459],0.867043[0.240917],55,0_12
Signal0,1[0],1[0],1[0],55,0_12
Hybridindex,17.705[1.14683],17.6813[1.12773],17.7284[1.16489],56,0_12
Pref0,0.85325[0.250179],0.859517[0.245098],0.847071[0.254939],56,0_12
Signal0,1[0],1[0],1[0],56,0_12
Hybridindex,17.6945[1.1542],17.6763[1.19032],17.7117[1.11884],57,0_12
Pref0,0.85825[0.247046],0.862887[0.24084],0.853883[0.252674],57,0_12
Signal0,1[0],1[0],1[0],57,0_12
Hybridindex,17.7505[1.13259],17.7427[1.12574],17.7582[1.13922],58,0_12
Pref0,0.85075[0.251196],0.850656[0.245848],0.850842[0.25634],58,0_12
Signal0,1[0],1[0],1[0],58,0_12
Hybridindex,17.762[1.1231],17.7707[1.11798],17.7533[1.12814],59,0_12
Pref0,0.8495[0.254656],0.853147[0.244648],0.845846[0.264254],59,0_12
Signal0,1[0],1[0],1[0],59,0_12
Hybridindex,17.7395[1.16174],17.7797[1.1644],17.6992[1.15767],60,0_12
Pref0,0.8525[0.250986],0.850649[0.253688],0.854354[0.248234],60,0_12
Signal0,1[0],1[0],1[0],60,0_12
Hybridindex,17.7392[1.15732],17.7681[1.12248],17.7107[1.19018],61,0_12
Pref0,0.8455[0.255205],0.84488[0.257973],0.846116[0.252428],61,0_12
Signal0,1[0],1[0],1[0],61,0_12
Hybridindex,17.768[1.14069],17.7596[1.14869],17.7762[1.13277],62,0_12
Pref0,0.83675[0.261198],0.833502[0.262079],0.839921[0.260296],62,0_12
Signal0,1[0],1[0],1[0],62,0_12
Hybridindex,17.7548[1.12749],17.7463[1.11016],17.7634[1.14479],63,0_12
Pref0,0.8315[0.269922],0.829534[0.26279],0.833502[0.276981],63,0_12
Signal0,1[0],1[0],1[0],63,0_12
Hybridindex,17.695[1.15671],17.7316[1.14527],17.66[1.16647],64,0_12
Pref0,0.815[0.270694],0.82362[0.267199],0.806751[0.273742],64,0_12
Signal0,1[0],1[0],1[0],64,0_12
Hybridindex,17.7432[1.1257],17.7409[1.0947],17.7457[1.15677],65,0_12
Pref0,0.8165[0.269866],0.8133[0.275199],0.819797[0.264218],65,0_12
Signal0,1[0],1[0],1[0],65,0_12
Hybridindex,17.7488[1.1051],17.7376[1.09779],17.7601[1.11243],66,0_12
Pref0,0.8235[0.269903],0.829051[0.268442],0.817814[0.271274],66,0_12
Signal0,1[0],1[0],1[0],66,0_12
Hybridindex,17.7757[1.064],17.7412[1.04906],17.8101[1.07754],67,0_12
Pref0,0.81975[0.269972],0.80993[0.275608],0.829511[0.263889],67,0_12
Signal0,1[0],1[0],1[0],67,0_12
Hybridindex,17.8075[1.07724],17.782[1.09955],17.8327[1.05417],68,0_12
Pref0,0.80725[0.281909],0.804129[0.287632],0.810328[0.276114],68,0_12
Signal0,1[0],1[0],1[0],68,0_12
Hybridindex,17.789[1.13896],17.8011[1.10618],17.7776[1.16876],69,0_12
Pref0,0.811[0.274825],0.813533[0.275727],0.808624[0.273955],69,0_12
Signal0,1[0],1[0],1[0],69,0_12
Hybridindex,17.753[1.14869],17.8121[1.15001],17.6906[1.14399],70,0_12
Pref0,0.8045[0.28201],0.789679[0.29284],0.820144[0.269225],70,0_12
Signal0,1[0],1[0],1[0],70,0_12
Hybridindex,17.7572[1.13829],17.7765[1.13395],17.739[1.14208],71,0_12
Pref0,0.80825[0.274967],0.8037[0.277647],0.812561[0.272333],71,0_12
Signal0,1[0],1[0],1[0],71,0_12
Hybridindex,17.744[1.15085],17.7515[1.13835],17.7362[1.16368],72,0_12
Pref0,0.8235[0.261434],0.834804[0.252273],0.811735[0.270138],72,0_12
Signal0,1[0],1[0],1[0],72,0_12
Hybridindex,17.789[1.12549],17.7845[1.1439],17.7933[1.10754],73,0_12
Pref0,0.82075[0.274763],0.827375[0.27922],0.814398[0.270267],73,0_12
Signal0,1[0],1[0],1[0],73,0_12
Hybridindex,17.7775[1.08651],17.7846[1.04598],17.7709[1.12264],74,0_12
Pref0,0.80825[0.27858],0.816857[0.267503],0.800289[0.288219],74,0_12
Signal0,1[0],1[0],1[0],74,0_12
Hybridindex,17.8032[1.08139],17.8444[1.08529],17.7602[1.07563],75,0_12
Pref0,0.813[0.274829],0.812622[0.272459],0.813395[0.277283],75,0_12
Signal0,1[0],1[0],1[0],75,0_12
Hybridindex,17.827[1.07683],17.8488[1.08255],17.8037[1.07021],76,0_12
Pref0,0.8095[0.276965],0.805717[0.277196],0.813533[0.276662],76,0_12
Signal0,1[0],1[0],1[0],76,0_12
Hybridindex,17.8427[1.10256],17.8305[1.09493],17.8553[1.11024],77,0_12
Pref0,0.81775[0.270943],0.821182[0.273266],0.814213[0.268481],77,0_12
Signal0,1[0],1[0],1[0],77,0_12
Hybridindex,17.8102[1.13131],17.7902[1.12258],17.8303[1.13964],78,0_12
Pref0,0.8125[0.276304],0.822677[0.267775],0.802302[0.284228],78,0_12
Signal0,1[0],1[0],1[0],78,0_12
Hybridindex,17.8493[1.06906],17.8606[1.07824],17.838[1.05974],79,0_12
Pref0,0.81275[0.273061],0.811936[0.271494],0.813559[0.274608],79,0_12
Signal0,1[0],1[0],1[0],79,0_12
Hybridindex,17.799[1.11808],17.7963[1.11473],17.8018[1.12159],80,0_12
Pref0,0.81[0.272764],0.806043[0.273777],0.814168[0.27163],80,0_12
Signal0,1[0],1[0],1[0],80,0_12
Hybridindex,17.775[1.12855],17.7562[1.12064],17.7942[1.13626],81,0_12
Pref0,0.80325[0.287079],0.802671[0.288045],0.803842[0.286087],81,0_12
Signal0,1[0],1[0],1[0],81,0_12
Hybridindex,17.7675[1.1151],17.7818[1.11296],17.7528[1.1171],82,0_12
Pref0,0.79725[0.28021],0.788253[0.287671],0.806484[0.27203],82,0_12
Signal0,1[0],1[0],1[0],82,0_12
Hybridindex,17.7675[1.11555],17.7545[1.12514],17.7808[1.10551],83,0_12
Pref0,0.798[0.282747],0.79505[0.285066],0.80101[0.28033],83,0_12
Signal0,1[0],1[0],1[0],83,0_12
Hybridindex,17.7497[1.12949],17.7384[1.12225],17.7609[1.13646],84,0_12
Pref0,0.79525[0.287145],0.799899[0.282254],0.790675[0.291807],84,0_12
Signal0,1[0],1[0],1[0],84,0_12
Hybridindex,17.7682[1.13365],17.7627[1.12417],17.7737[1.14281],85,0_12
Pref0,0.79125[0.286004],0.779858[0.294809],0.802372[0.276687],85,0_12
Signal0,1[0],1[0],1[0],85,0_12
Hybridindex,17.798[1.11767],17.7699[1.11807],17.828[1.11647],86,0_12
Pref0,0.7895[0.283619],0.789244[0.286841],0.789773[0.280143],86,0_12
Signal0,1[0],1[0],1[0],86,0_12
Hybridindex,17.7987[1.11574],17.7828[1.10276],17.8147[1.12832],87,0_12
Pref0,0.80625[0.275383],0.802803[0.278801],0.80969[0.271886],87,0_12
Signal0,1[0],1[0],1[0],87,0_12
Hybridindex,17.818[1.09994],17.8303[1.12183],17.8063[1.07845],88,0_12
Pref0,0.8005[0.282754],0.790389[0.286951],0.810176[0.278334],88,0_12
Signal0,1[0],1[0],1[0],88,0_12
Hybridindex,17.8317[1.13007],17.8594[1.08062],17.806[1.17363],89,0_12
Pref0,0.8055[0.276893],0.801867[0.278289],0.80888[0.275545],89,0_12
Signal0,1[0],1[0],1[0],89,0_12
Hybridindex,17.8555[1.1108],17.8398[1.10077],17.872[1.12105],90,0_12
Pref0,0.814[0.267683],0.810613[0.266453],0.817575[0.268928],90,0_12
Signal0,1[0],1[0],1[0],90,0_12
Hybridindex,17.8715[1.08443],17.9064[1.04098],17.8352[1.12673],91,0_12
Pref0,0.816[0.273211],0.814706[0.275609],0.817347[0.270685],91,0_12
Signal0,1[0],1[0],1[0],91,0_12
Hybridindex,17.8747[1.09393],17.8759[1.1004],17.8736[1.08712],92,0_12
Pref0,0.819[0.268773],0.823069[0.266169],0.814739[0.271407],92,0_12
Signal0,1[0],1[0],1[0],92,0_12
Hybridindex,17.861[1.10733],17.8371[1.14048],17.8852[1.07213],93,0_12
Pref0,0.8075[0.278736],0.800894[0.280674],0.814199[0.276596],93,0_12
Signal0,1[0],1[0],1[0],93,0_12
Hybridindex,17.892[1.11595],17.8925[1.08192],17.8915[1.1493],94,0_12
Pref0,0.81975[0.277281],0.816915[0.279147],0.822613[0.275355],94,0_12
Signal0,1[0],1[0],1[0],94,0_12
Hybridindex,17.9015[1.10941],17.915[1.11469],17.8874[1.10369],95,0_12
Pref0,0.812[0.277319],0.812317[0.278708],0.811668[0.275857],95,0_12
Signal0,1[0],1[0],1[0],95,0_12
Hybridindex,17.8532[1.08563],17.8691[1.09374],17.8383[1.07772],96,0_12
Pref0,0.814[0.276413],0.81134[0.2705],0.816505[0.281845],96,0_12
Signal0,1[0],1[0],1[0],96,0_12
Hybridindex,17.856[1.07669],17.8293[1.08035],17.882[1.07247],97,0_12
Pref0,0.8205[0.266983],0.813576[0.270461],0.827246[0.263375],97,0_12
Signal0,1[0],1[0],1[0],97,0_12
Hybridindex,17.8935[1.07455],17.9027[1.09196],17.8848[1.05762],98,0_12
Pref0,0.8235[0.269903],0.836066[0.259592],0.811523[0.278851],98,0_12
Signal0,1[0],1[0],1[0],98,0_12
Hybridindex,17.8915[1.06641],17.9223[1.05763],17.8609[1.07419],99,0_12
Pref0,0.826[0.265469],0.816449[0.274109],0.835494[0.256241],99,0_12
Signal0,1[0],1[0],1[0],99,0_12
Hybridindex,17.871[1.08091],17.9134[1.07604],17.8272[1.08418],100,0_12
Pref0,0.83[0.27037],0.817913[0.28028],0.84248[0.25915],100,0_12
Signal0,1[0],1[0],1[0],100,0_12
Hybridindex,11.81[8.39189],11.8768[8.44721],11.74[8.33301],1,0_13
Pref0,0.5905[0.419595],0.593842[0.42236],0.587001[0.416651],1,0_13
Signal0,0.5905[0.419595],0.593842[0.42236],0.587001[0.416651],1,0_13
Hybridindex,14.7212[6.22741],14.7319[6.15175],14.7103[6.3038],2,0_13
Pref0,0.7375[0.342555],0.740356[0.340323],0.73458[0.344797],2,0_13
Signal0,0.73725[0.339245],0.745796[0.334572],0.728514[0.343738],2,0_13
Hybridindex,16.3702[4.14078],16.3831[4.17315],16.3569[4.10664],3,0_13
Pref0,0.816[0.279542],0.829256[0.268093],0.802147[0.29038],3,0_13
Signal0,0.84575[0.259965],0.842955[0.261795],0.848671[0.258007],3,0_13
Hybridindex,17.1223[2.81459],17.0866[2.81997],17.1574[2.80884],4,0_13
Pref0,0.85975[0.247396],0.852971[0.251949],0.866435[0.242638],4,0_13
Signal0,0.91475[0.197756],0.908359[0.202354],0.921053[0.192907],4,0_13
Hybridindex,17.2712[2.12639],17.2875[2.08993],17.2546[2.16313],5,0_13
Pref0,0.872[0.231011],0.870316[0.234366],0.873732[0.227496],5,0_13
Signal0,0.954[0.144513],0.955621[0.142197],0.952333[0.146838],5,0_13
Hybridindex,17.4237[1.7175],17.4[1.74566],17.4487[1.68704],6,0_13
Pref0,0.87825[0.232491],0.87561[0.236623],0.881026[0.228033],6,0_13
Signal0,0.981[0.0955981],0.981951[0.0932665],0.98[0.0979796],6,0_13
Hybridindex,17.4217[1.59507],17.4668[1.60007],17.381[1.58944],7,0_13
Pref0,0.8775[0.23504],0.882105[0.231234],0.873333[0.238354],7,0_13
Signal0,0.988[0.0765245],0.991053[0.0662845],0.985238[0.0846347],7,0_13
Hybridindex,17.4875[1.48739],17.4941[1.46637],17.4816[1.50577],8,0_13
Pref0,0.87675[0.231699],0.868085[0.243299],0.884434[0.220619],8,0_13
Signal0,0.99075[0.0692058],0.990426[0.0723013],0.991038[0.0663386],8,0_13
Hybridindex,17.545[1.37121],17.505[1.40911],17.5857[1.33037],9,0_13
Pref0,0.8865[0.223311],0.895337[0.217553],0.87752[0.228663],9,0_13
Signal0,0.99575[0.0459014],0.997024[0.0384609],0.994456[0.0523587],9,0_13
Hybridindex,17.5388[1.34253],17.5326[1.39732],17.5448[1.28583],10,0_13
Pref0,0.88925[0.222732],0.888554[0.219824],0.88994[0.225577],10,0_13
Signal0,0.99825[0.0295286],0.996988[0.0386905],0.999502[0.015772],10,0_13
Hybridindex,17.5132[1.3255],17.4764[1.32545],17.5514[1.32447],11,0_13
Pref0,0.89025[0.220409],0.887525[0.223544],0.893075[0.217074],11,0_13
Signal0,1[0],1[0],1[0],11,0_13
Hybridindex,17.495[1.37294],17.517[1.36897],17.473[1.37655],12,0_13
Pref0,0.89425[0.211405],0.898899[0.21174],0.88961[0.210968],12,0_13
Signal0,1[0],1[0],1[0],12,0_13
Hybridindex,17.483[1.35811],17.4737[1.36151],17.4921[1.35471],13,0_13
Pref0,0.89425[0.214923],0.886754[0.22217],0.901583[0.207327],13,0_13
Signal0,1[0],1[0],1[0],13,0_13
Hybridindex,17.3957[1.38185],17.409[1.37163],17.3833[1.39133],14,0_13
Pref0,0.89375[0.218714],0.89249[0.216394],0.894942[0.220879],14,0_13
Signal0,1[0],1[0],1[0],14,0_13
Hybridindex,17.435[1.37941],17.4577[1.3671],17.4121[1.39133],15,0_13
Pref0,0.8935[0.215425],0.898904[0.205717],0.888052[0.224655],15,0_13
Signal0,1[0],1[0],1[0],15,0_13
Hybridindex,17.3888[1.35693],17.3578[1.3625],17.4205[1.35045],16,0_13
Pref0,0.8875[0.224374],0.890918[0.221492],0.883992[0.227241],16,0_13
Signal0,1[0],1[0],1[0],16,0_13
Hybridindex,17.3945[1.34159],17.4112[1.34289],17.3784[1.34015],17,0_13
Pref0,0.89375[0.218142],0.895918[0.214009],0.891667[0.222021],17,0_13
Signal0,1[0],1[0],1[0],17,0_13
Hybridindex,17.346[1.33848],17.3335[1.34617],17.3579[1.331],18,0_13
Pref0,0.9005[0.212367],0.898566[0.211013],0.902344[0.213633],18,0_13
Signal0,1[0],1[0],1[0],18,0_13
Hybridindex,17.3343[1.34653],17.3455[1.33195],17.3233[1.36058],19,0_13
Pref0,0.89675[0.214975],0.89697[0.216704],0.896535[0.213268],19,0_13
Signal0,1[0],1[0],1[0],19,0_13
Hybridindex,17.3597[1.34535],17.3907[1.35423],17.3306[1.33627],20,0_13
Pref0,0.89725[0.214633],0.902062[0.212243],0.892718[0.216762],20,0_13
Signal0,1[0],1[0],1[0],20,0_13
Hybridindex,17.4[1.30384],17.3908[1.3361],17.4092[1.27083],21,0_13
Pref0,0.899[0.211658],0.896293[0.215892],0.901697[0.207319],21,0_13
Signal0,1[0],1[0],1[0],21,0_13
Hybridindex,17.438[1.29573],17.3953[1.30042],17.4826[1.28929],22,0_13
Pref0,0.90025[0.211955],0.896771[0.2164],0.903885[0.207145],22,0_13
Signal0,1[0],1[0],1[0],22,0_13
Hybridindex,17.468[1.26934],17.4558[1.26035],17.4796[1.27769],23,0_13
Pref0,0.90075[0.210415],0.902878[0.212826],0.898734[0.208085],23,0_13
Signal0,1[0],1[0],1[0],23,0_13
Hybridindex,17.448[1.26986],17.4385[1.283],17.4583[1.25537],24,0_13
Pref0,0.89475[0.220901],0.891451[0.22825],0.898332[0.21258],24,0_13
Signal0,1[0],1[0],1[0],24,0_13
Hybridindex,17.4352[1.27737],17.4256[1.27113],17.4446[1.28329],25,0_13
Pref0,0.89175[0.221714],0.889399[0.225196],0.894014[0.218285],25,0_13
Signal0,1[0],1[0],1[0],25,0_13
Hybridindex,17.469[1.25719],17.4661[1.2664],17.4722[1.24701],26,0_13
Pref0,0.89075[0.22235],0.902964[0.210619],0.877358[0.233807],26,0_13
Signal0,1[0],1[0],1[0],26,0_13
Hybridindex,17.4567[1.24328],17.438[1.23093],17.4741[1.25431],27,0_13
Pref0,0.88725[0.226191],0.882169[0.231027],0.891931[0.22154],27,0_13
Signal0,1[0],1[0],1[0],27,0_13
Hybridindex,17.442[1.24012],17.4735[1.20834],17.4079[1.2727],28,0_13
Pref0,0.8845[0.226185],0.880654[0.232576],0.888658[0.21899],28,0_13
Signal0,1[0],1[0],1[0],28,0_13
Hybridindex,17.4815[1.26191],17.4832[1.25636],17.4798[1.26754],29,0_13
Pref0,0.8905[0.219681],0.892574[0.218216],0.888384[0.221146],29,0_13
Signal0,1[0],1[0],1[0],29,0_13
Hybridindex,17.4557[1.24847],17.4412[1.24743],17.4701[1.24932],30,0_13
Pref0,0.887[0.22579],0.879899[0.234891],0.89403[0.216172],30,0_13
Signal0,1[0],1[0],1[0],30,0_13
Hybridindex,17.4415[1.25033],17.4855[1.24354],17.3972[1.25556],31,0_13
Pref0,0.88075[0.227276],0.87338[0.235061],0.888164[0.218916],31,0_13
Signal0,1[0],1[0],1[0],31,0_13
Hybridindex,17.4262[1.25775],17.3768[1.25213],17.4784[1.26155],32,0_13
Pref0,0.88375[0.228825],0.874878[0.235942],0.893114[0.220678],32,0_13
Signal0,1[0],1[0],1[0],32,0_13
Hybridindex,17.4698[1.22728],17.5129[1.2182],17.4257[1.23493],33,0_13
Pref0,0.8815[0.229037],0.885757[0.224721],0.877149[0.233286],33,0_13
Signal0,1[0],1[0],1[0],33,0_13
Hybridindex,17.4877[1.23267],17.508[1.26044],17.4676[1.2041],34,0_13
Pref0,0.88325[0.226924],0.87663[0.232352],0.889831[0.2212],34,0_13
Signal0,1[0],1[0],1[0],34,0_13
Hybridindex,17.5162[1.19942],17.5015[1.20602],17.5308[1.19269],35,0_13
Pref0,0.87875[0.226767],0.876761[0.229059],0.880716[0.224463],35,0_13
Signal0,1[0],1[0],1[0],35,0_13
Hybridindex,17.5087[1.18281],17.5205[1.17404],17.4964[1.19181],36,0_13
Pref0,0.8795[0.22963],0.880254[0.23204],0.87871[0.227075],36,0_13
Signal0,1[0],1[0],1[0],36,0_13
Hybridindex,17.5065[1.2005],17.5045[1.1996],17.5085[1.20139],37,0_13
Pref0,0.86925[0.240893],0.873119[0.238475],0.865404[0.243212],37,0_13
Signal0,1[0],1[0],1[0],37,0_13
Hybridindex,17.5355[1.18796],17.5749[1.1924],17.4985[1.18258],38,0_13
Pref0,0.876[0.230486],0.875517[0.233439],0.876453[0.227682],38,0_13
Signal0,1[0],1[0],1[0],38,0_13
Hybridindex,17.5272[1.19985],17.5353[1.20428],17.5191[1.19529],39,0_13
Pref0,0.87975[0.225089],0.884195[0.2224],0.875252[0.227689],39,0_13
Signal0,1[0],1[0],1[0],39,0_13
Hybridindex,17.5403[1.22709],17.5445[1.22384],17.536[1.23033],40,0_13
Pref0,0.882[0.231465],0.884116[0.22914],0.87988[0.233752],40,0_13
Signal0,1[0],1[0],1[0],40,0_13
Hybridindex,17.5502[1.20866],17.4899[1.22388],17.6091[1.1907],41,0_13
Pref0,0.88475[0.225483],0.884498[0.226941],0.884995[0.224052],41,0_13
Signal0,1[0],1[0],1[0],41,0_13
Hybridindex,17.53[1.22029],17.5563[1.22233],17.5035[1.21766],42,0_13
Pref0,0.885[0.229183],0.885344[0.230554],0.884654[0.227796],42,0_13
Signal0,1[0],1[0],1[0],42,0_13
Hybridindex,17.5285[1.1834],17.499[1.17054],17.5585[1.1956],43,0_13
Pref0,0.89775[0.214872],0.902874[0.211141],0.892533[0.218482],43,0_13
Signal0,1[0],1[0],1[0],43,0_13
Hybridindex,17.5117[1.21068],17.4915[1.20336],17.5319[1.21758],44,0_13
Pref0,0.89825[0.212772],0.903808[0.207005],0.892715[0.218224],44,0_13
Signal0,1[0],1[0],1[0],44,0_13
Hybridindex,17.4683[1.19022],17.4662[1.17518],17.4703[1.2048],45,0_13
Pref0,0.89175[0.218877],0.894046[0.212797],0.889495[0.224665],45,0_13
Signal0,1[0],1[0],1[0],45,0_13
Hybridindex,17.4875[1.18167],17.4847[1.16827],17.4904[1.19517],46,0_13
Pref0,0.8865[0.22387],0.896535[0.215576],0.876263[0.231578],46,0_13
Signal0,1[0],1[0],1[0],46,0_13
Hybridindex,17.5143[1.14703],17.5341[1.14629],17.4945[1.14743],47,0_13
Pref0,0.89075[0.224587],0.891283[0.223728],0.89022[0.225438],47,0_13
Signal0,1[0],1[0],1[0],47,0_13
Hybridindex,17.53[1.14667],17.5103[1.13878],17.5488[1.15381],48,0_13
Pref0,0.898[0.211178],0.89641[0.211314],0.899512[0.211036],48,0_13
Signal0,1[0],1[0],1[0],48,0_13
Hybridindex,17.5643[1.14017],17.5776[1.15472],17.5504[1.12473],49,0_13
Pref0,0.896[0.213738],0.893418[0.218689],0.898676[0.208448],49,0_13
Signal0,1[0],1[0],1[0],49,0_13
Hybridindex,17.5128[1.17897],17.5302[1.1854],17.495[1.17211],50,0_13
Pref0,0.89425[0.212584],0.893954[0.211543],0.894551[0.213638],50,0_13
Signal0,1[0],1[0],1[0],50,0_13
Hybridindex,17.5667[1.16035],17.5821[1.17554],17.552[1.14535],51,0_13
Pref0,0.8925[0.217241],0.899083[0.215385],0.886163[0.218827],51,0_13
Signal0,1[0],1[0],1[0],51,0_13
Hybridindex,17.5455[1.17906],17.5005[1.18516],17.5913[1.17104],52,0_13
Pref0,0.895[0.215581],0.897919[0.21232],0.892028[0.21881],52,0_13
Signal0,1[0],1[0],1[0],52,0_13
Hybridindex,17.5605[1.15903],17.5347[1.18913],17.586[1.12791],53,0_13
Pref0,0.88925[0.220475],0.898893[0.214159],0.879722[0.22614],53,0_13
Signal0,1[0],1[0],1[0],53,0_13
Hybridindex,17.617[1.10874],17.6095[1.0991],17.6254[1.11944],54,0_13
Pref0,0.88975[0.224098],0.892823[0.221774],0.886291[0.226635],54,0_13
Signal0,1[0],1[0],1[0],54,0_13
Hybridindex,17.6223[1.12191],17.6136[1.13402],17.6311[1.1093],55,0_13
Pref0,0.8965[0.213396],0.895257[0.214119],0.897773[0.212645],55,0_13
Signal0,1[0],1[0],1[0],55,0_13
Hybridindex,17.6595[1.12364],17.65[1.14215],17.669[1.10473],56,0_13
Pref0,0.89725[0.212291],0.894[0.21855],0.9005[0.205791],56,0_13
Signal0,1[0],1[0],1[0],56,0_13
Hybridindex,17.6485[1.12947],17.6865[1.11623],17.6092[1.14165],57,0_13
Pref0,0.89275[0.223321],0.904528[0.208668],0.880589[0.236891],57,0_13
Signal0,1[0],1[0],1[0],57,0_13
Hybridindex,17.6702[1.123],17.6708[1.12278],17.6697[1.12323],58,0_13
Pref0,0.889[0.22733],0.890281[0.227683],0.887725[0.226971],58,0_13
Signal0,1[0],1[0],1[0],58,0_13
Hybridindex,17.6945[1.11475],17.72[1.10523],17.6695[1.12346],59,0_13
Pref0,0.89025[0.222103],0.88446[0.22801],0.895937[0.215994],59,0_13
Signal0,1[0],1[0],1[0],59,0_13
Hybridindex,17.6705[1.13652],17.6764[1.12755],17.6645[1.14566],60,0_13
Pref0,0.88675[0.222035],0.883744[0.224775],0.889848[0.219132],60,0_13
Signal0,1[0],1[0],1[0],60,0_13
Hybridindex,17.6835[1.15524],17.6785[1.14681],17.6884[1.16354],61,0_13
Pref0,0.88875[0.226933],0.891675[0.223497],0.885842[0.230261],61,0_13
Signal0,1[0],1[0],1[0],61,0_13
Hybridindex,17.6668[1.17561],17.6484[1.1627],17.6852[1.18813],62,0_13
Pref0,0.8855[0.221675],0.891608[0.220093],0.879379[0.223081],62,0_13
Signal0,1[0],1[0],1[0],62,0_13
Hybridindex,17.641[1.13087],17.6464[1.14676],17.6356[1.11482],63,0_13
Pref0,0.89125[0.214589],0.892177[0.218638],0.890329[0.210483],63,0_13
Signal0,1[0],1[0],1[0],63,0_13
Hybridindex,17.6792[1.12294],17.6553[1.13319],17.7046[1.11139],64,0_13
Pref0,0.885[0.226991],0.884466[0.228442],0.885567[0.225439],64,0_13
Signal0,1[0],1[0],1[0],64,0_13
Hybridindex,17.6675[1.13101],17.691[1.15908],17.641[1.09791],65,0_13
Pref0,0.8805[0.22521],0.88066[0.22393],0.880319[0.226645],65,0_13
Signal0,1[0],1[0],1[0],65,0_13
Hybridindex,17.7095[1.0729],17.7152[1.07772],17.704[1.06818],66,0_13
Pref0,0.8885[0.227635],0.885554[0.228612],0.891347[0.226651],66,0_13
Signal0,1[0],1[0],1[0],66,0_13
Hybridindex,17.7553[1.08569],17.7747[1.09042],17.7357[1.08056],67,0_13
Pref0,0.88975[0.222418],0.887836[0.221325],0.891675[0.223497],67,0_13
Signal0,1[0],1[0],1[0],67,0_13
Hybridindex,17.7615[1.13539],17.7458[1.15789],17.7773[1.11217],68,0_13
Pref0,0.8965[0.214564],0.890609[0.217312],0.902402[0.211611],68,0_13
Signal0,1[0],1[0],1[0],68,0_13
Hybridindex,17.738[1.12987],17.7397[1.1313],17.7364[1.12846],69,0_13
Pref0,0.89925[0.213833],0.89556[0.215308],0.902874[0.212311],69,0_13
Signal0,1[0],1[0],1[0],69,0_13
Hybridindex,17.7553[1.12438],17.7385[1.13538],17.7713[1.11353],70,0_13
Pref0,0.89875[0.215345],0.900716[0.217856],0.896872[0.212902],70,0_13
Signal0,1[0],1[0],1[0],70,0_13
Hybridindex,17.7763[1.11661],17.8225[1.12556],17.7303[1.10573],71,0_13
Pref0,0.89725[0.216373],0.890171[0.222198],0.904287[0.210188],71,0_13
Signal0,1[0],1[0],1[0],71,0_13
Hybridindex,17.784[1.10853],17.8017[1.08942],17.7664[1.1269],72,0_13
Pref0,0.89175[0.220583],0.887048[0.225269],0.896414[0.215733],72,0_13
Signal0,1[0],1[0],1[0],72,0_13
Hybridindex,17.7903[1.09311],17.8193[1.1117],17.7629[1.07455],73,0_13
Pref0,0.89375[0.214676],0.892379[0.216478],0.895044[0.212954],73,0_13
Signal0,1[0],1[0],1[0],73,0_13
Hybridindex,17.8122[1.07081],17.8073[1.05523],17.8173[1.08626],74,0_13
Pref0,0.90275[0.205347],0.908367[0.197266],0.897088[0.213033],74,0_13
Signal0,1[0],1[0],1[0],74,0_13
Hybridindex,17.818[1.0971],17.8546[1.08563],17.7828[1.10686],75,0_13
Pref0,0.9075[0.205411],0.908673[0.205973],0.906373[0.204864],75,0_13
Signal0,1[0],1[0],1[0],75,0_13
Hybridindex,17.8807[1.09094],17.8851[1.09587],17.8763[1.08579],76,0_13
Pref0,0.905[0.206095],0.902259[0.209135],0.907841[0.202855],76,0_13
Signal0,1[0],1[0],1[0],76,0_13
Hybridindex,17.9082[1.05828],17.8933[1.06833],17.922[1.04871],77,0_13
Pref0,0.91775[0.193287],0.924558[0.184691],0.911453[0.200705],77,0_13
Signal0,1[0],1[0],1[0],77,0_13
Hybridindex,17.9043[1.05816],17.9094[1.06358],17.899[1.05253],78,0_13
Pref0,0.923[0.187273],0.918227[0.194031],0.927919[0.17991],78,0_13
Signal0,1[0],1[0],1[0],78,0_13
Hybridindex,17.8663[1.08914],17.8851[1.09924],17.846[1.07782],79,0_13
Pref0,0.922[0.188854],0.922297[0.190242],0.92168[0.187351],79,0_13
Signal0,1[0],1[0],1[0],79,0_13
Hybridindex,17.8535[1.11772],17.8293[1.11356],17.8793[1.12155],80,0_13
Pref0,0.9245[0.188546],0.926285[0.186597],0.922601[0.190581],80,0_13
Signal0,1[0],1[0],1[0],80,0_13
Hybridindex,17.842[1.09352],17.8024[1.10009],17.8822[1.08534],81,0_13
Pref0,0.9245[0.185876],0.9285[0.18062],0.920443[0.190972],81,0_13
Signal0,1[0],1[0],1[0],81,0_13
Hybridindex,17.881[1.09492],17.8993[1.09133],17.8628[1.09817],82,0_13
Pref0,0.925[0.185405],0.923848[0.189167],0.926148[0.181574],82,0_13
Signal0,1[0],1[0],1[0],82,0_13
Hybridindex,17.825[1.09858],17.8684[1.08568],17.7765[1.11083],83,0_13
Pref0,0.924[0.189008],0.924242[0.193256],0.923729[0.184139],83,0_13
Signal0,1[0],1[0],1[0],83,0_13
Hybridindex,17.8068[1.09043],17.8181[1.08783],17.7959[1.09279],84,0_13
Pref0,0.92225[0.184608],0.927766[0.1801],0.916992[0.188654],84,0_13
Signal0,1[0],1[0],1[0],84,0_13
Hybridindex,17.8135[1.08787],17.7996[1.103],17.8263[1.07361],85,0_13
Pref0,0.91425[0.198801],0.919624[0.191987],0.909309[0.204742],85,0_13
Signal0,1[0],1[0],1[0],85,0_13
Hybridindex,17.8455[1.07197],17.8613[1.07015],17.8291[1.07363],86,0_13
Pref0,0.92125[0.192804],0.922549[0.191438],0.919898[0.194207],86,0_13
Signal0,1[0],1[0],1[0],86,0_13
Hybridindex,17.8515[1.07898],17.8277[1.06819],17.8729[1.08813],87,0_13
Pref0,0.91775[0.191989],0.924947[0.181523],0.91129[0.2007],87,0_13
Signal0,1[0],1[0],1[0],87,0_13
Hybridindex,17.8747[1.05437],17.8473[1.05429],17.9004[1.05379],88,0_13
Pref0,0.91275[0.197516],0.917184[0.195378],0.908607[0.199403],88,0_13
Signal0,1[0],1[0],1[0],88,0_13
Hybridindex,17.8845[1.03497],17.8404[1.06006],17.9274[1.00807],89,0_13
Pref0,0.91775[0.191337],0.915907[0.192357],0.919546[0.190321],89,0_13
Signal0,1[0],1[0],1[0],89,0_13
Hybridindex,17.903[1.04192],17.9153[1.07535],17.8904[1.00615],90,0_13
Pref0,0.91875[0.189798],0.919704[0.190167],0.917766[0.189413],90,0_13
Signal0,1[0],1[0],1[0],90,0_13
Hybridindex,17.8897[1.0507],17.8743[1.07355],17.9056[1.02663],91,0_13
Pref0,0.9215[0.189968],0.931683[0.182898],0.911111[0.196376],91,0_13
Signal0,1[0],1[0],1[0],91,0_13
Hybridindex,17.9065[1.03005],17.8892[1.02428],17.9235[1.03543],92,0_13
Pref0,0.91475[0.198387],0.908862[0.206886],0.920556[0.189455],92,0_13
Signal0,1[0],1[0],1[0],92,0_13
Hybridindex,17.913[1.01818],17.9187[1.01951],17.907[1.01673],93,0_13
Pref0,0.91725[0.195006],0.91334[0.201714],0.921377[0.187578],93,0_13
Signal0,1[0],1[0],1[0],93,0_13
Hybridindex,17.9355[1.03987],17.9245[1.06411],17.9466[1.01458],94,0_13
Pref0,0.9115[0.199794],0.916584[0.194239],0.906344[0.205145],94,0_13
Signal0,1[0],1[0],1[0],94,0_13
Hybridindex,17.9982[1.02683],17.9878[1.02003],18.0093[1.03385],95,0_13
Pref0,0.90725[0.203771],0.910506[0.200356],0.903807[0.207265],95,0_13
Signal0,1[0],1[0],1[0],95,0_13
Hybridindex,17.9862[1.01424],18.0029[1.01746],17.9688[1.01058],96,0_13
Pref0,0.9095[0.201395],0.915362[0.196418],0.903374[0.206289],96,0_13
Signal0,1[0],1[0],1[0],96,0_13
Hybridindex,17.9795[1.01862],18.0173[1.01324],17.9386[1.02283],97,0_13
Pref0,0.9115[0.199168],0.907603[0.197749],0.915713[0.200605],97,0_13
Signal0,1[0],1[0],1[0],97,0_13
Hybridindex,18.019[0.992542],18.0311[0.969593],18.0066[1.01545],98,0_13
Pref0,0.905[0.2067],0.909763[0.201066],0.900101[0.212228],98,0_13
Signal0,1[0],1[0],1[0],98,0_13
Hybridindex,18.0305[1.00986],17.9979[1.03261],18.0613[0.986834],99,0_13
Pref0,0.9135[0.198791],0.91778[0.19742],0.909445[0.199996],99,0_13
Signal0,1[0],1[0],1[0],99,0_13
Hybridindex,18.025[1.01729],18.0074[1.00157],18.0433[1.03305],100,0_13
Pref0,0.92225[0.189288],0.914132[0.201166],0.930683[0.175707],100,0_13
Signal0,1[0],1[0],1[0],100,0_13
Hybridindex,12.375[8.3552],12.7043[8.28067],12.0515[8.41522],1,0_14
Pref0,0.61875[0.41776],0.635217[0.414034],0.602577[0.420761],1,0_14
Signal0,0.61875[0.41776],0.635217[0.414034],0.602577[0.420761],1,0_14
Hybridindex,15.099[6.1044],15.1636[6.01404],15.0368[6.18951],2,0_14
Pref0,0.75175[0.335033],0.755861[0.327594],0.747792[0.341995],2,0_14
Signal0,0.7525[0.336145],0.762487[0.330507],0.742885[0.341209],2,0_14
Hybridindex,16.8362[3.99497],16.8685[3.9415],16.8066[4.04329],3,0_14
Pref0,0.8355[0.272836],0.834551[0.276094],0.836372[0.269804],3,0_14
Signal0,0.8615[0.254102],0.864301[0.251009],0.858925[0.256886],3,0_14
Hybridindex,17.4013[2.76706],17.3721[2.71064],17.4276[2.81687],4,0_14
Pref0,0.865[0.246526],0.857895[0.255087],0.871429[0.238333],4,0_14
Signal0,0.9275[0.18026],0.937895[0.168072],0.918095[0.190128],4,0_14
Hybridindex,17.5212[2.20078],17.5272[2.14522],17.5152[2.25603],5,0_14
Pref0,0.8625[0.247171],0.865842[0.243879],0.859091[0.25044],5,0_14
Signal0,0.95675[0.142318],0.956931[0.142038],0.956566[0.142603],5,0_14
Hybridindex,17.5637[1.79772],17.521[1.80521],17.6046[1.78959],6,0_14
Pref0,0.851[0.250098],0.854145[0.244626],0.847996[0.255178],6,0_14
Signal0,0.979[0.100295],0.979529[0.0990775],0.978495[0.101441],6,0_14
Hybridindex,17.5225[1.60452],17.47[1.63133],17.5786[1.57344],7,0_14
Pref0,0.8475[0.257379],0.837367[0.267065],0.858325[0.24615],7,0_14
Signal0,0.99025[0.0691371],0.988383[0.0753218],0.992244[0.0617885],7,0_14
Hybridindex,17.4827[1.53014],17.5[1.53347],17.4653[1.52655],8,0_14
Pref0,0.83975[0.259702],0.840616[0.256337],0.838872[0.263066],8,0_14
Signal0,0.99675[0.0401801],0.995531[0.0470573],0.997986[0.0316701],8,0_14
Hybridindex,17.4967[1.44053],17.4905[1.47743],17.503[1.40247],9,0_14
Pref0,0.8295[0.270979],0.831836[0.266032],0.827154[0.275837],9,0_14
Signal0,0.99825[0.0295286],0.998004[0.0315281],0.998497[0.0273723],9,0_14
Hybridindex,17.5245[1.41947],17.5173[1.44342],17.5315[1.3958],10,0_14
Pref0,0.8265[0.267671],0.814213[0.272236],0.838424[0.262616],10,0_14
Signal0,0.9995[0.0158035],0.998985[0.0225074],1[0],10,0_14
Hybridindex,17.5945[1.40804],17.5692[1.44314],17.6204[1.37066],11,0_14
Pref0,0.825[0.269026],0.822134[0.27311],0.827935[0.264745],11,0_14
Signal0,1[0],1[0],1[0],11,0_14
Hybridindex,17.604[1.3534],17.5862[1.32913],17.6221[1.37743],12,0_14
Pref0,0.82875[0.26608],0.827056[0.2654],0.830474[0.266759],12,0_14
Signal0,1[0],1[0],1[0],12,0_14
Hybridindex,17.5748[1.33736],17.5348[1.35674],17.6152[1.31623],13,0_14
Pref0,0.82925[0.263571],0.830517[0.259708],0.827968[0.267416],13,0_14
Signal0,1[0],1[0],1[0],13,0_14
Hybridindex,17.552[1.32648],17.5745[1.27851],17.531[1.36953],14,0_14
Pref0,0.8325[0.266353],0.834023[0.265396],0.831075[0.267237],14,0_14
Signal0,1[0],1[0],1[0],14,0_14
Hybridindex,17.5415[1.3027],17.5[1.27906],17.5839[1.32508],15,0_14
Pref0,0.8335[0.256472],0.835312[0.253227],0.831648[0.259733],15,0_14
Signal0,1[0],1[0],1[0],15,0_14
Hybridindex,17.5018[1.33506],17.5287[1.34012],17.4733[1.3291],16,0_14
Pref0,0.8355[0.262087],0.830574[0.265732],0.840699[0.258083],16,0_14
Signal0,1[0],1[0],1[0],16,0_14
Hybridindex,17.4928[1.31826],17.5569[1.27304],17.4284[1.35904],17,0_14
Pref0,0.84[0.261056],0.844655[0.257929],0.835335[0.264069],17,0_14
Signal0,1[0],1[0],1[0],17,0_14
Hybridindex,17.5185[1.31858],17.4917[1.32226],17.5435[1.31464],18,0_14
Pref0,0.841[0.259748],0.830228[0.265624],0.851064[0.253722],18,0_14
Signal0,1[0],1[0],1[0],18,0_14
Hybridindex,17.5135[1.29878],17.5029[1.26028],17.5245[1.3375],19,0_14
Pref0,0.83575[0.26438],0.83366[0.264993],0.83792[0.263725],19,0_14
Signal0,1[0],1[0],1[0],19,0_14
Hybridindex,17.498[1.27554],17.5194[1.26325],17.4764[1.28749],20,0_14
Pref0,0.83275[0.266275],0.835487[0.268497],0.82998[0.263979],20,0_14
Signal0,1[0],1[0],1[0],20,0_14
Hybridindex,17.4925[1.2708],17.531[1.23964],17.4564[1.29837],21,0_14
Pref0,0.832[0.265567],0.828173[0.263228],0.835597[0.267698],21,0_14
Signal0,1[0],1[0],1[0],21,0_14
Hybridindex,17.4835[1.23227],17.49[1.20638],17.477[1.25753],22,0_14
Pref0,0.82325[0.273193],0.831331[0.273686],0.815185[0.272461],22,0_14
Signal0,1[0],1[0],1[0],22,0_14
Hybridindex,17.4982[1.27784],17.5005[1.288],17.496[1.26756],23,0_14
Pref0,0.8185[0.272136],0.825848[0.270581],0.811122[0.273489],23,0_14
Signal0,1[0],1[0],1[0],23,0_14
Hybridindex,17.4705[1.28477],17.4589[1.2904],17.4826[1.27874],24,0_14
Pref0,0.809[0.277523],0.812133[0.272571],0.805726[0.282568],24,0_14
Signal0,1[0],1[0],1[0],24,0_14
Hybridindex,17.4395[1.27724],17.3974[1.24345],17.4836[1.31024],25,0_14
Pref0,0.80475[0.28373],0.792766[0.294237],0.817298[0.271728],25,0_14
Signal0,1[0],1[0],1[0],25,0_14
Hybridindex,17.3865[1.28622],17.3946[1.28067],17.3782[1.29186],26,0_14
Pref0,0.80325[0.282249],0.804926[0.283148],0.801523[0.281309],26,0_14
Signal0,1[0],1[0],1[0],26,0_14
Hybridindex,17.423[1.27655],17.4585[1.29042],17.3876[1.26155],27,0_14
Pref0,0.80475[0.278841],0.795295[0.282786],0.814186[0.274524],27,0_14
Signal0,1[0],1[0],1[0],27,0_14
Hybridindex,17.4385[1.28237],17.401[1.31153],17.4738[1.25326],28,0_14
Pref0,0.80675[0.28201],0.816495[0.274962],0.797573[0.288188],28,0_14
Signal0,1[0],1[0],1[0],28,0_14
Hybridindex,17.4703[1.27505],17.4318[1.31079],17.5096[1.23612],29,0_14
Pref0,0.81475[0.2689],0.823617[0.264436],0.805668[0.273099],29,0_14
Signal0,1[0],1[0],1[0],29,0_14
Hybridindex,17.4578[1.28203],17.4473[1.27313],17.4681[1.29073],30,0_14
Pref0,0.816[0.275035],0.818957[0.269796],0.813061[0.280113],30,0_14
Signal0,1[0],1[0],1[0],30,0_14
Hybridindex,17.501[1.27828],17.5086[1.2822],17.4935[1.27435],31,0_14
Pref0,0.81775[0.272323],0.820926[0.272157],0.814612[0.272452],31,0_14
Signal0,1[0],1[0],1[0],31,0_14
Hybridindex,17.502[1.23217],17.5377[1.21833],17.4676[1.24441],32,0_14
Pref0,0.82475[0.271408],0.820265[0.269885],0.829077[0.2728],32,0_14
Signal0,1[0],1[0],1[0],32,0_14
Hybridindex,17.5205[1.21309],17.5264[1.21392],17.5145[1.21222],33,0_14
Pref0,0.82675[0.270849],0.816866[0.275668],0.836673[0.265554],33,0_14
Signal0,1[0],1[0],1[0],33,0_14
Hybridindex,17.51[1.21312],17.4739[1.24573],17.5472[1.17748],34,0_14
Pref0,0.84225[0.256398],0.837278[0.25734],0.847363[0.255325],34,0_14
Signal0,1[0],1[0],1[0],34,0_14
Hybridindex,17.5305[1.22661],17.5732[1.2343],17.485[1.21673],35,0_14
Pref0,0.846[0.257942],0.85936[0.252259],0.831785[0.26311],35,0_14
Signal0,1[0],1[0],1[0],35,0_14
Hybridindex,17.5055[1.21829],17.4655[1.25105],17.5455[1.18333],36,0_14
Pref0,0.84425[0.249233],0.843844[0.252395],0.844655[0.246035],36,0_14
Signal0,1[0],1[0],1[0],36,0_14
Hybridindex,17.4692[1.21014],17.4786[1.22101],17.4603[1.19953],37,0_14
Pref0,0.85[0.253969],0.854082[0.249762],0.846078[0.257884],37,0_14
Signal0,1[0],1[0],1[0],37,0_14
Hybridindex,17.5255[1.2257],17.498[1.23813],17.5523[1.2129],38,0_14
Pref0,0.85275[0.247371],0.852434[0.248278],0.853057[0.246485],38,0_14
Signal0,1[0],1[0],1[0],38,0_14
Hybridindex,17.5068[1.21854],17.4746[1.21506],17.5404[1.22126],39,0_14
Pref0,0.8565[0.252305],0.858611[0.247925],0.854294[0.256783],39,0_14
Signal0,1[0],1[0],1[0],39,0_14
Hybridindex,17.4977[1.2207],17.5261[1.21357],17.4674[1.22759],40,0_14
Pref0,0.86075[0.245936],0.878744[0.231634],0.841451[0.259018],40,0_14
Signal0,1[0],1[0],1[0],40,0_14
Hybridindex,17.463[1.21558],17.498[1.22786],17.4294[1.2027],41,0_14
Pref0,0.86175[0.241892],0.859694[0.240021],0.863725[0.24366],41,0_14
Signal0,1[0],1[0],1[0],41,0_14
Hybridindex,17.4485[1.19743],17.4463[1.18954],17.4505[1.20466],42,0_14
Pref0,0.8635[0.242627],0.860271[0.237901],0.866475[0.246863],42,0_14
Signal0,1[0],1[0],1[0],42,0_14
Hybridindex,17.4142[1.17666],17.4085[1.20438],17.4197[1.14975],43,0_14
Pref0,0.845[0.253919],0.837616[0.257155],0.851996[0.250614],43,0_14
Signal0,1[0],1[0],1[0],43,0_14
Hybridindex,17.3992[1.20664],17.4309[1.20987],17.3694[1.20282],44,0_14
Pref0,0.845[0.258312],0.841237[0.262915],0.848544[0.25385],44,0_14
Signal0,1[0],1[0],1[0],44,0_14
Hybridindex,17.4175[1.23357],17.3836[1.28457],17.4518[1.17883],45,0_14
Pref0,0.84325[0.257011],0.838806[0.262757],0.847739[0.250993],45,0_14
Signal0,1[0],1[0],1[0],45,0_14
Hybridindex,17.4255[1.25974],17.4162[1.23991],17.4349[1.27927],46,0_14
Pref0,0.8455[0.255205],0.8498[0.25004],0.841182[0.260217],46,0_14
Signal0,1[0],1[0],1[0],46,0_14
Hybridindex,17.398[1.2598],17.3826[1.29104],17.4134[1.2275],47,0_14
Pref0,0.84675[0.253751],0.85015[0.253886],0.843343[0.25357],47,0_14
Signal0,1[0],1[0],1[0],47,0_14
Hybridindex,17.3702[1.26166],17.38[1.26475],17.3614[1.25877],48,0_14
Pref0,0.8375[0.259507],0.841195[0.262409],0.83413[0.256785],48,0_14
Signal0,1[0],1[0],1[0],48,0_14
Hybridindex,17.3568[1.25334],17.3838[1.24037],17.3302[1.26535],49,0_14
Pref0,0.848[0.255237],0.84596[0.25278],0.85[0.257607],49,0_14
Signal0,1[0],1[0],1[0],49,0_14
Hybridindex,17.3315[1.22724],17.3064[1.24336],17.3571[1.21003],50,0_14
Pref0,0.8535[0.254043],0.862376[0.247503],0.844444[0.260234],50,0_14
Signal0,1[0],1[0],1[0],50,0_14
Hybridindex,17.317[1.22138],17.3121[1.19383],17.3217[1.24735],51,0_14
Pref0,0.84125[0.257727],0.84776[0.25527],0.834971[0.259921],51,0_14
Signal0,1[0],1[0],1[0],51,0_14
Hybridindex,17.3235[1.21268],17.2971[1.22256],17.3498[1.20219],52,0_14
Pref0,0.837[0.264445],0.82515[0.269042],0.848802[0.259247],52,0_14
Signal0,1[0],1[0],1[0],52,0_14
Hybridindex,17.2705[1.26613],17.265[1.27892],17.2761[1.25313],53,0_14
Pref0,0.83325[0.263286],0.839321[0.258837],0.827154[0.267539],53,0_14
Signal0,1[0],1[0],1[0],53,0_14
Hybridindex,17.2338[1.27092],17.2348[1.25838],17.2326[1.28423],54,0_14
Pref0,0.8305[0.263191],0.823671[0.271104],0.837824[0.254227],54,0_14
Signal0,1[0],1[0],1[0],54,0_14
Hybridindex,17.2583[1.24577],17.323[1.19873],17.187[1.29183],55,0_14
Pref0,0.82575[0.26835],0.829198[0.263792],0.821954[0.27323],55,0_14
Signal0,1[0],1[0],1[0],55,0_14
Hybridindex,17.2955[1.23812],17.2697[1.21939],17.3195[1.25482],56,0_14
Pref0,0.823[0.270501],0.829876[0.266761],0.816602[0.273781],56,0_14
Signal0,1[0],1[0],1[0],56,0_14
Hybridindex,17.2862[1.21889],17.259[1.22097],17.3134[1.2162],57,0_14
Pref0,0.82225[0.272084],0.814128[0.278255],0.830339[0.26555],57,0_14
Signal0,1[0],1[0],1[0],57,0_14
Hybridindex,17.3167[1.22405],17.3483[1.215],17.2872[1.23171],58,0_14
Pref0,0.82625[0.270067],0.82971[0.261856],0.823017[0.277479],58,0_14
Signal0,1[0],1[0],1[0],58,0_14
Hybridindex,17.3373[1.21455],17.3531[1.19623],17.3202[1.23379],59,0_14
Pref0,0.8255[0.264196],0.82659[0.263894],0.824324[0.264518],59,0_14
Signal0,1[0],1[0],1[0],59,0_14
Hybridindex,17.3105[1.22448],17.2859[1.21568],17.3347[1.23256],60,0_14
Pref0,0.83[0.263818],0.833333[0.263044],0.826733[0.264534],60,0_14
Signal0,1[0],1[0],1[0],60,0_14
Hybridindex,17.319[1.21192],17.3284[1.18946],17.3099[1.23313],61,0_14
Pref0,0.8235[0.271289],0.825866[0.263578],0.821218[0.278506],61,0_14
Signal0,1[0],1[0],1[0],61,0_14
Hybridindex,17.365[1.19123],17.3784[1.17672],17.3507[1.20634],62,0_14
Pref0,0.81775[0.270943],0.812016[0.27232],0.823864[0.269333],62,0_14
Signal0,1[0],1[0],1[0],62,0_14
Hybridindex,17.3768[1.15863],17.436[1.1263],17.3155[1.188],63,0_14
Pref0,0.81675[0.271191],0.808071[0.278094],0.825711[0.263574],63,0_14
Signal0,1[0],1[0],1[0],63,0_14
Hybridindex,17.3745[1.18226],17.3391[1.17635],17.4111[1.18723],64,0_14
Pref0,0.82075[0.266448],0.823327[0.263489],0.818089[0.269443],64,0_14
Signal0,1[0],1[0],1[0],64,0_14
Hybridindex,17.3395[1.13435],17.3466[1.12329],17.332[1.14598],65,0_14
Pref0,0.82125[0.273264],0.81849[0.275169],0.824199[0.271184],65,0_14
Signal0,1[0],1[0],1[0],65,0_14
Hybridindex,17.3712[1.18493],17.3588[1.2309],17.383[1.13981],66,0_14
Pref0,0.82725[0.269318],0.837629[0.260207],0.817476[0.277271],66,0_14
Signal0,1[0],1[0],1[0],66,0_14
Hybridindex,17.371[1.17073],17.3596[1.18959],17.3822[1.15183],67,0_14
Pref0,0.83[0.266646],0.830808[0.262871],0.829208[0.270292],67,0_14
Signal0,1[0],1[0],1[0],67,0_14
Hybridindex,17.3607[1.15141],17.3422[1.18868],17.3798[1.11144],68,0_14
Pref0,0.83075[0.266888],0.836785[0.26225],0.824544[0.271436],68,0_14
Signal0,1[0],1[0],1[0],68,0_14
Hybridindex,17.3528[1.13828],17.3316[1.14273],17.3726[1.13374],69,0_14
Pref0,0.8385[0.258201],0.847107[0.250767],0.830426[0.26473],69,0_14
Signal0,1[0],1[0],1[0],69,0_14
Hybridindex,17.3605[1.13536],17.4274[1.13582],17.2946[1.13104],70,0_14
Pref0,0.83375[0.261698],0.829637[0.263178],0.837798[0.26017],70,0_14
Signal0,1[0],1[0],1[0],70,0_14
Hybridindex,17.371[1.15839],17.3474[1.16502],17.394[1.15143],71,0_14
Pref0,0.8375[0.257087],0.8357[0.262388],0.83925[0.251814],71,0_14
Signal0,1[0],1[0],1[0],71,0_14
Hybridindex,17.384[1.16675],17.3597[1.18685],17.4081[1.14602],72,0_14
Pref0,0.8335[0.258897],0.829477[0.260294],0.837475[0.257448],72,0_14
Signal0,1[0],1[0],1[0],72,0_14
Hybridindex,17.3362[1.17975],17.3352[1.16145],17.3373[1.19738],73,0_14
Pref0,0.83325[0.266119],0.834681[0.260707],0.83185[0.271302],73,0_14
Signal0,1[0],1[0],1[0],73,0_14
Hybridindex,17.3585[1.16038],17.3563[1.13751],17.3607[1.18258],74,0_14
Pref0,0.8315[0.265721],0.833668[0.259923],0.829353[0.271323],74,0_14
Signal0,1[0],1[0],1[0],74,0_14
Hybridindex,17.3122[1.20639],17.2918[1.20505],17.3327[1.20738],75,0_14
Pref0,0.826[0.271982],0.829329[0.274273],0.822677[0.269634],75,0_14
Signal0,1[0],1[0],1[0],75,0_14
Hybridindex,17.2658[1.19854],17.2875[1.21861],17.2434[1.17722],76,0_14
Pref0,0.8185[0.271676],0.812747[0.278983],0.824393[0.263851],76,0_14
Signal0,1[0],1[0],1[0],76,0_14
Hybridindex,17.2613[1.17052],17.2485[1.1884],17.2738[1.15252],77,0_14
Pref0,0.826[0.265469],0.827621[0.260898],0.824405[0.269883],77,0_14
Signal0,1[0],1[0],1[0],77,0_14
Hybridindex,17.2477[1.19038],17.2849[1.16113],17.212[1.21679],78,0_14
Pref0,0.821[0.278315],0.810907[0.284089],0.830716[0.272286],78,0_14
Signal0,1[0],1[0],1[0],78,0_14
Hybridindex,17.2497[1.16372],17.2909[1.18511],17.2058[1.13879],79,0_14
Pref0,0.82475[0.266294],0.823814[0.26753],0.82575[0.264963],79,0_14
Signal0,1[0],1[0],1[0],79,0_14
Hybridindex,17.297[1.15803],17.2958[1.16659],17.2981[1.15016],80,0_14
Pref0,0.82025[0.271229],0.820419[0.268702],0.820096[0.273517],80,0_14
Signal0,1[0],1[0],1[0],80,0_14
Hybridindex,17.3143[1.13297],17.3305[1.11173],17.2978[1.15384],81,0_14
Pref0,0.82175[0.272676],0.817594[0.269892],0.825956[0.2754],81,0_14
Signal0,1[0],1[0],1[0],81,0_14
Hybridindex,17.359[1.11798],17.3539[1.13227],17.3639[1.10407],82,0_14
Pref0,0.82375[0.264218],0.821246[0.269714],0.826151[0.258815],82,0_14
Signal0,1[0],1[0],1[0],82,0_14
Hybridindex,17.3145[1.12443],17.315[1.14798],17.314[1.10076],83,0_14
Pref0,0.8225[0.265977],0.824597[0.263697],0.820437[0.268186],83,0_14
Signal0,1[0],1[0],1[0],83,0_14
Hybridindex,17.344[1.14145],17.311[1.1517],17.3805[1.1289],84,0_14
Pref0,0.8195[0.274627],0.81381[0.276629],0.825789[0.272258],84,0_14
Signal0,1[0],1[0],1[0],84,0_14
Hybridindex,17.3873[1.13442],17.3526[1.15758],17.4192[1.11166],85,0_14
Pref0,0.81625[0.277689],0.809896[0.282393],0.822115[0.273143],85,0_14
Signal0,1[0],1[0],1[0],85,0_14
Hybridindex,17.3925[1.15399],17.4033[1.15913],17.3816[1.14869],86,0_14
Pref0,0.815[0.278433],0.813061[0.279222],0.816951[0.277623],86,0_14
Signal0,1[0],1[0],1[0],86,0_14
Hybridindex,17.3697[1.15029],17.3796[1.13614],17.3593[1.16491],87,0_14
Pref0,0.8105[0.27765],0.80653[0.278093],0.814682[0.277122],87,0_14
Signal0,1[0],1[0],1[0],87,0_14
Hybridindex,17.3227[1.14639],17.2937[1.18086],17.3516[1.11039],88,0_14
Pref0,0.808[0.274565],0.804719[0.273068],0.811255[0.276004],88,0_14
Signal0,1[0],1[0],1[0],88,0_14
Hybridindex,17.3182[1.1752],17.3372[1.19543],17.2981[1.15304],89,0_14
Pref0,0.81175[0.279172],0.823615[0.268596],0.799176[0.289428],89,0_14
Signal0,1[0],1[0],1[0],89,0_14
Hybridindex,17.3053[1.18351],17.307[1.18968],17.3035[1.17708],90,0_14
Pref0,0.8185[0.272594],0.819253[0.275458],0.817719[0.269592],90,0_14
Signal0,1[0],1[0],1[0],90,0_14
Hybridindex,17.357[1.18998],17.3931[1.16691],17.3218[1.211],91,0_14
Pref0,0.82125[0.273721],0.836373[0.259225],0.806515[0.286375],91,0_14
Signal0,1[0],1[0],1[0],91,0_14
Hybridindex,17.3283[1.22194],17.3046[1.24741],17.3521[1.19529],92,0_14
Pref0,0.821[0.273329],0.822034[0.273421],0.81996[0.273234],92,0_14
Signal0,1[0],1[0],1[0],92,0_14
Hybridindex,17.3212[1.20724],17.3393[1.20059],17.3032[1.21357],93,0_14
Pref0,0.829[0.264119],0.826326[0.267749],0.831668[0.260419],93,0_14
Signal0,1[0],1[0],1[0],93,0_14
Hybridindex,17.349[1.17843],17.3186[1.17877],17.3812[1.17721],94,0_14
Pref0,0.83725[0.265777],0.839494[0.264679],0.834877[0.266913],94,0_14
Signal0,1[0],1[0],1[0],94,0_14
Hybridindex,17.3245[1.18044],17.3178[1.18929],17.3313[1.17137],95,0_14
Pref0,0.836[0.263826],0.842105[0.254834],0.829809[0.272502],95,0_14
Signal0,1[0],1[0],1[0],95,0_14
Hybridindex,17.3347[1.17178],17.3659[1.15935],17.3056[1.18253],96,0_14
Pref0,0.84025[0.258079],0.841615[0.259931],0.838975[0.256331],96,0_14
Signal0,1[0],1[0],1[0],96,0_14
Hybridindex,17.3335[1.17623],17.3647[1.18557],17.302[1.16589],97,0_14
Pref0,0.84275[0.261051],0.841294[0.256141],0.844221[0.265909],97,0_14
Signal0,1[0],1[0],1[0],97,0_14
Hybridindex,17.3435[1.16222],17.3446[1.20228],17.3424[1.12039],98,0_14
Pref0,0.83825[0.25877],0.84512[0.253788],0.831325[0.263515],98,0_14
Signal0,1[0],1[0],1[0],98,0_14
Hybridindex,17.3367[1.1695],17.3236[1.18627],17.3494[1.15298],99,0_14
Pref0,0.8355[0.262087],0.83945[0.260289],0.831698[0.263751],99,0_14
Signal0,1[0],1[0],1[0],99,0_14
Hybridindex,17.3152[1.18015],17.3544[1.16517],17.2751[1.19398],100,0_14
Pref0,0.83625[0.261841],0.839092[0.261501],0.833333[0.262158],100,0_14
Signal0,1[0],1[0],1[0],100,0_14
Hybridindex,12.12[8.23442],11.8644[8.33099],12.3771[8.128],1,0_15
Pref0,0.606[0.411721],0.59322[0.416549],0.618857[0.4064],1,0_15
Signal0,0.606[0.411721],0.59322[0.416549],0.618857[0.4064],1,0_15
Hybridindex,15.2873[5.9918],15.4242[5.89123],15.1549[6.08449],2,0_15
Pref0,0.7605[0.333751],0.761445[0.328857],0.759587[0.338411],2,0_15
Signal0,0.76625[0.329372],0.771617[0.32209],0.761062[0.33618],2,0_15
Hybridindex,16.7278[3.84379],16.77[3.83751],16.6844[3.84975],3,0_15
Pref0,0.83225[0.267834],0.830701[0.276087],0.83384[0.25908],3,0_15
Signal0,0.8645[0.245234],0.8692[0.244221],0.859676[0.246177],3,0_15
Hybridindex,17.4715[2.41479],17.476[2.34743],17.4668[2.48321],4,0_15
Pref0,0.87425[0.237301],0.876712[0.229791],0.871677[0.244877],4,0_15
Signal0,0.92975[0.175185],0.931996[0.171398],0.927403[0.179027],4,0_15
Hybridindex,17.5652[1.97272],17.5591[1.98001],17.5714[1.9654],5,0_15
Pref0,0.8835[0.228971],0.87988[0.234821],0.887113[0.222922],5,0_15
Signal0,0.9605[0.135793],0.956957[0.142019],0.964036[0.129184],5,0_15
Hybridindex,17.6217[1.70237],17.6413[1.68635],17.6023[1.71795],6,0_15
Pref0,0.8795[0.22634],0.872244[0.230363],0.886727[0.222024],6,0_15
Signal0,0.982[0.093145],0.985972[0.0825666],0.978044[0.10245],6,0_15
Hybridindex,17.6385[1.51668],17.6341[1.53287],17.6428[1.5007],7,0_15
Pref0,0.8785[0.230733],0.879049[0.231166],0.877964[0.230309],7,0_15
Signal0,0.98975[0.0708515],0.990891[0.0668706],0.988636[0.0745163],7,0_15
Hybridindex,17.651[1.41464],17.6913[1.37967],17.6089[1.44909],8,0_15
Pref0,0.87925[0.231936],0.885519[0.229023],0.872699[0.234763],8,0_15
Signal0,0.99425[0.0533098],0.99364[0.056032],0.994888[0.0503001],8,0_15
Hybridindex,17.6635[1.3814],17.644[1.3847],17.6824[1.37792],9,0_15
Pref0,0.88725[0.218889],0.883874[0.225084],0.890533[0.212641],9,0_15
Signal0,0.998[0.0315595],0.997972[0.0317818],0.998028[0.0313417],9,0_15
Hybridindex,17.6345[1.36516],17.6184[1.35686],17.6503[1.3731],10,0_15
Pref0,0.88[0.226053],0.888105[0.221295],0.872024[0.230362],10,0_15
Signal0,0.9995[0.0158035],0.999496[0.015867],0.999504[0.0157407],10,0_15
Hybridindex,17.634[1.32336],17.6043[1.32875],17.6627[1.3175],11,0_15
Pref0,0.87775[0.233837],0.876399[0.229406],0.879056[0.238035],11,0_15
Signal0,1[0],1[0],1[0],11,0_15
Hybridindex,17.668[1.32383],17.6978[1.34008],17.6369[1.30594],12,0_15
Pref0,0.8765[0.232374],0.869736[0.237673],0.883555[0.226501],12,0_15
Signal0,1[0],1[0],1[0],12,0_15
Hybridindex,17.642[1.32772],17.646[1.35276],17.6378[1.30129],13,0_15
Pref0,0.88825[0.223354],0.875615[0.230461],0.901322[0.214974],13,0_15
Signal0,1[0],1[0],1[0],13,0_15
Hybridindex,17.621[1.35171],17.6191[1.38616],17.6227[1.32065],14,0_15
Pref0,0.8875[0.222135],0.89156[0.217413],0.883929[0.226146],14,0_15
Signal0,1[0],1[0],1[0],14,0_15
Hybridindex,17.625[1.36065],17.687[1.29923],17.562[1.41757],15,0_15
Pref0,0.886[0.223056],0.886905[0.22072],0.885081[0.225401],15,0_15
Signal0,1[0],1[0],1[0],15,0_15
Hybridindex,17.5733[1.3673],17.5477[1.32951],17.5991[1.40404],16,0_15
Pref0,0.88[0.230976],0.871272[0.2382],0.888833[0.22308],16,0_15
Signal0,1[0],1[0],1[0],16,0_15
Hybridindex,17.5787[1.3166],17.528[1.32121],17.6262[1.31049],17,0_15
Pref0,0.879[0.225519],0.878882[0.227119],0.87911[0.224015],17,0_15
Signal0,1[0],1[0],1[0],17,0_15
Hybridindex,17.5428[1.29105],17.5393[1.29356],17.5463[1.28842],18,0_15
Pref0,0.87725[0.231964],0.873772[0.237724],0.880855[0.225782],18,0_15
Signal0,1[0],1[0],1[0],18,0_15
Hybridindex,17.519[1.28253],17.5045[1.286],17.5333[1.27894],19,0_15
Pref0,0.8785[0.231814],0.874622[0.235646],0.882324[0.227907],19,0_15
Signal0,1[0],1[0],1[0],19,0_15
Hybridindex,17.51[1.29089],17.5039[1.27025],17.5164[1.31225],20,0_15
Pref0,0.87325[0.23518],0.870858[0.238045],0.87577[0.232096],20,0_15
Signal0,1[0],1[0],1[0],20,0_15
Hybridindex,17.4685[1.27799],17.4837[1.24137],17.4529[1.31426],21,0_15
Pref0,0.8715[0.235558],0.87253[0.226802],0.870445[0.244198],21,0_15
Signal0,1[0],1[0],1[0],21,0_15
Hybridindex,17.4417[1.29218],17.4267[1.30368],17.4571[1.28016],22,0_15
Pref0,0.86725[0.233992],0.867822[0.233578],0.866667[0.234413],22,0_15
Signal0,1[0],1[0],1[0],22,0_15
Hybridindex,17.441[1.29654],17.4328[1.32784],17.4493[1.26415],23,0_15
Pref0,0.87175[0.236489],0.871016[0.235213],0.87249[0.237765],23,0_15
Signal0,1[0],1[0],1[0],23,0_15
Hybridindex,17.4145[1.26063],17.4011[1.24422],17.4282[1.27704],24,0_15
Pref0,0.86275[0.242461],0.858556[0.245178],0.867037[0.239576],24,0_15
Signal0,1[0],1[0],1[0],24,0_15
Hybridindex,17.2993[1.31409],17.2988[1.31788],17.2997[1.3103],25,0_15
Pref0,0.865[0.241402],0.865866[0.238921],0.864136[0.24385],25,0_15
Signal0,1[0],1[0],1[0],25,0_15
Hybridindex,17.283[1.28731],17.2773[1.30391],17.2894[1.26822],26,0_15
Pref0,0.8565[0.247301],0.845104[0.25723],0.869403[0.234888],26,0_15
Signal0,1[0],1[0],1[0],26,0_15
Hybridindex,17.3433[1.28795],17.3711[1.26001],17.3158[1.31434],27,0_15
Pref0,0.853[0.252767],0.853474[0.25074],0.852532[0.254748],27,0_15
Signal0,1[0],1[0],1[0],27,0_15
Hybridindex,17.3735[1.28004],17.3489[1.28448],17.3991[1.27491],28,0_15
Pref0,0.84475[0.255974],0.844946[0.256422],0.844546[0.255507],28,0_15
Signal0,1[0],1[0],1[0],28,0_15
Hybridindex,17.3543[1.30648],17.333[1.30544],17.3756[1.30717],29,0_15
Pref0,0.849[0.249397],0.84995[0.245939],0.848044[0.252825],29,0_15
Signal0,1[0],1[0],1[0],29,0_15
Hybridindex,17.371[1.31439],17.3892[1.31667],17.3536[1.31195],30,0_15
Pref0,0.842[0.257946],0.8381[0.25982],0.845739[0.25608],30,0_15
Signal0,1[0],1[0],1[0],30,0_15
Hybridindex,17.4155[1.30542],17.4325[1.28758],17.3978[1.32356],31,0_15
Pref0,0.84725[0.254052],0.848337[0.257931],0.846115[0.249929],31,0_15
Signal0,1[0],1[0],1[0],31,0_15
Hybridindex,17.4097[1.28588],17.3884[1.29814],17.4322[1.27245],32,0_15
Pref0,0.848[0.252777],0.838207[0.257712],0.858316[0.247052],32,0_15
Signal0,1[0],1[0],1[0],32,0_15
Hybridindex,17.3672[1.28043],17.3305[1.26627],17.4034[1.29317],33,0_15
Pref0,0.852[0.251686],0.859738[0.242971],0.8444[0.259738],33,0_15
Signal0,1[0],1[0],1[0],33,0_15
Hybridindex,17.3815[1.24998],17.395[1.23486],17.3673[1.26551],34,0_15
Pref0,0.85425[0.256187],0.855957[0.255799],0.852459[0.256582],34,0_15
Signal0,1[0],1[0],1[0],34,0_15
Hybridindex,17.3995[1.2381],17.3622[1.23563],17.438[1.23948],35,0_15
Pref0,0.86325[0.243771],0.859744[0.247554],0.86687[0.239749],35,0_15
Signal0,1[0],1[0],1[0],35,0_15
Hybridindex,17.3863[1.22757],17.3425[1.24533],17.4271[1.20936],36,0_15
Pref0,0.86475[0.239963],0.856995[0.246773],0.871981[0.233204],36,0_15
Signal0,1[0],1[0],1[0],36,0_15
Hybridindex,17.361[1.24033],17.3458[1.23708],17.3763[1.24341],37,0_15
Pref0,0.85425[0.253736],0.852794[0.262487],0.855711[0.244627],37,0_15
Signal0,1[0],1[0],1[0],37,0_15
Hybridindex,17.3523[1.26047],17.331[1.29021],17.374[1.2289],38,0_15
Pref0,0.85975[0.245367],0.859684[0.250642],0.859818[0.239844],38,0_15
Signal0,1[0],1[0],1[0],38,0_15
Hybridindex,17.3435[1.23653],17.306[1.25426],17.3793[1.21828],39,0_15
Pref0,0.857[0.248598],0.849028[0.252888],0.864614[0.244188],39,0_15
Signal0,1[0],1[0],1[0],39,0_15
Hybridindex,17.3117[1.26321],17.3104[1.26806],17.3131[1.25815],40,0_15
Pref0,0.8475[0.257379],0.846758[0.259579],0.848269[0.255075],40,0_15
Signal0,1[0],1[0],1[0],40,0_15
Hybridindex,17.3005[1.29777],17.2972[1.29367],17.3038[1.30189],41,0_15
Pref0,0.844[0.257709],0.850398[0.248724],0.837525[0.266338],41,0_15
Signal0,1[0],1[0],1[0],41,0_15
Hybridindex,17.2742[1.26468],17.3126[1.25437],17.2401[1.27281],42,0_15
Pref0,0.8485[0.256511],0.848195[0.261248],0.848771[0.252218],42,0_15
Signal0,1[0],1[0],1[0],42,0_15
Hybridindex,17.3005[1.25786],17.3218[1.23223],17.278[1.28396],43,0_15
Pref0,0.849[0.251891],0.849562[0.249649],0.848407[0.254234],43,0_15
Signal0,1[0],1[0],1[0],43,0_15
Hybridindex,17.2772[1.23582],17.2875[1.20702],17.2675[1.26249],44,0_15
Pref0,0.8485[0.255045],0.856776[0.244593],0.840643[0.264345],44,0_15
Signal0,1[0],1[0],1[0],44,0_15
Hybridindex,17.2915[1.20718],17.2846[1.21275],17.2985[1.20148],45,0_15
Pref0,0.858[0.250172],0.853234[0.253536],0.862814[0.246634],45,0_15
Signal0,1[0],1[0],1[0],45,0_15
Hybridindex,17.2843[1.20149],17.2798[1.20833],17.2889[1.19426],46,0_15
Pref0,0.855[0.248445],0.860352[0.244131],0.849385[0.252771],46,0_15
Signal0,1[0],1[0],1[0],46,0_15
Hybridindex,17.2755[1.21967],17.3717[1.18159],17.1768[1.24988],47,0_15
Pref0,0.85225[0.252577],0.852419[0.254644],0.852077[0.250437],47,0_15
Signal0,1[0],1[0],1[0],47,0_15
Hybridindex,17.2767[1.26522],17.257[1.27537],17.2968[1.25455],48,0_15
Pref0,0.85325[0.250179],0.849404[0.25111],0.857143[0.249172],48,0_15
Signal0,1[0],1[0],1[0],48,0_15
Hybridindex,17.271[1.25082],17.2956[1.25342],17.247[1.24782],49,0_15
Pref0,0.8535[0.251073],0.849899[0.24829],0.857002[0.253701],49,0_15
Signal0,1[0],1[0],1[0],49,0_15
Hybridindex,17.3075[1.26152],17.2921[1.27031],17.3232[1.2523],50,0_15
Pref0,0.8525[0.250487],0.849505[0.254902],0.855556[0.245864],50,0_15
Signal0,1[0],1[0],1[0],50,0_15
Hybridindex,17.3188[1.22751],17.2569[1.22901],17.3818[1.22275],51,0_15
Pref0,0.85725[0.246977],0.867327[0.238024],0.84697[0.255378],51,0_15
Signal0,1[0],1[0],1[0],51,0_15
Hybridindex,17.308[1.27167],17.3358[1.24823],17.2791[1.29498],52,0_15
Pref0,0.85725[0.247482],0.861275[0.242779],0.853061[0.252216],52,0_15
Signal0,1[0],1[0],1[0],52,0_15
Hybridindex,17.317[1.21532],17.3381[1.20568],17.2951[1.22488],53,0_15
Pref0,0.85825[0.24654],0.858685[0.24597],0.857798[0.24713],53,0_15
Signal0,1[0],1[0],1[0],53,0_15
Hybridindex,17.3397[1.22564],17.3231[1.22568],17.3556[1.22539],54,0_15
Pref0,0.8575[0.245853],0.856923[0.247637],0.858049[0.244143],54,0_15
Signal0,1[0],1[0],1[0],54,0_15
Hybridindex,17.3652[1.23964],17.3117[1.26901],17.4183[1.20746],55,0_15
Pref0,0.85775[0.25227],0.855924[0.252647],0.859562[0.251882],55,0_15
Signal0,1[0],1[0],1[0],55,0_15
Hybridindex,17.3435[1.23106],17.3211[1.22967],17.3656[1.23203],56,0_15
Pref0,0.86275[0.245535],0.864919[0.238441],0.860615[0.252304],56,0_15
Signal0,1[0],1[0],1[0],56,0_15
Hybridindex,17.349[1.23195],17.3523[1.22671],17.3458[1.23711],57,0_15
Pref0,0.86[0.2498],0.871859[0.237051],0.848259[0.261282],57,0_15
Signal0,1[0],1[0],1[0],57,0_15
Hybridindex,17.3242[1.22678],17.3272[1.23142],17.3214[1.22226],58,0_15
Pref0,0.8585[0.242853],0.851118[0.247834],0.86565[0.237712],58,0_15
Signal0,1[0],1[0],1[0],58,0_15
Hybridindex,17.3325[1.19538],17.37[1.19674],17.2926[1.19264],59,0_15
Pref0,0.8565[0.244761],0.852085[0.242628],0.861197[0.246923],59,0_15
Signal0,1[0],1[0],1[0],59,0_15
Hybridindex,17.387[1.17929],17.3838[1.19326],17.3902[1.16532],60,0_15
Pref0,0.85425[0.248258],0.853119[0.246822],0.855368[0.249664],60,0_15
Signal0,1[0],1[0],1[0],60,0_15
Hybridindex,17.3985[1.18678],17.3906[1.20657],17.4064[1.16656],61,0_15
Pref0,0.85[0.252982],0.842657[0.256715],0.857357[0.248969],61,0_15
Signal0,1[0],1[0],1[0],61,0_15
Hybridindex,17.3657[1.199],17.3788[1.1987],17.3531[1.19916],62,0_15
Pref0,0.847[0.257082],0.846349[0.252717],0.847633[0.261254],62,0_15
Signal0,1[0],1[0],1[0],62,0_15
Hybridindex,17.37[1.17881],17.3457[1.20797],17.3922[1.15101],63,0_15
Pref0,0.8585[0.244393],0.850418[0.245482],0.8659[0.243155],63,0_15
Signal0,1[0],1[0],1[0],63,0_15
Hybridindex,17.3985[1.16445],17.3939[1.16055],17.403[1.16821],64,0_15
Pref0,0.85725[0.24647],0.859391[0.246345],0.855172[0.246573],64,0_15
Signal0,1[0],1[0],1[0],64,0_15
Hybridindex,17.3947[1.19124],17.4109[1.18413],17.3785[1.19814],65,0_15
Pref0,0.85725[0.247482],0.854084[0.24522],0.860442[0.249701],65,0_15
Signal0,1[0],1[0],1[0],65,0_15
Hybridindex,17.4262[1.1609],17.4093[1.16205],17.4439[1.15944],66,0_15
Pref0,0.8485[0.25159],0.853431[0.248205],0.843367[0.254965],66,0_15
Signal0,1[0],1[0],1[0],66,0_15
Hybridindex,17.399[1.18819],17.3621[1.19376],17.4357[1.18149],67,0_15
Pref0,0.84475[0.256461],0.857071[0.249136],0.832502[0.26297],67,0_15
Signal0,1[0],1[0],1[0],67,0_15
Hybridindex,17.4013[1.18822],17.3917[1.15907],17.4101[1.2147],68,0_15
Pref0,0.84875[0.252979],0.836269[0.259794],0.860386[0.245886],68,0_15
Signal0,1[0],1[0],1[0],68,0_15
Hybridindex,17.4007[1.15403],17.417[1.13495],17.3845[1.17257],69,0_15
Pref0,0.843[0.255149],0.846[0.251563],0.84[0.25865],69,0_15
Signal0,1[0],1[0],1[0],69,0_15
Hybridindex,17.3905[1.13853],17.3838[1.14031],17.3972[1.1367],70,0_15
Pref0,0.845[0.254411],0.847458[0.252921],0.842528[0.255877],70,0_15
Signal0,1[0],1[0],1[0],70,0_15
Hybridindex,17.3427[1.13783],17.3672[1.15941],17.3188[1.11575],71,0_15
Pref0,0.83175[0.258973],0.830808[0.260943],0.832673[0.257024],71,0_15
Signal0,1[0],1[0],1[0],71,0_15
Hybridindex,17.3565[1.17523],17.4089[1.15609],17.3042[1.19172],72,0_15
Pref0,0.82775[0.269175],0.823824[0.268449],0.831668[0.269839],72,0_15
Signal0,1[0],1[0],1[0],72,0_15
Hybridindex,17.3343[1.17894],17.3498[1.18232],17.3183[1.17524],73,0_15
Pref0,0.8335[0.258897],0.838424[0.255966],0.828426[0.261786],73,0_15
Signal0,1[0],1[0],1[0],73,0_15
Hybridindex,17.388[1.17322],17.4059[1.1724],17.3701[1.17377],74,0_15
Pref0,0.8345[0.268533],0.836336[0.269376],0.832667[0.267675],74,0_15
Signal0,1[0],1[0],1[0],74,0_15
Hybridindex,17.4022[1.14775],17.3861[1.17474],17.4201[1.11694],75,0_15
Pref0,0.83[0.262869],0.832221[0.262842],0.82755[0.262877],75,0_15
Signal0,1[0],1[0],1[0],75,0_15
Hybridindex,17.4005[1.13846],17.3961[1.13457],17.4051[1.14249],76,0_15
Pref0,0.82775[0.266843],0.826961[0.266069],0.828571[0.267643],76,0_15
Signal0,1[0],1[0],1[0],76,0_15
Hybridindex,17.407[1.15698],17.3843[1.14724],17.4292[1.16602],77,0_15
Pref0,0.8325[0.267757],0.832323[0.270924],0.832673[0.264616],77,0_15
Signal0,1[0],1[0],1[0],77,0_15
Hybridindex,17.4505[1.1497],17.4862[1.15284],17.4139[1.14531],78,0_15
Pref0,0.82775[0.264017],0.838598[0.259776],0.816616[0.267843],78,0_15
Signal0,1[0],1[0],1[0],78,0_15
Hybridindex,17.4465[1.16163],17.4775[1.14081],17.4127[1.18302],79,0_15
Pref0,0.825[0.273633],0.823755[0.268155],0.82636[0.279486],79,0_15
Signal0,1[0],1[0],1[0],79,0_15
Hybridindex,17.4542[1.14096],17.4542[1.1487],17.4543[1.13291],80,0_15
Pref0,0.8105[0.274481],0.814469[0.269473],0.806402[0.279499],80,0_15
Signal0,1[0],1[0],1[0],80,0_15
Hybridindex,17.4563[1.12881],17.4779[1.12487],17.4348[1.13229],81,0_15
Pref0,0.81[0.273679],0.801508[0.279173],0.818408[0.267863],81,0_15
Signal0,1[0],1[0],1[0],81,0_15
Hybridindex,17.4567[1.1371],17.4379[1.14994],17.4768[1.12297],82,0_15
Pref0,0.80575[0.281766],0.806796[0.282246],0.804639[0.281251],82,0_15
Signal0,1[0],1[0],1[0],82,0_15
Hybridindex,17.4767[1.14186],17.4653[1.13346],17.4884[1.15023],83,0_15
Pref0,0.81125[0.273402],0.799306[0.280007],0.823411[0.265958],83,0_15
Signal0,1[0],1[0],1[0],83,0_15
Hybridindex,17.417[1.16227],17.4025[1.17128],17.4313[1.15309],84,0_15
Pref0,0.80225[0.28464],0.799497[0.285759],0.804975[0.283502],84,0_15
Signal0,1[0],1[0],1[0],84,0_15
Hybridindex,17.416[1.13993],17.4429[1.14232],17.3902[1.13703],85,0_15
Pref0,0.80425[0.277141],0.80102[0.277008],0.807353[0.277232],85,0_15
Signal0,1[0],1[0],1[0],85,0_15
Hybridindex,17.4097[1.11309],17.4437[1.09295],17.3768[1.13133],86,0_15
Pref0,0.81475[0.279388],0.81269[0.285329],0.816749[0.273484],86,0_15
Signal0,1[0],1[0],1[0],86,0_15
Hybridindex,17.4205[1.16348],17.4375[1.13558],17.4027[1.19178],87,0_15
Pref0,0.8065[0.277593],0.816406[0.273298],0.796107[0.281654],87,0_15
Signal0,1[0],1[0],1[0],87,0_15
Hybridindex,17.4025[1.16908],17.3828[1.17667],17.4222[1.16113],88,0_15
Pref0,0.808[0.275474],0.804609[0.279383],0.811377[0.271483],88,0_15
Signal0,1[0],1[0],1[0],88,0_15
Hybridindex,17.4185[1.2131],17.423[1.24705],17.4144[1.18127],89,0_15
Pref0,0.80725[0.282352],0.799266[0.287419],0.814532[0.277449],89,0_15
Signal0,1[0],1[0],1[0],89,0_15
Hybridindex,17.4153[1.18065],17.3804[1.21941],17.4495[1.14027],90,0_15
Pref0,0.82125[0.271429],0.830474[0.263906],0.81219[0.278322],90,0_15
Signal0,1[0],1[0],1[0],90,0_15
Hybridindex,17.441[1.17346],17.4052[1.15356],17.4748[1.19092],91,0_15
Pref0,0.823[0.269576],0.819072[0.26863],0.826699[0.270411],91,0_15
Signal0,1[0],1[0],1[0],91,0_15
Hybridindex,17.408[1.1563],17.3933[1.13556],17.4233[1.17739],92,0_15
Pref0,0.81975[0.268579],0.819472[0.263468],0.820041[0.273819],92,0_15
Signal0,1[0],1[0],1[0],92,0_15
Hybridindex,17.3992[1.18056],17.3946[1.17993],17.4039[1.18117],93,0_15
Pref0,0.8205[0.273001],0.831169[0.264382],0.80981[0.280968],93,0_15
Signal0,1[0],1[0],1[0],93,0_15
Hybridindex,17.3848[1.19346],17.3609[1.13649],17.4095[1.24919],94,0_15
Pref0,0.8325[0.265883],0.828909[0.268339],0.836216[0.263266],94,0_15
Signal0,1[0],1[0],1[0],94,0_15
Hybridindex,17.3895[1.16428],17.3652[1.17836],17.4141[1.14935],95,0_15
Pref0,0.82425[0.268304],0.820896[0.267216],0.827638[0.269356],95,0_15
Signal0,1[0],1[0],1[0],95,0_15
Hybridindex,17.3768[1.13762],17.3737[1.15426],17.3797[1.12133],96,0_15
Pref0,0.82275[0.272869],0.831466[0.264802],0.814342[0.280174],96,0_15
Signal0,1[0],1[0],1[0],96,0_15
Hybridindex,17.382[1.15816],17.3704[1.13654],17.3935[1.17905],97,0_15
Pref0,0.82175[0.274047],0.822613[0.276266],0.820896[0.27183],97,0_15
Signal0,1[0],1[0],1[0],97,0_15
Hybridindex,17.3765[1.15715],17.3676[1.1288],17.386[1.1865],98,0_15
Pref0,0.823[0.266779],0.833657[0.26098],0.811662[0.272356],98,0_15
Signal0,1[0],1[0],1[0],98,0_15
Hybridindex,17.363[1.16382],17.3965[1.17478],17.3282[1.1513],99,0_15
Pref0,0.828[0.263943],0.823356[0.272567],0.832824[0.254587],99,0_15
Signal0,1[0],1[0],1[0],99,0_15
Hybridindex,17.3795[1.15649],17.3802[1.14843],17.3789[1.16395],100,0_15
Pref0,0.8285[0.265684],0.82832[0.26625],0.828668[0.265156],100,0_15
Signal0,1[0],1[0],1[0],100,0_15
Hybridindex,12.5[8.27949],12.5364[8.19347],12.4614[8.36951],1,0_16
Pref0,0.625[0.413975],0.626822[0.409674],0.623069[0.418476],1,0_16
Signal0,0.625[0.413975],0.626822[0.409674],0.623069[0.418476],1,0_16
Hybridindex,15.2063[6.01175],15.4682[5.92611],14.9331[6.08779],2,0_16
Pref0,0.76425[0.33211],0.784035[0.321648],0.743616[0.341462],2,0_16
Signal0,0.7635[0.329875],0.774731[0.325519],0.751788[0.333956],2,0_16
Hybridindex,16.6945[3.95303],16.697[3.95533],16.6921[3.95082],3,0_16
Pref0,0.8445[0.261858],0.849539[0.258692],0.839687[0.264757],3,0_16
Signal0,0.84925[0.259132],0.854145[0.260826],0.844575[0.257417],3,0_16
Hybridindex,17.2817[2.6725],17.2622[2.70178],17.3005[2.64393],4,0_16
Pref0,0.87175[0.24068],0.877041[0.233504],0.866667[0.247273],4,0_16
Signal0,0.90925[0.198468],0.909184[0.197993],0.909314[0.198922],4,0_16
Hybridindex,17.5568[2.01827],17.5496[2.01415],17.5637[2.02225],5,0_16
Pref0,0.88775[0.225333],0.878926[0.22905],0.896347[0.221314],5,0_16
Signal0,0.95825[0.138318],0.960993[0.134097],0.955577[0.14226],5,0_16
Hybridindex,17.6522[1.68395],17.5234[1.74624],17.7765[1.61188],6,0_16
Pref0,0.899[0.216908],0.900713[0.213041],0.897348[0.220561],6,0_16
Signal0,0.97925[0.0997218],0.98167[0.0939627],0.976916[0.104925],6,0_16
Hybridindex,17.7028[1.47725],17.7139[1.49308],17.6905[1.45956],7,0_16
Pref0,0.89875[0.214181],0.893028[0.21527],0.905037[0.212801],7,0_16
Signal0,0.98725[0.078819],0.985673[0.0834151],0.988982[0.0733998],7,0_16
Hybridindex,17.7072[1.41631],17.6462[1.41748],17.7697[1.41237],8,0_16
Pref0,0.8975[0.214462],0.90415[0.210173],0.890688[0.218558],8,0_16
Signal0,0.99525[0.0485019],0.995059[0.0494565],0.995445[0.0475035],8,0_16
Hybridindex,17.7013[1.32387],17.7169[1.31563],17.6852[1.33206],9,0_16
Pref0,0.89675[0.211458],0.900198[0.204736],0.893219[0.218072],9,0_16
Signal0,0.99725[0.0369789],0.99753[0.0350582],0.996964[0.0388458],9,0_16
Hybridindex,17.7172[1.31679],17.7095[1.3201],17.7252[1.31333],10,0_16
Pref0,0.9[0.209165],0.898715[0.209385],0.901316[0.208931],10,0_16
Signal0,0.9985[0.027345],0.999012[0.0222057],0.997976[0.0317498],10,0_16
Hybridindex,17.6985[1.32263],17.7213[1.32004],17.6751[1.32487],11,0_16
Pref0,0.901[0.210829],0.90168[0.211962],0.900304[0.20966],11,0_16
Signal0,0.9995[0.0158035],0.999012[0.0222057],1[0],11,0_16
Hybridindex,17.7435[1.33265],17.7445[1.31404],17.7426[1.34957],12,0_16
Pref0,0.89675[0.214975],0.898853[0.212215],0.894813[0.217469],12,0_16
Signal0,1[0],1[0],1[0],12,0_16
Hybridindex,17.7195[1.29173],17.6923[1.29919],17.7454[1.28406],13,0_16
Pref0,0.889[0.222326],0.893846[0.217829],0.88439[0.226426],13,0_16
Signal0,1[0],1[0],1[0],13,0_16
Hybridindex,17.7745[1.27462],17.7463[1.28869],17.8034[1.25936],14,0_16
Pref0,0.884[0.222585],0.890424[0.217309],0.877406[0.227684],14,0_16
Signal0,1[0],1[0],1[0],14,0_16
Hybridindex,17.7705[1.23787],17.737[1.21239],17.8026[1.26099],15,0_16
Pref0,0.8815[0.224628],0.873851[0.234141],0.888834[0.214856],15,0_16
Signal0,1[0],1[0],1[0],15,0_16
Hybridindex,17.7315[1.2093],17.6768[1.22554],17.7889[1.18931],16,0_16
Pref0,0.884[0.228132],0.88623[0.226419],0.88166[0.229892],16,0_16
Signal0,1[0],1[0],1[0],16,0_16
Hybridindex,17.7428[1.25547],17.7541[1.22979],17.7321[1.27899],17,0_16
Pref0,0.88475[0.228785],0.891529[0.219434],0.878391[0.237044],17,0_16
Signal0,1[0],1[0],1[0],17,0_16
Hybridindex,17.7392[1.26733],17.7387[1.28765],17.7398[1.24782],18,0_16
Pref0,0.8855[0.228341],0.889918[0.225031],0.881323[0.23135],18,0_16
Signal0,1[0],1[0],1[0],18,0_16
Hybridindex,17.7338[1.24076],17.7297[1.19938],17.7376[1.27857],19,0_16
Pref0,0.87975[0.227299],0.877446[0.227864],0.881924[0.226744],19,0_16
Signal0,1[0],1[0],1[0],19,0_16
Hybridindex,17.8055[1.21642],17.8098[1.21124],17.8013[1.22147],20,0_16
Pref0,0.8815[0.229582],0.885974[0.225997],0.877106[0.232965],20,0_16
Signal0,1[0],1[0],1[0],20,0_16
Hybridindex,17.8403[1.1769],17.8316[1.20565],17.8486[1.14837],21,0_16
Pref0,0.8835[0.224561],0.883011[0.22788],0.883972[0.221306],21,0_16
Signal0,1[0],1[0],1[0],21,0_16
Hybridindex,17.8727[1.19391],17.8881[1.19063],17.8561[1.19725],22,0_16
Pref0,0.88375[0.22663],0.885687[0.221116],0.881648[0.232449],22,0_16
Signal0,1[0],1[0],1[0],22,0_16
Hybridindex,17.8855[1.17277],17.8947[1.15792],17.8761[1.18768],23,0_16
Pref0,0.88575[0.228193],0.870425[0.239571],0.901416[0.214815],23,0_16
Signal0,1[0],1[0],1[0],23,0_16
Hybridindex,17.8528[1.16381],17.8293[1.16892],17.8759[1.15827],24,0_16
Pref0,0.8795[0.232335],0.877644[0.236165],0.881331[0.228481],24,0_16
Signal0,1[0],1[0],1[0],24,0_16
Hybridindex,17.85[1.17516],17.8086[1.17079],17.8901[1.178],25,0_16
Pref0,0.87575[0.226797],0.86599[0.233731],0.885222[0.219445],25,0_16
Signal0,1[0],1[0],1[0],25,0_16
Hybridindex,17.8478[1.18435],17.867[1.16752],17.8279[1.20113],26,0_16
Pref0,0.87525[0.230353],0.872414[0.233263],0.878173[0.227279],26,0_16
Signal0,1[0],1[0],1[0],26,0_16
Hybridindex,17.8605[1.18418],17.895[1.1594],17.8243[1.20858],27,0_16
Pref0,0.875[0.234787],0.866211[0.244412],0.884221[0.223875],27,0_16
Signal0,1[0],1[0],1[0],27,0_16
Hybridindex,17.848[1.1765],17.8667[1.16447],17.8293[1.18806],28,0_16
Pref0,0.87125[0.236217],0.866232[0.240849],0.876248[0.231404],28,0_16
Signal0,1[0],1[0],1[0],28,0_16
Hybridindex,17.8755[1.193],17.9222[1.18712],17.8304[1.19693],29,0_16
Pref0,0.872[0.237415],0.871312[0.238619],0.872665[0.236244],29,0_16
Signal0,1[0],1[0],1[0],29,0_16
Hybridindex,17.8762[1.16964],17.9191[1.10735],17.8333[1.2274],30,0_16
Pref0,0.87275[0.238081],0.873127[0.238391],0.872372[0.237769],30,0_16
Signal0,1[0],1[0],1[0],30,0_16
Hybridindex,17.872[1.16291],17.8773[1.15088],17.867[1.1742],31,0_16
Pref0,0.86175[0.240857],0.86345[0.24157],0.860136[0.240166],31,0_16
Signal0,1[0],1[0],1[0],31,0_16
Hybridindex,17.8742[1.16364],17.8701[1.17028],17.8786[1.15656],32,0_16
Pref0,0.85525[0.251838],0.858949[0.250578],0.851337[0.253105],32,0_16
Signal0,1[0],1[0],1[0],32,0_16
Hybridindex,17.857[1.15209],17.8858[1.16666],17.828[1.1365],33,0_16
Pref0,0.8585[0.240266],0.859422[0.238762],0.857573[0.241766],33,0_16
Signal0,1[0],1[0],1[0],33,0_16
Hybridindex,17.8627[1.15414],17.899[1.17556],17.8216[1.12788],34,0_16
Pref0,0.8515[0.24839],0.855733[0.244498],0.846688[0.252656],34,0_16
Signal0,1[0],1[0],1[0],34,0_16
Hybridindex,17.8765[1.14793],17.9179[1.13757],17.8305[1.15761],35,0_16
Pref0,0.85525[0.246825],0.857075[0.244094],0.853221[0.24981],35,0_16
Signal0,1[0],1[0],1[0],35,0_16
Hybridindex,17.852[1.16064],17.8109[1.14857],17.8958[1.17177],36,0_16
Pref0,0.85225[0.25009],0.85354[0.251831],0.850877[0.248217],36,0_16
Signal0,1[0],1[0],1[0],36,0_16
Hybridindex,17.8795[1.17153],17.902[1.18113],17.8563[1.1611],37,0_16
Pref0,0.86125[0.239005],0.852217[0.248805],0.870558[0.228093],37,0_16
Signal0,1[0],1[0],1[0],37,0_16
Hybridindex,17.888[1.16123],17.893[1.1391],17.883[1.18292],38,0_16
Pref0,0.86575[0.237912],0.8605[0.243495],0.871[0.232075],38,0_16
Signal0,1[0],1[0],1[0],38,0_16
Hybridindex,17.875[1.13584],17.868[1.14695],17.882[1.12448],39,0_16
Pref0,0.86675[0.241598],0.856076[0.252385],0.87751[0.229711],39,0_16
Signal0,1[0],1[0],1[0],39,0_16
Hybridindex,17.8837[1.10967],17.899[1.12474],17.8675[1.0932],40,0_16
Pref0,0.8685[0.24384],0.858252[0.24889],0.879381[0.237876],40,0_16
Signal0,1[0],1[0],1[0],40,0_16
Hybridindex,17.9015[1.14839],17.8872[1.15837],17.915[1.13873],41,0_16
Pref0,0.8585[0.246937],0.860968[0.241713],0.856171[0.251745],41,0_16
Signal0,1[0],1[0],1[0],41,0_16
Hybridindex,17.9127[1.11221],17.9078[1.11389],17.9175[1.11057],42,0_16
Pref0,0.863[0.242345],0.862016[0.245226],0.863949[0.239529],42,0_16
Signal0,1[0],1[0],1[0],42,0_16
Hybridindex,17.9213[1.09358],17.9742[1.06865],17.8693[1.11504],43,0_16
Pref0,0.865[0.239844],0.855051[0.248124],0.874752[0.231025],43,0_16
Signal0,1[0],1[0],1[0],43,0_16
Hybridindex,17.939[1.10035],17.9155[1.07835],17.9628[1.12168],44,0_16
Pref0,0.86425[0.24279],0.866799[0.238349],0.86167[0.247176],44,0_16
Signal0,1[0],1[0],1[0],44,0_16
Hybridindex,17.8942[1.10824],17.9152[1.08549],17.8735[1.12997],45,0_16
Pref0,0.87275[0.233843],0.865462[0.237058],0.87998[0.230381],45,0_16
Signal0,1[0],1[0],1[0],45,0_16
Hybridindex,17.9455[1.09295],17.9151[1.11021],17.9746[1.07536],46,0_16
Pref0,0.8665[0.240682],0.868098[0.241385],0.864971[0.239997],46,0_16
Signal0,1[0],1[0],1[0],46,0_16
Hybridindex,17.9492[1.08906],17.9575[1.07068],17.9404[1.1084],47,0_16
Pref0,0.856[0.250028],0.852317[0.250298],0.859959[0.249677],47,0_16
Signal0,1[0],1[0],1[0],47,0_16
Hybridindex,17.94[1.06602],17.9477[1.08636],17.9323[1.04543],48,0_16
Pref0,0.851[0.254556],0.857286[0.249088],0.844776[0.259707],48,0_16
Signal0,1[0],1[0],1[0],48,0_16
Hybridindex,17.924[1.0597],17.9456[1.0038],17.9027[1.11167],49,0_16
Pref0,0.84925[0.252288],0.853474[0.24771],0.845084[0.256656],49,0_16
Signal0,1[0],1[0],1[0],49,0_16
Hybridindex,17.8977[1.07734],17.8658[1.08945],17.9289[1.0645],50,0_16
Pref0,0.845[0.253919],0.841439[0.257482],0.84847[0.25035],50,0_16
Signal0,1[0],1[0],1[0],50,0_16
Hybridindex,17.894[1.08582],17.939[1.09223],17.8452[1.0767],51,0_16
Pref0,0.846[0.256484],0.849664[0.255059],0.842023[0.257963],51,0_16
Signal0,1[0],1[0],1[0],51,0_16
Hybridindex,17.8753[1.1006],17.8768[1.07962],17.8738[1.12046],52,0_16
Pref0,0.84625[0.254433],0.845214[0.254236],0.84725[0.254618],52,0_16
Signal0,1[0],1[0],1[0],52,0_16
Hybridindex,17.8885[1.10151],17.8363[1.09357],17.9435[1.10714],53,0_16
Pref0,0.841[0.260709],0.844055[0.257535],0.837782[0.263972],53,0_16
Signal0,1[0],1[0],1[0],53,0_16
Hybridindex,17.8903[1.08965],17.8814[1.08928],17.8993[1.08995],54,0_16
Pref0,0.83175[0.265644],0.830534[0.262412],0.832996[0.268909],54,0_16
Signal0,1[0],1[0],1[0],54,0_16
Hybridindex,17.8805[1.07841],17.8846[1.11737],17.8763[1.0368],55,0_16
Pref0,0.83025[0.26516],0.824951[0.267722],0.8357[0.262388],55,0_16
Signal0,1[0],1[0],1[0],55,0_16
Hybridindex,17.9032[1.09076],17.89[1.11581],17.916[1.06589],56,0_16
Pref0,0.83425[0.263442],0.826375[0.272924],0.841847[0.253729],56,0_16
Signal0,1[0],1[0],1[0],56,0_16
Hybridindex,17.87[1.09538],17.8584[1.11245],17.8829[1.07597],57,0_16
Pref0,0.83275[0.273683],0.836027[0.267833],0.829114[0.279987],57,0_16
Signal0,1[0],1[0],1[0],57,0_16
Hybridindex,17.8762[1.04442],17.8873[1.02918],17.866[1.05827],58,0_16
Pref0,0.8265[0.27276],0.837487[0.266349],0.816297[0.278193],58,0_16
Signal0,1[0],1[0],1[0],58,0_16
Hybridindex,17.8652[1.02297],17.8862[1.00754],17.8432[1.03846],59,0_16
Pref0,0.829[0.264592],0.815918[0.273416],0.842725[0.254284],59,0_16
Signal0,1[0],1[0],1[0],59,0_16
Hybridindex,17.881[1.04814],17.8915[1.07329],17.8707[1.02272],60,0_16
Pref0,0.836[0.262876],0.825933[0.269962],0.845887[0.25534],60,0_16
Signal0,1[0],1[0],1[0],60,0_16
Hybridindex,17.8635[1.07511],17.8438[1.06869],17.8822[1.08083],61,0_16
Pref0,0.82825[0.261967],0.839671[0.251386],0.817429[0.271169],61,0_16
Signal0,1[0],1[0],1[0],61,0_16
Hybridindex,17.8652[1.06476],17.9107[1.00439],17.8225[1.11685],62,0_16
Pref0,0.832[0.258894],0.831785[0.256154],0.832202[0.261442],62,0_16
Signal0,1[0],1[0],1[0],62,0_16
Hybridindex,17.8337[1.05439],17.8216[1.04823],17.8465[1.06069],63,0_16
Pref0,0.8355[0.260653],0.824074[0.263052],0.847536[0.257553],63,0_16
Signal0,1[0],1[0],1[0],63,0_16
Hybridindex,17.8377[1.06269],17.8566[1.09161],17.8182[1.03148],64,0_16
Pref0,0.8345[0.26431],0.848723[0.253082],0.819756[0.274691],64,0_16
Signal0,1[0],1[0],1[0],64,0_16
Hybridindex,17.8955[1.03336],17.9035[1.01783],17.8872[1.04909],65,0_16
Pref0,0.83325[0.265649],0.839567[0.25842],0.826728[0.272759],65,0_16
Signal0,1[0],1[0],1[0],65,0_16
Hybridindex,17.933[1.05677],17.9323[1.04809],17.9337[1.06544],66,0_16
Pref0,0.8385[0.257231],0.842629[0.256655],0.834337[0.257743],66,0_16
Signal0,1[0],1[0],1[0],66,0_16
Hybridindex,17.8953[1.0906],17.8848[1.10516],17.9056[1.07591],67,0_16
Pref0,0.846[0.255018],0.841549[0.259224],0.850398[0.250714],67,0_16
Signal0,1[0],1[0],1[0],67,0_16
Hybridindex,17.8768[1.06885],17.851[1.0752],17.9028[1.06173],68,0_16
Pref0,0.85275[0.247371],0.842105[0.251894],0.863545[0.242221],68,0_16
Signal0,1[0],1[0],1[0],68,0_16
Hybridindex,17.8717[1.04208],17.8644[1.01886],17.8793[1.06538],69,0_16
Pref0,0.846[0.254035],0.846154[0.249259],0.845842[0.258855],69,0_16
Signal0,1[0],1[0],1[0],69,0_16
Hybridindex,17.9267[1.05476],17.9609[1.01836],17.8927[1.08874],70,0_16
Pref0,0.84825[0.25268],0.8502[0.251956],0.846307[0.253383],70,0_16
Signal0,1[0],1[0],1[0],70,0_16
Hybridindex,17.9175[1.0374],17.9525[1.04494],17.8824[1.02859],71,0_16
Pref0,0.8525[0.25198],0.845155[0.254822],0.85986[0.248882],71,0_16
Signal0,1[0],1[0],1[0],71,0_16
Hybridindex,17.9578[1.05195],17.9571[1.04319],17.9585[1.06086],72,0_16
Pref0,0.845[0.256856],0.840079[0.256395],0.850051[0.257231],72,0_16
Signal0,1[0],1[0],1[0],72,0_16
Hybridindex,18.002[1.03271],18.0316[1.01579],17.9726[1.04847],73,0_16
Pref0,0.85025[0.255343],0.844689[0.253091],0.855788[0.257447],73,0_16
Signal0,1[0],1[0],1[0],73,0_16
Hybridindex,17.994[1.02468],17.9738[1.04869],18.0147[0.999005],74,0_16
Pref0,0.84875[0.253473],0.845508[0.258273],0.852077[0.248406],74,0_16
Signal0,1[0],1[0],1[0],74,0_16
Hybridindex,17.9857[1.1011],18.001[1.08785],17.9706[1.11386],75,0_16
Pref0,0.84925[0.258649],0.846231[0.258471],0.852239[0.258791],75,0_16
Signal0,1[0],1[0],1[0],75,0_16
Hybridindex,17.997[1.05237],17.967[1.05678],18.0279[1.04691],76,0_16
Pref0,0.8485[0.251093],0.855315[0.248482],0.841463[0.253569],76,0_16
Signal0,1[0],1[0],1[0],76,0_16
Hybridindex,17.9805[1.06342],18.0102[1.04152],17.9491[1.08522],77,0_16
Pref0,0.85375[0.247459],0.84679[0.250718],0.861111[0.243749],77,0_16
Signal0,1[0],1[0],1[0],77,0_16
Hybridindex,17.9913[1.07334],17.9504[1.11311],18.0319[1.03068],78,0_16
Pref0,0.8425[0.259218],0.843029[0.259589],0.841974[0.258847],78,0_16
Signal0,1[0],1[0],1[0],78,0_16
Hybridindex,17.9915[1.07468],17.9985[1.03993],17.9842[1.10977],79,0_16
Pref0,0.83775[0.257002],0.836595[0.25549],0.838957[0.258566],79,0_16
Signal0,1[0],1[0],1[0],79,0_16
Hybridindex,17.95[1.03598],17.9367[1.04853],17.9631[1.02321],80,0_16
Pref0,0.837[0.25871],0.846888[0.256248],0.827191[0.26076],80,0_16
Signal0,1[0],1[0],1[0],80,0_16
Hybridindex,17.9653[1.04387],17.9786[1.01572],17.9525[1.07007],81,0_16
Pref0,0.83325[0.268923],0.830612[0.275499],0.835784[0.262424],81,0_16
Signal0,1[0],1[0],1[0],81,0_16
Hybridindex,17.9545[1.05424],17.9376[1.0446],17.9709[1.06328],82,0_16
Pref0,0.834[0.262095],0.839757[0.259078],0.828402[0.264877],82,0_16
Signal0,1[0],1[0],1[0],82,0_16
Hybridindex,18.004[1.02273],18.0005[1.03441],18.0077[1.0103],83,0_16
Pref0,0.84275[0.257191],0.843415[0.256844],0.842051[0.257554],83,0_16
Signal0,1[0],1[0],1[0],83,0_16
Hybridindex,18.0242[0.993246],18.0437[0.990069],18.0045[0.996076],84,0_16
Pref0,0.84075[0.257904],0.841766[0.258797],0.839718[0.256989],84,0_16
Signal0,1[0],1[0],1[0],84,0_16
Hybridindex,18.0525[1.00982],18.0712[1.0045],18.0347[1.01455],85,0_16
Pref0,0.84725[0.255524],0.844262[0.256729],0.850098[0.254337],85,0_16
Signal0,1[0],1[0],1[0],85,0_16
Hybridindex,18.061[1.06667],18.0661[1.09784],18.0556[1.03265],86,0_16
Pref0,0.85175[0.251291],0.847763[0.25131],0.855967[0.251202],86,0_16
Signal0,1[0],1[0],1[0],86,0_16
Hybridindex,18.0987[1.03712],18.1048[1.0222],18.0926[1.05201],87,0_16
Pref0,0.841[0.262619],0.833168[0.269193],0.848943[0.255536],87,0_16
Signal0,1[0],1[0],1[0],87,0_16
Hybridindex,18.1215[1.0281],18.1449[1.03492],18.0984[1.02079],88,0_16
Pref0,0.837[0.261115],0.837022[0.260779],0.836978[0.261447],88,0_16
Signal0,1[0],1[0],1[0],88,0_16
Hybridindex,18.124[1.02634],18.1286[1.01581],18.1193[1.03689],89,0_16
Pref0,0.83025[0.262793],0.824727[0.264245],0.835851[0.261192],89,0_16
Signal0,1[0],1[0],1[0],89,0_16
Hybridindex,18.1593[1.0408],18.155[1.0601],18.1633[1.02213],90,0_16
Pref0,0.84475[0.256948],0.852669[0.251501],0.837232[0.261793],90,0_16
Signal0,1[0],1[0],1[0],90,0_16
Hybridindex,18.1593[1.01637],18.1452[1.03378],18.1738[0.997763],91,0_16
Pref0,0.85125[0.248995],0.85476[0.245678],0.847604[0.252342],91,0_16
Signal0,1[0],1[0],1[0],91,0_16
Hybridindex,18.1923[1.00196],18.1451[1.00992],18.2377[0.992096],92,0_16
Pref0,0.85025[0.2504],0.856415[0.247708],0.844303[0.252827],92,0_16
Signal0,1[0],1[0],1[0],92,0_16
Hybridindex,18.1887[0.974037],18.1829[0.982106],18.1945[0.965948],93,0_16
Pref0,0.8545[0.249659],0.859799[0.247991],0.849254[0.25119],93,0_16
Signal0,1[0],1[0],1[0],93,0_16
Hybridindex,18.1735[0.984453],18.1871[0.970117],18.1598[0.998538],94,0_16
Pref0,0.849[0.254851],0.858706[0.247246],0.839196[0.261944],94,0_16
Signal0,1[0],1[0],1[0],94,0_16
Hybridindex,18.1285[0.970561],18.1213[0.972946],18.1358[0.968105],95,0_16
Pref0,0.8455[0.255205],0.83982[0.258665],0.851202[0.251555],95,0_16
Signal0,1[0],1[0],1[0],95,0_16
Hybridindex,18.1462[0.964228],18.1792[0.965973],18.1118[0.9612],96,0_16
Pref0,0.847[0.251676],0.840842[0.258806],0.853422[0.243854],96,0_16
Signal0,1[0],1[0],1[0],96,0_16
Hybridindex,18.1513[0.966824],18.1643[0.96306],18.1386[0.970282],97,0_16
Pref0,0.84675[0.256202],0.842319[0.263128],0.851032[0.249249],97,0_16
Signal0,1[0],1[0],1[0],97,0_16
Hybridindex,18.1277[0.982627],18.1386[0.965629],18.1169[0.999316],98,0_16
Pref0,0.8545[0.249158],0.84995[0.255873],0.859077[0.242129],98,0_16
Signal0,1[0],1[0],1[0],98,0_16
Hybridindex,18.1273[0.986247],18.0937[0.976347],18.1618[0.995145],99,0_16
Pref0,0.85175[0.252778],0.859467[0.250688],0.843813[0.254667],99,0_16
Signal0,1[0],1[0],1[0],99,0_16
Hybridindex,18.1468[0.978565],18.1244[0.979643],18.1699[0.97691],100,0_16
Pref0,0.83775[0.26182],0.837758[0.259017],0.837742[0.26469],100,0_16
Signal0,1[0],1[0],1[0],100,0_16
Hybridindex,12.34[8.30207],12.2474[8.3048],12.4272[8.29856],1,0_17
Pref0,0.617[0.415104],0.612371[0.41524],0.621359[0.414928],1,0_17
Signal0,0.617[0.415104],0.612371[0.41524],0.621359[0.414928],1,0_17
Hybridindex,15.221[6.11252],15.2685[6.0258],15.1682[6.20691],2,0_17
Pref0,0.76275[0.336656],0.76711[0.33198],0.757911[0.341705],2,0_17
Signal0,0.75975[0.332648],0.764734[0.32632],0.754219[0.339448],2,0_17
Hybridindex,16.729[4.02422],16.7573[4.06582],16.7009[3.98223],3,0_17
Pref0,0.83675[0.268281],0.838014[0.271681],0.835494[0.264851],3,0_17
Signal0,0.864[0.251006],0.871615[0.247488],0.856431[0.254228],3,0_17
Hybridindex,17.3818[2.59916],17.3922[2.52649],17.3718[2.66628],4,0_17
Pref0,0.87925[0.238316],0.867556[0.249053],0.890351[0.227098],4,0_17
Signal0,0.9295[0.176861],0.932752[0.172091],0.926413[0.181219],4,0_17
Hybridindex,17.5855[1.97274],17.6226[2.00434],17.544[1.93592],5,0_17
Pref0,0.8895[0.222575],0.889678[0.219541],0.889301[0.225921],5,0_17
Signal0,0.96225[0.132098],0.962121[0.132305],0.962394[0.131866],5,0_17
Hybridindex,17.595[1.72641],17.6348[1.76963],17.5511[1.67623],6,0_17
Pref0,0.8895[0.221449],0.891429[0.218486],0.887368[0.22466],6,0_17
Signal0,0.98125[0.0949918],0.979524[0.09909],0.983158[0.0902075],6,0_17
Hybridindex,17.5708[1.60347],17.5318[1.59951],17.6115[1.60659],7,0_17
Pref0,0.8905[0.21854],0.896282[0.208681],0.884458[0.228232],7,0_17
Signal0,0.9905[0.0682624],0.990215[0.0692577],0.990798[0.0672052],7,0_17
Hybridindex,17.5577[1.45174],17.5357[1.45781],17.5801[1.44519],8,0_17
Pref0,0.888[0.221824],0.894841[0.217884],0.881048[0.225545],8,0_17
Signal0,0.997[0.0386135],0.99752[0.0351273],0.996472[0.0418529],8,0_17
Hybridindex,17.5783[1.38456],17.5868[1.39346],17.5692[1.37508],9,0_17
Pref0,0.89375[0.214093],0.893171[0.214254],0.894359[0.213923],9,0_17
Signal0,0.99875[0.0249687],0.999024[0.0220647],0.998462[0.0276923],9,0_17
Hybridindex,17.5555[1.30448],17.5266[1.30552],17.5812[1.30301],10,0_17
Pref0,0.89025[0.220409],0.881509[0.219985],0.898017[0.220494],10,0_17
Signal0,0.999[0.0223383],0.999469[0.0162909],0.998584[0.0265746],10,0_17
Hybridindex,17.5768[1.29344],17.6[1.28301],17.5544[1.30299],11,0_17
Pref0,0.89[0.220567],0.886735[0.225713],0.893137[0.215461],11,0_17
Signal0,0.99875[0.0249687],0.99949[0.0159638],0.998039[0.0312498],11,0_17
Hybridindex,17.588[1.3025],17.5825[1.31766],17.5936[1.28695],12,0_17
Pref0,0.8935[0.216004],0.89662[0.214412],0.890342[0.217558],12,0_17
Signal0,0.9995[0.0158035],0.999503[0.0157563],0.999497[0.0158511],12,0_17
Hybridindex,17.5822[1.31077],17.5925[1.32444],17.5723[1.29731],13,0_17
Pref0,0.888[0.222387],0.889736[0.222665],0.886319[0.222105],13,0_17
Signal0,0.99975[0.0111775],1[0],0.999508[0.0156787],13,0_17
Hybridindex,17.6165[1.26775],17.6133[1.26728],17.6196[1.26819],14,0_17
Pref0,0.891[0.214753],0.892177[0.211644],0.889831[0.217793],14,0_17
Signal0,0.9995[0.0158035],0.998997[0.0223718],1[0],14,0_17
Hybridindex,17.6008[1.26223],17.6335[1.25189],17.5672[1.27184],15,0_17
Pref0,0.9005[0.214126],0.899604[0.215749],0.901416[0.212449],15,0_17
Signal0,1[0],1[0],1[0],15,0_17
Hybridindex,17.654[1.26601],17.6411[1.28267],17.6668[1.24903],16,0_17
Pref0,0.90375[0.206424],0.905405[0.205799],0.902098[0.207033],16,0_17
Signal0,1[0],1[0],1[0],16,0_17
Hybridindex,17.6695[1.24921],17.6516[1.25795],17.6873[1.24022],17,0_17
Pref0,0.90125[0.211834],0.908635[0.205804],0.893924[0.217403],17,0_17
Signal0,1[0],1[0],1[0],17,0_17
Hybridindex,17.5957[1.27474],17.581[1.30381],17.6102[1.24553],18,0_17
Pref0,0.90275[0.208968],0.897773[0.215011],0.907609[0.202776],18,0_17
Signal0,1[0],1[0],1[0],18,0_17
Hybridindex,17.6013[1.2606],17.6123[1.29296],17.5907[1.22894],19,0_17
Pref0,0.90125[0.21301],0.892308[0.223474],0.909756[0.202189],19,0_17
Signal0,1[0],1[0],1[0],19,0_17
Hybridindex,17.63[1.23333],17.6351[1.23045],17.625[1.23613],20,0_17
Pref0,0.901[0.212601],0.897177[0.217695],0.904762[0.207396],20,0_17
Signal0,1[0],1[0],1[0],20,0_17
Hybridindex,17.6167[1.2026],17.5624[1.20952],17.6722[1.19294],21,0_17
Pref0,0.895[0.216737],0.89802[0.21107],0.891919[0.222328],21,0_17
Signal0,1[0],1[0],1[0],21,0_17
Hybridindex,17.628[1.22551],17.6271[1.23329],17.629[1.21731],22,0_17
Pref0,0.89825[0.216845],0.893451[0.223029],0.903275[0.210058],22,0_17
Signal0,1[0],1[0],1[0],22,0_17
Hybridindex,17.5585[1.28941],17.5446[1.31085],17.5739[1.26496],23,0_17
Pref0,0.9[0.211542],0.89886[0.21122],0.901267[0.211892],23,0_17
Signal0,1[0],1[0],1[0],23,0_17
Hybridindex,17.5798[1.28647],17.6037[1.32081],17.5561[1.25125],24,0_17
Pref0,0.9005[0.213541],0.905841[0.205528],0.895233[0.221032],24,0_17
Signal0,1[0],1[0],1[0],24,0_17
Hybridindex,17.5993[1.26867],17.5753[1.24952],17.6244[1.28794],25,0_17
Pref0,0.898[0.212358],0.888563[0.223926],0.907881[0.199049],25,0_17
Signal0,1[0],1[0],1[0],25,0_17
Hybridindex,17.5945[1.24281],17.5782[1.23227],17.612[1.25379],26,0_17
Pref0,0.90675[0.207797],0.903475[0.210367],0.91027[0.20494],26,0_17
Signal0,1[0],1[0],1[0],26,0_17
Hybridindex,17.5775[1.21583],17.5764[1.22081],17.5786[1.21095],27,0_17
Pref0,0.9035[0.202948],0.905364[0.200963],0.90168[0.20485],27,0_17
Signal0,1[0],1[0],1[0],27,0_17
Hybridindex,17.5607[1.2368],17.5632[1.2478],17.5582[1.22561],28,0_17
Pref0,0.9095[0.198896],0.913347[0.195724],0.905622[0.20197],28,0_17
Signal0,1[0],1[0],1[0],28,0_17
Hybridindex,17.5343[1.22992],17.4816[1.24934],17.5934[1.20499],29,0_17
Pref0,0.9185[0.192634],0.917769[0.194066],0.919321[0.191009],29,0_17
Signal0,1[0],1[0],1[0],29,0_17
Hybridindex,17.546[1.21805],17.5291[1.22321],17.564[1.21225],30,0_17
Pref0,0.91675[0.194793],0.916182[0.198101],0.917355[0.191202],30,0_17
Signal0,1[0],1[0],1[0],30,0_17
Hybridindex,17.5512[1.22014],17.5398[1.24376],17.5622[1.19696],31,0_17
Pref0,0.9155[0.197762],0.917263[0.191223],0.91381[0.203821],31,0_17
Signal0,1[0],1[0],1[0],31,0_17
Hybridindex,17.5572[1.19367],17.5448[1.21494],17.5689[1.17317],32,0_17
Pref0,0.91175[0.203929],0.910825[0.199319],0.912621[0.208173],32,0_17
Signal0,1[0],1[0],1[0],32,0_17
Hybridindex,17.5705[1.17857],17.6259[1.14749],17.5146[1.20657],33,0_17
Pref0,0.9025[0.206746],0.904478[0.20523],0.900503[0.208246],33,0_17
Signal0,1[0],1[0],1[0],33,0_17
Hybridindex,17.5218[1.20816],17.538[1.17912],17.5051[1.23709],34,0_17
Pref0,0.9035[0.211985],0.913708[0.197867],0.893002[0.225102],34,0_17
Signal0,1[0],1[0],1[0],34,0_17
Hybridindex,17.5297[1.25419],17.4866[1.31176],17.5705[1.1959],35,0_17
Pref0,0.909[0.202408],0.906797[0.207519],0.911079[0.197442],35,0_17
Signal0,1[0],1[0],1[0],35,0_17
Hybridindex,17.545[1.24035],17.5507[1.24271],17.5387[1.23774],36,0_17
Pref0,0.9125[0.198353],0.916268[0.191752],0.908377[0.205253],36,0_17
Signal0,1[0],1[0],1[0],36,0_17
Hybridindex,17.5105[1.28019],17.494[1.26648],17.527[1.29355],37,0_17
Pref0,0.916[0.193505],0.9205[0.189551],0.9115[0.197276],37,0_17
Signal0,1[0],1[0],1[0],37,0_17
Hybridindex,17.4857[1.2635],17.4706[1.24863],17.501[1.27815],38,0_17
Pref0,0.923[0.188603],0.927861[0.181261],0.91809[0.195616],38,0_17
Signal0,1[0],1[0],1[0],38,0_17
Hybridindex,17.4327[1.24433],17.4135[1.26506],17.4522[1.22268],39,0_17
Pref0,0.9175[0.197342],0.914513[0.201012],0.920523[0.19351],39,0_17
Signal0,1[0],1[0],1[0],39,0_17
Hybridindex,17.4473[1.22652],17.4505[1.25334],17.4438[1.19677],40,0_17
Pref0,0.9135[0.199419],0.910577[0.203771],0.916667[0.194544],40,0_17
Signal0,1[0],1[0],1[0],40,0_17
Hybridindex,17.4565[1.28115],17.4579[1.27216],17.4551[1.29025],41,0_17
Pref0,0.9155[0.197762],0.907334[0.209028],0.923814[0.185221],41,0_17
Signal0,1[0],1[0],1[0],41,0_17
Hybridindex,17.4548[1.26296],17.4612[1.24488],17.4482[1.28093],42,0_17
Pref0,0.90975[0.200574],0.90995[0.199752],0.909548[0.2014],42,0_17
Signal0,1[0],1[0],1[0],42,0_17
Hybridindex,17.4135[1.27457],17.4017[1.2794],17.426[1.26932],43,0_17
Pref0,0.912[0.201881],0.91334[0.201714],0.910586[0.202048],43,0_17
Signal0,1[0],1[0],1[0],43,0_17
Hybridindex,17.4638[1.26859],17.4747[1.28092],17.4527[1.25588],44,0_17
Pref0,0.90825[0.204834],0.900099[0.214323],0.916499[0.194412],44,0_17
Signal0,1[0],1[0],1[0],44,0_17
Hybridindex,17.4503[1.24766],17.4303[1.24932],17.4698[1.24572],45,0_17
Pref0,0.9115[0.200419],0.914141[0.198992],0.908911[0.201774],45,0_17
Signal0,1[0],1[0],1[0],45,0_17
Hybridindex,17.4055[1.19857],17.3739[1.20918],17.4394[1.18615],46,0_17
Pref0,0.91175[0.197704],0.908213[0.19971],0.915544[0.195458],46,0_17
Signal0,1[0],1[0],1[0],46,0_17
Hybridindex,17.4312[1.20547],17.4513[1.19057],17.4121[1.21919],47,0_17
Pref0,0.9165[0.196285],0.923668[0.185442],0.909668[0.205857],47,0_17
Signal0,1[0],1[0],1[0],47,0_17
Hybridindex,17.426[1.2336],17.4646[1.23533],17.3882[1.23073],48,0_17
Pref0,0.924[0.188345],0.931749[0.180279],0.916419[0.195618],48,0_17
Signal0,1[0],1[0],1[0],48,0_17
Hybridindex,17.455[1.2346],17.4333[1.18769],17.4763[1.27846],49,0_17
Pref0,0.92525[0.184492],0.926694[0.185237],0.923838[0.18375],49,0_17
Signal0,1[0],1[0],1[0],49,0_17
Hybridindex,17.504[1.20343],17.4724[1.19553],17.5365[1.21065],50,0_17
Pref0,0.9205[0.193468],0.921182[0.191429],0.919797[0.195544],50,0_17
Signal0,1[0],1[0],1[0],50,0_17
Hybridindex,17.4758[1.20739],17.4696[1.18796],17.4822[1.22721],51,0_17
Pref0,0.927[0.182814],0.931796[0.179984],0.922018[0.185577],51,0_17
Signal0,1[0],1[0],1[0],51,0_17
Hybridindex,17.4617[1.19934],17.4941[1.1905],17.4284[1.20749],52,0_17
Pref0,0.92475[0.186313],0.929134[0.184],0.920224[0.188564],52,0_17
Signal0,1[0],1[0],1[0],52,0_17
Hybridindex,17.476[1.19997],17.4801[1.20164],17.4718[1.19826],53,0_17
Pref0,0.927[0.186872],0.932406[0.176681],0.921529[0.196497],53,0_17
Signal0,1[0],1[0],1[0],53,0_17
Hybridindex,17.4713[1.17614],17.4761[1.1748],17.4666[1.17741],54,0_17
Pref0,0.931[0.180939],0.931333[0.182151],0.930678[0.17976],54,0_17
Signal0,1[0],1[0],1[0],54,0_17
Hybridindex,17.4767[1.16268],17.5097[1.16737],17.4419[1.15669],55,0_17
Pref0,0.92575[0.183336],0.92607[0.18552],0.925412[0.180996],55,0_17
Signal0,1[0],1[0],1[0],55,0_17
Hybridindex,17.4567[1.18638],17.4522[1.18267],17.4613[1.1901],56,0_17
Pref0,0.92575[0.183336],0.927861[0.179884],0.923618[0.186733],56,0_17
Signal0,1[0],1[0],1[0],56,0_17
Hybridindex,17.4705[1.23779],17.4534[1.25822],17.4868[1.21778],57,0_17
Pref0,0.926[0.182412],0.92418[0.18357],0.927734[0.181283],57,0_17
Signal0,1[0],1[0],1[0],57,0_17
Hybridindex,17.4385[1.24929],17.4352[1.25064],17.4418[1.24792],58,0_17
Pref0,0.9235[0.188806],0.925723[0.188705],0.921264[0.188882],58,0_17
Signal0,1[0],1[0],1[0],58,0_17
Hybridindex,17.444[1.22602],17.4357[1.23754],17.4522[1.21442],59,0_17
Pref0,0.92125[0.193451],0.920181[0.196363],0.922311[0.190513],59,0_17
Signal0,1[0],1[0],1[0],59,0_17
Hybridindex,17.4372[1.22155],17.4094[1.24466],17.4647[1.19769],60,0_17
Pref0,0.91625[0.200277],0.913394[0.202083],0.919067[0.19844],60,0_17
Signal0,1[0],1[0],1[0],60,0_17
Hybridindex,17.442[1.19703],17.4042[1.19381],17.4807[1.19909],61,0_17
Pref0,0.91675[0.194793],0.916584[0.194194],0.91692[0.195407],61,0_17
Signal0,1[0],1[0],1[0],61,0_17
Hybridindex,17.4585[1.18132],17.4442[1.15342],17.4734[1.20956],62,0_17
Pref0,0.916[0.197342],0.911361[0.203371],0.920838[0.190732],62,0_17
Signal0,1[0],1[0],1[0],62,0_17
Hybridindex,17.505[1.17259],17.4849[1.15261],17.5236[1.19051],63,0_17
Pref0,0.91325[0.197103],0.908524[0.203785],0.91763[0.190596],63,0_17
Signal0,1[0],1[0],1[0],63,0_17
Hybridindex,17.5117[1.15995],17.505[1.17795],17.5184[1.14192],64,0_17
Pref0,0.91625[0.19522],0.914819[0.194564],0.917659[0.195854],64,0_17
Signal0,1[0],1[0],1[0],64,0_17
Hybridindex,17.5072[1.16622],17.5127[1.17367],17.502[1.15889],65,0_17
Pref0,0.91625[0.19329],0.914387[0.193658],0.918065[0.192913],65,0_17
Signal0,1[0],1[0],1[0],65,0_17
Hybridindex,17.4985[1.17314],17.4703[1.17895],17.5283[1.16621],66,0_17
Pref0,0.92075[0.191949],0.92072[0.194248],0.920782[0.189488],66,0_17
Signal0,1[0],1[0],1[0],66,0_17
Hybridindex,17.496[1.17388],17.494[1.18751],17.498[1.15985],67,0_17
Pref0,0.91475[0.198387],0.905258[0.207025],0.924395[0.188718],67,0_17
Signal0,1[0],1[0],1[0],67,0_17
Hybridindex,17.4477[1.22796],17.4604[1.20968],17.4348[1.24625],68,0_17
Pref0,0.917[0.19522],0.918398[0.192639],0.915571[0.197815],68,0_17
Signal0,1[0],1[0],1[0],68,0_17
Hybridindex,17.4657[1.16198],17.4692[1.17178],17.4622[1.15193],69,0_17
Pref0,0.922[0.188191],0.914683[0.190714],0.929435[0.185298],69,0_17
Signal0,1[0],1[0],1[0],69,0_17
Hybridindex,17.4515[1.17181],17.4552[1.13618],17.4476[1.209],70,0_17
Pref0,0.918[0.188483],0.917068[0.188554],0.919003[0.188403],70,0_17
Signal0,1[0],1[0],1[0],70,0_17
Hybridindex,17.4695[1.15664],17.4823[1.16656],17.4578[1.14733],71,0_17
Pref0,0.91[0.199123],0.912317[0.199516],0.907869[0.198738],71,0_17
Signal0,1[0],1[0],1[0],71,0_17
Hybridindex,17.4383[1.17699],17.4596[1.15995],17.4172[1.19312],72,0_17
Pref0,0.908[0.201336],0.904642[0.202753],0.911298[0.199879],72,0_17
Signal0,1[0],1[0],1[0],72,0_17
Hybridindex,17.4252[1.18745],17.4537[1.18721],17.3966[1.18701],73,0_17
Pref0,0.91175[0.203929],0.917331[0.198697],0.906124[0.208919],73,0_17
Signal0,1[0],1[0],1[0],73,0_17
Hybridindex,17.4185[1.18041],17.3505[1.20187],17.4879[1.15398],74,0_17
Pref0,0.9115[0.199794],0.914356[0.196105],0.908586[0.203448],74,0_17
Signal0,1[0],1[0],1[0],74,0_17
Hybridindex,17.4062[1.20523],17.418[1.18304],17.3944[1.22717],75,0_17
Pref0,0.91625[0.197765],0.917495[0.196014],0.91499[0.199513],75,0_17
Signal0,1[0],1[0],1[0],75,0_17
Hybridindex,17.4045[1.18917],17.3627[1.19308],17.4467[1.18372],76,0_17
Pref0,0.916[0.196071],0.914925[0.195665],0.917085[0.196475],76,0_17
Signal0,1[0],1[0],1[0],76,0_17
Hybridindex,17.3962[1.20171],17.4218[1.15024],17.3708[1.25035],77,0_17
Pref0,0.92025[0.191089],0.907315[0.205575],0.933134[0.174525],77,0_17
Signal0,1[0],1[0],1[0],77,0_17
Hybridindex,17.3618[1.23663],17.3425[1.22907],17.3803[1.24359],78,0_17
Pref0,0.91125[0.19748],0.909786[0.197502],0.912659[0.197449],78,0_17
Signal0,1[0],1[0],1[0],78,0_17
Hybridindex,17.357[1.20625],17.3941[1.18373],17.3212[1.22653],79,0_17
Pref0,0.91275[0.198777],0.912424[0.201745],0.913065[0.195872],79,0_17
Signal0,1[0],1[0],1[0],79,0_17
Hybridindex,17.383[1.23068],17.3663[1.22249],17.3994[1.23844],80,0_17
Pref0,0.9075[0.203577],0.90111[0.205398],0.913776[0.201576],80,0_17
Signal0,1[0],1[0],1[0],80,0_17
Hybridindex,17.4225[1.18247],17.459[1.1407],17.3869[1.22082],81,0_17
Pref0,0.90775[0.202151],0.904352[0.206698],0.911067[0.197554],81,0_17
Signal0,1[0],1[0],1[0],81,0_17
Hybridindex,17.3775[1.21089],17.3738[1.18583],17.3808[1.23297],82,0_17
Pref0,0.91075[0.201021],0.909187[0.199498],0.912156[0.202371],82,0_17
Signal0,1[0],1[0],1[0],82,0_17
Hybridindex,17.352[1.21618],17.309[1.22703],17.3943[1.20391],83,0_17
Pref0,0.9025[0.209747],0.903226[0.207495],0.901786[0.211937],83,0_17
Signal0,1[0],1[0],1[0],83,0_17
Hybridindex,17.3255[1.23958],17.3595[1.18294],17.2923[1.29171],84,0_17
Pref0,0.8955[0.211139],0.899393[0.207882],0.891691[0.214209],84,0_17
Signal0,1[0],1[0],1[0],84,0_17
Hybridindex,17.3642[1.21879],17.358[1.22493],17.3711[1.21203],85,0_17
Pref0,0.8955[0.217554],0.892994[0.224076],0.898225[0.210197],85,0_17
Signal0,1[0],1[0],1[0],85,0_17
Hybridindex,17.3388[1.22683],17.376[1.21733],17.3006[1.23533],86,0_17
Pref0,0.8945[0.216494],0.892292[0.220626],0.896761[0.212155],86,0_17
Signal0,1[0],1[0],1[0],86,0_17
Hybridindex,17.3695[1.18868],17.4223[1.18128],17.317[1.19369],87,0_17
Pref0,0.8915[0.222436],0.889669[0.224756],0.89332[0.220091],87,0_17
Signal0,1[0],1[0],1[0],87,0_17
Hybridindex,17.3283[1.20566],17.2815[1.21436],17.3774[1.19448],88,0_17
Pref0,0.89625[0.218199],0.899024[0.217074],0.893333[0.219339],88,0_17
Signal0,1[0],1[0],1[0],88,0_17
Hybridindex,17.3388[1.18316],17.3184[1.18388],17.3601[1.18203],89,0_17
Pref0,0.9105[0.197458],0.915039[0.192913],0.905738[0.202008],89,0_17
Signal0,1[0],1[0],1[0],89,0_17
Hybridindex,17.3595[1.20312],17.3693[1.15501],17.3496[1.24986],90,0_17
Pref0,0.91275[0.194326],0.911034[0.196357],0.914487[0.192232],90,0_17
Signal0,1[0],1[0],1[0],90,0_17
Hybridindex,17.3652[1.19414],17.3313[1.21287],17.3993[1.17405],91,0_17
Pref0,0.9085[0.20525],0.911677[0.206997],0.905311[0.203432],91,0_17
Signal0,1[0],1[0],1[0],91,0_17
Hybridindex,17.3307[1.20322],17.2985[1.20178],17.3604[1.20377],92,0_17
Pref0,0.90525[0.207117],0.903445[0.213868],0.90691[0.200695],92,0_17
Signal0,1[0],1[0],1[0],92,0_17
Hybridindex,17.3295[1.20465],17.3054[1.22678],17.3532[1.18199],93,0_17
Pref0,0.90375[0.20943],0.909274[0.205358],0.898313[0.213222],93,0_17
Signal0,1[0],1[0],1[0],93,0_17
Hybridindex,17.2787[1.19997],17.2833[1.21866],17.2743[1.18134],94,0_17
Pref0,0.904[0.212212],0.901515[0.215902],0.906436[0.208503],94,0_17
Signal0,1[0],1[0],1[0],94,0_17
Hybridindex,17.2673[1.20383],17.2252[1.1881],17.3117[1.21866],95,0_17
Pref0,0.89975[0.209344],0.901751[0.208237],0.897634[0.210488],95,0_17
Signal0,1[0],1[0],1[0],95,0_17
Hybridindex,17.2808[1.23108],17.2586[1.20364],17.3027[1.25722],96,0_17
Pref0,0.89975[0.213483],0.895875[0.212708],0.903579[0.214177],96,0_17
Signal0,1[0],1[0],1[0],96,0_17
Hybridindex,17.2525[1.22341],17.2534[1.20314],17.2515[1.24408],97,0_17
Pref0,0.896[0.213738],0.890472[0.214956],0.901731[0.212317],97,0_17
Signal0,1[0],1[0],1[0],97,0_17
Hybridindex,17.2888[1.24046],17.2472[1.27313],17.3291[1.20655],98,0_17
Pref0,0.89575[0.215074],0.899492[0.210269],0.892118[0.219576],98,0_17
Signal0,1[0],1[0],1[0],98,0_17
Hybridindex,17.2767[1.24038],17.2901[1.24976],17.2635[1.23082],99,0_17
Pref0,0.89925[0.214417],0.898798[0.2165],0.899701[0.21232],99,0_17
Signal0,1[0],1[0],1[0],99,0_17
Hybridindex,17.264[1.23382],17.2447[1.23038],17.2828[1.23686],100,0_17
Pref0,0.89925[0.213833],0.914387[0.203853],0.884501[0.222138],100,0_17
Signal0,1[0],1[0],1[0],100,0_17
Hybridindex,12.475[8.32613],12.3344[8.35955],12.6104[8.29157],1,0_18
Pref0,0.62375[0.416306],0.616718[0.417978],0.63052[0.414578],1,0_18
Signal0,0.62375[0.416306],0.616718[0.417978],0.63052[0.414578],1,0_18
Hybridindex,15.439[5.93639],15.5977[5.74518],15.2825[6.11507],2,0_18
Pref0,0.772[0.329797],0.778953[0.318497],0.765144[0.340434],2,0_18
Signal0,0.77075[0.32453],0.783484[0.313267],0.758193[0.334791],2,0_18
Hybridindex,16.8942[3.86603],17.0219[3.73948],16.759[3.99132],3,0_18
Pref0,0.841[0.26357],0.85277[0.255065],0.828527[0.271737],3,0_18
Signal0,0.85975[0.25041],0.869291[0.242816],0.84964[0.257828],3,0_18
Hybridindex,17.3932[2.67754],17.3249[2.79369],17.4651[2.54776],4,0_18
Pref0,0.86425[0.240202],0.860976[0.24182],0.867692[0.23844],4,0_18
Signal0,0.91925[0.189353],0.917073[0.191149],0.921538[0.187419],4,0_18
Hybridindex,17.6562[1.92164],17.6548[1.93681],17.6577[1.90632],5,0_18
Pref0,0.87725[0.228708],0.883117[0.22422],0.871371[0.232971],5,0_18
Signal0,0.95525[0.142732],0.952048[0.14723],0.958458[0.138004],5,0_18
Hybridindex,17.761[1.60861],17.7578[1.60076],17.7639[1.61582],6,0_18
Pref0,0.884[0.223146],0.883854[0.22314],0.884135[0.223151],6,0_18
Signal0,0.977[0.104743],0.975521[0.10789],0.978365[0.101731],6,0_18
Hybridindex,17.7632[1.43765],17.7581[1.45743],17.7689[1.41562],7,0_18
Pref0,0.88525[0.229036],0.881931[0.228614],0.888889[0.229442],7,0_18
Signal0,0.98775[0.0772977],0.98805[0.0763697],0.987421[0.0783013],7,0_18
Hybridindex,17.7623[1.38631],17.7728[1.38728],17.7522[1.38531],8,0_18
Pref0,0.8875[0.223816],0.889231[0.220807],0.885854[0.226629],8,0_18
Signal0,0.99425[0.0533098],0.995385[0.0478162],0.993171[0.0580344],8,0_18
Hybridindex,17.7398[1.36899],17.7093[1.35484],17.7684[1.38158],9,0_18
Pref0,0.88825[0.222232],0.887113[0.218686],0.88932[0.225515],9,0_18
Signal0,0.99525[0.0485019],0.996907[0.0392024],0.993689[0.0558168],9,0_18
Hybridindex,17.777[1.28813],17.7424[1.28538],17.8107[1.2899],10,0_18
Pref0,0.8875[0.228788],0.891481[0.226062],0.883629[0.231342],10,0_18
Signal0,0.996[0.0445421],0.995436[0.0475512],0.996548[0.0413996],10,0_18
Hybridindex,17.7563[1.28198],17.765[1.25719],17.7486[1.30318],11,0_18
Pref0,0.888[0.222948],0.903433[0.207966],0.874532[0.234415],11,0_18
Signal0,0.99675[0.0401801],0.996781[0.0399885],0.996723[0.0403465],11,0_18
Hybridindex,17.7413[1.28722],17.7013[1.33998],17.7821[1.2296],12,0_18
Pref0,0.8935[0.215425],0.894164[0.213713],0.892821[0.217158],12,0_18
Signal0,0.9975[0.0352668],0.998022[0.031388],0.996967[0.0388263],12,0_18
Hybridindex,17.7415[1.26221],17.7724[1.26915],17.7109[1.25456],13,0_18
Pref0,0.9015[0.212245],0.896985[0.21778],0.90597[0.206521],13,0_18
Signal0,0.999[0.0223383],0.999497[0.0158431],0.998507[0.0272771],13,0_18
Hybridindex,17.7132[1.25316],17.7071[1.24585],17.7193[1.26035],14,0_18
Pref0,0.90125[0.21065],0.908726[0.204498],0.893819[0.216336],14,0_18
Signal0,0.99925[0.0193504],0.999498[0.0158272],0.999003[0.0223049],14,0_18
Hybridindex,17.7067[1.26763],17.6673[1.29542],17.7482[1.23639],15,0_18
Pref0,0.8955[0.216979],0.896585[0.21308],0.894359[0.220998],15,0_18
Signal0,0.9995[0.0158035],0.999024[0.0220647],1[0],15,0_18
Hybridindex,17.7225[1.23105],17.7355[1.19985],17.7091[1.26227],16,0_18
Pref0,0.894[0.216827],0.902956[0.205086],0.884772[0.227927],16,0_18
Signal0,1[0],1[0],1[0],16,0_18
Hybridindex,17.7275[1.23885],17.7061[1.23626],17.75[1.24116],17,0_18
Pref0,0.894[0.222517],0.88916[0.222446],0.899078[0.222479],17,0_18
Signal0,1[0],1[0],1[0],17,0_18
Hybridindex,17.7338[1.19989],17.7397[1.20377],17.7278[1.19599],18,0_18
Pref0,0.9015[0.212245],0.890171[0.22777],0.912762[0.194943],18,0_18
Signal0,1[0],1[0],1[0],18,0_18
Hybridindex,17.735[1.21892],17.7238[1.21853],17.7471[1.21923],19,0_18
Pref0,0.907[0.207005],0.908566[0.20652],0.905307[0.207515],19,0_18
Signal0,1[0],1[0],1[0],19,0_18
Hybridindex,17.7428[1.25367],17.7236[1.24299],17.7624[1.26424],20,0_18
Pref0,0.90225[0.208134],0.902764[0.208819],0.901722[0.207428],20,0_18
Signal0,1[0],1[0],1[0],20,0_18
Hybridindex,17.7865[1.21116],17.7776[1.20207],17.796[1.22071],21,0_18
Pref0,0.9065[0.204958],0.901647[0.204757],0.911674[0.205045],21,0_18
Signal0,1[0],1[0],1[0],21,0_18
Hybridindex,17.7688[1.22072],17.7747[1.2151],17.7628[1.22629],22,0_18
Pref0,0.90475[0.207491],0.904595[0.202726],0.904905[0.212158],22,0_18
Signal0,1[0],1[0],1[0],22,0_18
Hybridindex,17.7903[1.24544],17.7553[1.25422],17.8246[1.2358],23,0_18
Pref0,0.9185[0.193927],0.920283[0.195051],0.916749[0.192801],23,0_18
Signal0,1[0],1[0],1[0],23,0_18
Hybridindex,17.8205[1.24299],17.8328[1.214],17.8081[1.27131],24,0_18
Pref0,0.917[0.199025],0.910679[0.206568],0.923347[0.190942],24,0_18
Signal0,1[0],1[0],1[0],24,0_18
Hybridindex,17.8545[1.23078],17.8377[1.24385],17.8707[1.2178],25,0_18
Pref0,0.916[0.198605],0.922177[0.193476],0.910029[0.203262],25,0_18
Signal0,1[0],1[0],1[0],25,0_18
Hybridindex,17.8565[1.19411],17.8427[1.18346],17.8706[1.20474],26,0_18
Pref0,0.91875[0.195636],0.918892[0.194761],0.918605[0.196526],26,0_18
Signal0,1[0],1[0],1[0],26,0_18
Hybridindex,17.893[1.14534],17.904[1.18047],17.8826[1.11086],27,0_18
Pref0,0.923[0.189264],0.929671[0.176762],0.916667[0.200207],27,0_18
Signal0,1[0],1[0],1[0],27,0_18
Hybridindex,17.8935[1.13893],17.9231[1.15077],17.8649[1.12665],28,0_18
Pref0,0.9245[0.186547],0.925662[0.184902],0.923379[0.188113],28,0_18
Signal0,1[0],1[0],1[0],28,0_18
Hybridindex,17.8547[1.13017],17.8925[1.12281],17.8187[1.13597],29,0_18
Pref0,0.926[0.181036],0.928864[0.176123],0.923265[0.185565],29,0_18
Signal0,1[0],1[0],1[0],29,0_18
Hybridindex,17.867[1.15122],17.8933[1.12952],17.8395[1.17284],30,0_18
Pref0,0.93125[0.176489],0.925636[0.181988],0.937117[0.170356],30,0_18
Signal0,1[0],1[0],1[0],30,0_18
Hybridindex,17.8382[1.17493],17.7901[1.22145],17.8851[1.12589],31,0_18
Pref0,0.9325[0.175908],0.932556[0.17664],0.932446[0.175194],31,0_18
Signal0,1[0],1[0],1[0],31,0_18
Hybridindex,17.811[1.13172],17.811[1.11308],17.811[1.15053],32,0_18
Pref0,0.936[0.171476],0.937315[0.169982],0.93465[0.172985],32,0_18
Signal0,1[0],1[0],1[0],32,0_18
Hybridindex,17.7913[1.12497],17.7836[1.10087],17.7989[1.14865],33,0_18
Pref0,0.93675[0.17139],0.930209[0.178937],0.94333[0.163181],33,0_18
Signal0,1[0],1[0],1[0],33,0_18
Hybridindex,17.7907[1.14339],17.8143[1.15019],17.7674[1.13613],34,0_18
Pref0,0.9375[0.170569],0.932731[0.173532],0.942231[0.167443],34,0_18
Signal0,1[0],1[0],1[0],34,0_18
Hybridindex,17.774[1.17853],17.75[1.19709],17.7984[1.15884],35,0_18
Pref0,0.941[0.167389],0.946429[0.159386],0.935484[0.174974],35,0_18
Signal0,1[0],1[0],1[0],35,0_18
Hybridindex,17.7855[1.17079],17.7975[1.15118],17.7739[1.18939],36,0_18
Pref0,0.947[0.154729],0.943655[0.159704],0.950246[0.149671],36,0_18
Signal0,1[0],1[0],1[0],36,0_18
Hybridindex,17.739[1.15645],17.6834[1.14904],17.7949[1.16118],37,0_18
Pref0,0.943[0.15969],0.947159[0.153716],0.938816[0.165378],37,0_18
Signal0,1[0],1[0],1[0],37,0_18
Hybridindex,17.7455[1.13081],17.7823[1.09225],17.7093[1.16638],38,0_18
Pref0,0.9415[0.166817],0.940524[0.167978],0.94246[0.16566],38,0_18
Signal0,1[0],1[0],1[0],38,0_18
Hybridindex,17.732[1.14975],17.7204[1.14985],17.7435[1.14954],39,0_18
Pref0,0.94025[0.166748],0.935371[0.172165],0.94511[0.161025],39,0_18
Signal0,1[0],1[0],1[0],39,0_18
Hybridindex,17.7018[1.17172],17.7266[1.17481],17.6761[1.16797],40,0_18
Pref0,0.93475[0.176401],0.934975[0.178136],0.934518[0.174596],40,0_18
Signal0,1[0],1[0],1[0],40,0_18
Hybridindex,17.649[1.18324],17.6597[1.14894],17.6386[1.21556],41,0_18
Pref0,0.9285[0.180659],0.934077[0.172133],0.923077[0.188422],41,0_18
Signal0,1[0],1[0],1[0],41,0_18
Hybridindex,17.6645[1.21128],17.705[1.18435],17.6244[1.23605],42,0_18
Pref0,0.926[0.187147],0.935678[0.174746],0.916418[0.198199],42,0_18
Signal0,1[0],1[0],1[0],42,0_18
Hybridindex,17.7045[1.18751],17.7085[1.19978],17.7007[1.17556],43,0_18
Pref0,0.92575[0.182653],0.920489[0.189689],0.930815[0.175464],43,0_18
Signal0,1[0],1[0],1[0],43,0_18
Hybridindex,17.7013[1.16667],17.7325[1.16636],17.6733[1.16624],44,0_18
Pref0,0.9245[0.185202],0.927966[0.180047],0.921402[0.189638],44,0_18
Signal0,1[0],1[0],1[0],44,0_18
Hybridindex,17.689[1.18871],17.6702[1.18282],17.7087[1.19455],45,0_18
Pref0,0.93[0.179861],0.925366[0.187514],0.934872[0.171313],45,0_18
Signal0,1[0],1[0],1[0],45,0_18
Hybridindex,17.6582[1.19167],17.6633[1.20346],17.6533[1.18001],46,0_18
Pref0,0.92525[0.183814],0.920627[0.185466],0.929773[0.182069],46,0_18
Signal0,1[0],1[0],1[0],46,0_18
Hybridindex,17.6535[1.20039],17.6857[1.19265],17.6203[1.20742],47,0_18
Pref0,0.92625[0.183537],0.92069[0.187977],0.93198[0.178666],47,0_18
Signal0,1[0],1[0],1[0],47,0_18
Hybridindex,17.6675[1.17747],17.6352[1.17425],17.7032[1.18],48,0_18
Pref0,0.927[0.184854],0.927619[0.182572],0.926316[0.187342],48,0_18
Signal0,1[0],1[0],1[0],48,0_18
Hybridindex,17.6752[1.12657],17.6953[1.13313],17.6567[1.12016],49,0_18
Pref0,0.931[0.178154],0.933854[0.175445],0.928365[0.180579],49,0_18
Signal0,1[0],1[0],1[0],49,0_18
Hybridindex,17.6955[1.12318],17.7202[1.10989],17.6717[1.13532],50,0_18
Pref0,0.93025[0.180305],0.929664[0.17961],0.930815[0.18097],50,0_18
Signal0,1[0],1[0],1[0],50,0_18
Hybridindex,17.6815[1.13801],17.6723[1.13258],17.6907[1.14334],51,0_18
Pref0,0.931[0.179552],0.928072[0.185167],0.933934[0.173695],51,0_18
Signal0,1[0],1[0],1[0],51,0_18
Hybridindex,17.7153[1.12829],17.7208[1.15773],17.71[1.09948],52,0_18
Pref0,0.93125[0.181379],0.933914[0.179616],0.928711[0.183008],52,0_18
Signal0,1[0],1[0],1[0],52,0_18
Hybridindex,17.6885[1.14814],17.7097[1.1488],17.6678[1.14711],53,0_18
Pref0,0.93225[0.176875],0.926545[0.185395],0.937808[0.167974],53,0_18
Signal0,1[0],1[0],1[0],53,0_18
Hybridindex,17.7198[1.14535],17.6844[1.14623],17.7534[1.14351],54,0_18
Pref0,0.93[0.179861],0.932889[0.1778],0.927246[0.181761],54,0_18
Signal0,1[0],1[0],1[0],54,0_18
Hybridindex,17.7362[1.13029],17.7418[1.12625],17.7303[1.13458],55,0_18
Pref0,0.9285[0.178571],0.924081[0.18343],0.93323[0.173095],55,0_18
Signal0,1[0],1[0],1[0],55,0_18
Hybridindex,17.733[1.14497],17.7385[1.15292],17.7272[1.13656],56,0_18
Pref0,0.9335[0.176996],0.932063[0.181037],0.935005[0.172651],56,0_18
Signal0,1[0],1[0],1[0],56,0_18
Hybridindex,17.7285[1.10172],17.7028[1.12746],17.7537[1.07524],57,0_18
Pref0,0.93925[0.173016],0.935923[0.181598],0.942517[0.164084],57,0_18
Signal0,1[0],1[0],1[0],57,0_18
Hybridindex,17.73[1.08701],17.7245[1.06083],17.7355[1.11256],58,0_18
Pref0,0.926[0.183096],0.921[0.186438],0.931[0.179552],58,0_18
Signal0,1[0],1[0],1[0],58,0_18
Hybridindex,17.69[1.10313],17.7229[1.10445],17.6554[1.10068],59,0_18
Pref0,0.91575[0.200691],0.918049[0.199061],0.913333[0.202362],59,0_18
Signal0,1[0],1[0],1[0],59,0_18
Hybridindex,17.6807[1.11477],17.6857[1.08413],17.6758[1.14433],60,0_18
Pref0,0.90925[0.202829],0.911647[0.199711],0.906873[0.205847],60,0_18
Signal0,1[0],1[0],1[0],60,0_18
Hybridindex,17.69[1.08023],17.6817[1.07085],17.6984[1.0896],61,0_18
Pref0,0.9185[0.193927],0.919563[0.192935],0.917422[0.194922],61,0_18
Signal0,1[0],1[0],1[0],61,0_18
Hybridindex,17.7235[1.07054],17.7507[1.05795],17.693[1.08366],62,0_18
Pref0,0.9225[0.188398],0.920057[0.1933],0.925239[0.182708],62,0_18
Signal0,1[0],1[0],1[0],62,0_18
Hybridindex,17.7315[1.08957],17.7226[1.11063],17.7402[1.0687],63,0_18
Pref0,0.9205[0.19021],0.920732[0.188104],0.920276[0.192227],63,0_18
Signal0,1[0],1[0],1[0],63,0_18
Hybridindex,17.7338[1.06852],17.7092[1.05433],17.7571[1.08133],64,0_18
Pref0,0.922[0.188854],0.917436[0.189746],0.926341[0.187899],64,0_18
Signal0,1[0],1[0],1[0],64,0_18
Hybridindex,17.7145[1.08926],17.6787[1.10411],17.7523[1.07207],65,0_18
Pref0,0.9245[0.186547],0.926485[0.185133],0.922405[0.188005],65,0_18
Signal0,1[0],1[0],1[0],65,0_18
Hybridindex,17.7452[1.07714],17.7568[1.07132],17.7331[1.0831],66,0_18
Pref0,0.9205[0.192171],0.921053[0.196473],0.919918[0.187531],66,0_18
Signal0,1[0],1[0],1[0],66,0_18
Hybridindex,17.7218[1.07271],17.699[1.06762],17.7454[1.07747],67,0_18
Pref0,0.92[0.19],0.923529[0.184006],0.916327[0.195977],67,0_18
Signal0,1[0],1[0],1[0],67,0_18
Hybridindex,17.717[1.10438],17.6967[1.12332],17.7374[1.08457],68,0_18
Pref0,0.92525[0.184492],0.923805[0.186499],0.926707[0.182436],68,0_18
Signal0,1[0],1[0],1[0],68,0_18
Hybridindex,17.7318[1.09072],17.7343[1.09995],17.7292[1.0811],69,0_18
Pref0,0.92375[0.187912],0.927657[0.181401],0.919715[0.194324],69,0_18
Signal0,1[0],1[0],1[0],69,0_18
Hybridindex,17.7153[1.16105],17.7469[1.13617],17.6853[1.18332],70,0_18
Pref0,0.9145[0.194138],0.910494[0.196975],0.918288[0.19134],70,0_18
Signal0,1[0],1[0],1[0],70,0_18
Hybridindex,17.7063[1.16387],17.6814[1.19207],17.7321[1.13319],71,0_18
Pref0,0.90925[0.204669],0.909804[0.204609],0.908673[0.20473],71,0_18
Signal0,1[0],1[0],1[0],71,0_18
Hybridindex,17.7605[1.11597],17.7244[1.14407],17.7978[1.08494],72,0_18
Pref0,0.91125[0.201242],0.907972[0.204875],0.914634[0.197364],72,0_18
Signal0,1[0],1[0],1[0],72,0_18
Hybridindex,17.7667[1.10497],17.7362[1.12473],17.7972[1.08405],73,0_18
Pref0,0.9135[0.205591],0.914915[0.205694],0.912088[0.205479],73,0_18
Signal0,1[0],1[0],1[0],73,0_18
Hybridindex,17.7503[1.10431],17.7253[1.08186],17.7738[1.12461],74,0_18
Pref0,0.917[0.194579],0.915638[0.194],0.918288[0.195116],74,0_18
Signal0,1[0],1[0],1[0],74,0_18
Hybridindex,17.7013[1.10979],17.6968[1.13383],17.7057[1.08539],75,0_18
Pref0,0.92375[0.186577],0.925703[0.183403],0.921813[0.189653],75,0_18
Signal0,1[0],1[0],1[0],75,0_18
Hybridindex,17.7057[1.09558],17.6974[1.07715],17.7136[1.1126],76,0_18
Pref0,0.92425[0.187448],0.929897[0.179441],0.918932[0.194539],76,0_18
Signal0,1[0],1[0],1[0],76,0_18
Hybridindex,17.6925[1.12425],17.7097[1.09886],17.6745[1.14996],77,0_18
Pref0,0.91925[0.190012],0.922776[0.184702],0.915558[0.195349],77,0_18
Signal0,1[0],1[0],1[0],77,0_18
Hybridindex,17.686[1.12823],17.6393[1.14554],17.7325[1.10877],78,0_18
Pref0,0.91625[0.195859],0.920842[0.189257],0.911677[0.202118],78,0_18
Signal0,1[0],1[0],1[0],78,0_18
Hybridindex,17.6805[1.11699],17.6487[1.09429],17.7136[1.13915],79,0_18
Pref0,0.91675[0.192209],0.918057[0.190314],0.915392[0.194149],79,0_18
Signal0,1[0],1[0],1[0],79,0_18
Hybridindex,17.6462[1.13214],17.6615[1.1209],17.63[1.14375],80,0_18
Pref0,0.92325[0.189036],0.92386[0.18757],0.922601[0.190581],80,0_18
Signal0,1[0],1[0],1[0],80,0_18
Hybridindex,17.674[1.11869],17.6784[1.1479],17.6697[1.08899],81,0_18
Pref0,0.91925[0.197115],0.91809[0.199432],0.920398[0.194787],81,0_18
Signal0,1[0],1[0],1[0],81,0_18
Hybridindex,17.6417[1.14249],17.6754[1.14277],17.6086[1.14124],82,0_18
Pref0,0.918[0.191118],0.916331[0.18932],0.919643[0.192856],82,0_18
Signal0,1[0],1[0],1[0],82,0_18
Hybridindex,17.653[1.16],17.6362[1.16317],17.6688[1.15679],83,0_18
Pref0,0.9145[0.199849],0.916925[0.196886],0.912221[0.202568],83,0_18
Signal0,1[0],1[0],1[0],83,0_18
Hybridindex,17.6908[1.12572],17.6884[1.12759],17.6932[1.12373],84,0_18
Pref0,0.91525[0.198601],0.92113[0.191371],0.909044[0.205776],84,0_18
Signal0,1[0],1[0],1[0],84,0_18
Hybridindex,17.6837[1.10357],17.6515[1.11551],17.7159[1.09062],85,0_18
Pref0,0.91[0.200375],0.903711[0.204651],0.916251[0.195832],85,0_18
Signal0,1[0],1[0],1[0],85,0_18
Hybridindex,17.7117[1.09979],17.6974[1.13109],17.7258[1.06816],86,0_18
Pref0,0.91625[0.197132],0.921053[0.194411],0.911561[0.199641],86,0_18
Signal0,1[0],1[0],1[0],86,0_18
Hybridindex,17.742[1.09826],17.7238[1.09552],17.7603[1.1007],87,0_18
Pref0,0.921[0.188438],0.917083[0.19514],0.924925[0.18139],87,0_18
Signal0,1[0],1[0],1[0],87,0_18
Hybridindex,17.7497[1.08467],17.7508[1.08944],17.7488[1.07994],88,0_18
Pref0,0.92625[0.184894],0.926485[0.182666],0.926018[0.187065],88,0_18
Signal0,1[0],1[0],1[0],88,0_18
Hybridindex,17.711[1.09863],17.7429[1.09132],17.6796[1.10487],89,0_18
Pref0,0.928[0.181841],0.928931[0.181669],0.927083[0.182004],89,0_18
Signal0,1[0],1[0],1[0],89,0_18
Hybridindex,17.7213[1.10394],17.6757[1.13214],17.7696[1.07106],90,0_18
Pref0,0.9245[0.189208],0.92233[0.1953],0.926804[0.182489],90,0_18
Signal0,1[0],1[0],1[0],90,0_18
Hybridindex,17.7188[1.0991],17.6859[1.13184],17.7502[1.06581],91,0_18
Pref0,0.92525[0.186514],0.924413[0.188826],0.926053[0.184266],91,0_18
Signal0,1[0],1[0],1[0],91,0_18
Hybridindex,17.7082[1.10578],17.6919[1.0848],17.7254[1.12712],92,0_18
Pref0,0.92075[0.191297],0.920898[0.192873],0.920594[0.189629],92,0_18
Signal0,1[0],1[0],1[0],92,0_18
Hybridindex,17.681[1.12926],17.6493[1.14865],17.7126[1.10872],93,0_18
Pref0,0.92075[0.191297],0.916333[0.198349],0.92515[0.183898],93,0_18
Signal0,1[0],1[0],1[0],93,0_18
Hybridindex,17.64[1.09916],17.6681[1.10432],17.6107[1.09299],94,0_18
Pref0,0.91875[0.192415],0.92549[0.183477],0.911735[0.201056],94,0_18
Signal0,1[0],1[0],1[0],94,0_18
Hybridindex,17.6238[1.08596],17.6109[1.10411],17.6364[1.06765],95,0_18
Pref0,0.92075[0.189326],0.915323[0.197992],0.926091[0.180233],95,0_18
Signal0,1[0],1[0],1[0],95,0_18
Hybridindex,17.6043[1.09385],17.6152[1.1177],17.5933[1.06946],96,0_18
Pref0,0.91675[0.196709],0.924349[0.188705],0.909182[0.204089],96,0_18
Signal0,1[0],1[0],1[0],96,0_18
Hybridindex,17.5903[1.1514],17.5889[1.13694],17.5917[1.16654],97,0_18
Pref0,0.92175[0.189082],0.920797[0.189098],0.92276[0.18906],97,0_18
Signal0,1[0],1[0],1[0],97,0_18
Hybridindex,17.6088[1.11861],17.633[1.1021],17.5851[1.13404],98,0_18
Pref0,0.9185[0.192634],0.919616[0.191739],0.917409[0.193499],98,0_18
Signal0,1[0],1[0],1[0],98,0_18
Hybridindex,17.5547[1.13683],17.5755[1.12391],17.5343[1.14905],99,0_18
Pref0,0.91175[0.203929],0.909366[0.205275],0.914101[0.202565],99,0_18
Signal0,1[0],1[0],1[0],99,0_18
Hybridindex,17.569[1.15282],17.5314[1.17735],17.6057[1.12714],100,0_18
Pref0,0.91625[0.193935],0.911943[0.1957],0.920455[0.192103],100,0_18
Signal0,1[0],1[0],1[0],100,0_18
Hybridindex,12.405[8.37054],12.1005[8.43002],12.7065[8.30024],1,0_19
Pref0,0.62025[0.418527],0.605025[0.421501],0.635323[0.415012],1,0_19
Signal0,0.62025[0.418527],0.605025[0.421501],0.635323[0.415012],1,0_19
Hybridindex,15.3845[6.19943],15.2517[6.42016],15.5208[5.96132],2,0_19
Pref0,0.77[0.337417],0.759131[0.34807],0.781155[0.325744],2,0_19
Signal0,0.7755[0.334065],0.765548[0.344993],0.785714[0.322145],2,0_19
Hybridindex,17.1535[3.66305],17.0077[3.9393],17.2931[3.3717],3,0_19
Pref0,0.861[0.248855],0.847648[0.258396],0.873777[0.238671],3,0_19
Signal0,0.88525[0.227393],0.873722[0.240685],0.896282[0.213318],3,0_19
Hybridindex,17.9022[2.30447],17.948[2.27487],17.8589[2.33128],4,0_19
Pref0,0.8915[0.217319],0.897634[0.214122],0.8857[0.220143],4,0_19
Signal0,0.94675[0.156651],0.942387[0.16125],0.950875[0.152059],4,0_19
Hybridindex,18.0422[1.75366],17.9441[1.81441],18.1373[1.68732],5,0_19
Pref0,0.89625[0.208832],0.88313[0.221001],0.908957[0.195492],5,0_19
Signal0,0.9755[0.109086],0.973577[0.111863],0.977362[0.106295],5,0_19
Hybridindex,18.0845[1.48227],18.079[1.49491],18.09[1.46949],6,0_19
Pref0,0.8995[0.213072],0.898[0.217016],0.901[0.209043],6,0_19
Signal0,0.9895[0.071692],0.992[0.0627375],0.987[0.0795676],6,0_19
Hybridindex,18.0562[1.31461],18.0444[1.30248],18.0676[1.32605],7,0_19
Pref0,0.90325[0.2092],0.894791[0.218322],0.911361[0.199726],7,0_19
Signal0,0.9935[0.056637],0.993871[0.0550163],0.993144[0.0581464],7,0_19
Hybridindex,18.0643[1.2658],18.0641[1.2606],18.0644[1.27139],8,0_19
Pref0,0.906[0.205947],0.907514[0.204999],0.904366[0.206952],8,0_19
Signal0,0.996[0.0445421],0.996146[0.0437256],0.995842[0.0454061],8,0_19
Hybridindex,18.0755[1.20998],18.0908[1.20829],18.0605[1.21145],9,0_19
Pref0,0.90575[0.206136],0.905651[0.206915],0.905847[0.205368],9,0_19
Signal0,0.99675[0.0401801],0.994955[0.0499725],0.998513[0.0272232],9,0_19
Hybridindex,18.0358[1.21454],18.0287[1.17717],18.0433[1.25288],10,0_19
Pref0,0.90725[0.204994],0.903304[0.20942],0.911432[0.200111],10,0_19
Signal0,0.99925[0.0193504],0.999028[0.0220219],0.999485[0.0160375],10,0_19
Hybridindex,18.0428[1.2264],18.07[1.19668],18.0147[1.25566],11,0_19
Pref0,0.91425[0.199429],0.919704[0.190167],0.908629[0.208394],11,0_19
Signal0,1[0],1[0],1[0],11,0_19
Hybridindex,18.0712[1.25809],18.0455[1.29092],18.0982[1.22227],12,0_19
Pref0,0.91825[0.190898],0.927593[0.180079],0.908487[0.20112],12,0_19
Signal0,1[0],1[0],1[0],12,0_19
Hybridindex,18.0557[1.2336],18.039[1.25176],18.0729[1.21448],13,0_19
Pref0,0.9235[0.186139],0.92836[0.17936],0.918522[0.192709],13,0_19
Signal0,1[0],1[0],1[0],13,0_19
Hybridindex,18.0625[1.19335],18.0684[1.17699],18.0566[1.20954],14,0_19
Pref0,0.9235[0.186809],0.920659[0.186742],0.926353[0.186833],14,0_19
Signal0,1[0],1[0],1[0],14,0_19
Hybridindex,18.0922[1.20431],18.1007[1.1889],18.0835[1.22002],15,0_19
Pref0,0.91875[0.19371],0.918468[0.192524],0.919043[0.19493],15,0_19
Signal0,1[0],1[0],1[0],15,0_19
Hybridindex,18.08[1.21629],18.082[1.21715],18.078[1.21543],16,0_19
Pref0,0.9285[0.182038],0.922535[0.191718],0.934394[0.171735],16,0_19
Signal0,1[0],1[0],1[0],16,0_19
Hybridindex,18.1333[1.15839],18.1589[1.15739],18.1091[1.15881],17,0_19
Pref0,0.93425[0.173355],0.937049[0.168952],0.93162[0.177353],17,0_19
Signal0,1[0],1[0],1[0],17,0_19
Hybridindex,18.1663[1.1405],18.1747[1.16264],18.1578[1.11776],18,0_19
Pref0,0.9275[0.180952],0.926148[0.181574],0.928858[0.180316],18,0_19
Signal0,1[0],1[0],1[0],18,0_19
Hybridindex,18.1797[1.15577],18.1754[1.17152],18.184[1.14005],19,0_19
Pref0,0.93125[0.178601],0.930948[0.181058],0.931548[0.176149],19,0_19
Signal0,1[0],1[0],1[0],19,0_19
Hybridindex,18.1975[1.12993],18.2094[1.10764],18.1853[1.15233],20,0_19
Pref0,0.9255[0.183575],0.927094[0.180598],0.923858[0.186578],20,0_19
Signal0,1[0],1[0],1[0],20,0_19
Hybridindex,18.209[1.10185],18.1607[1.12001],18.2557[1.08196],21,0_19
Pref0,0.92525[0.185843],0.931841[0.178821],0.918879[0.192171],21,0_19
Signal0,1[0],1[0],1[0],21,0_19
Hybridindex,18.2422[1.08475],18.2286[1.09947],18.2563[1.06919],22,0_19
Pref0,0.92375[0.184556],0.925616[0.182036],0.921827[0.187098],22,0_19
Signal0,1[0],1[0],1[0],22,0_19
Hybridindex,18.2248[1.10447],18.1871[1.11652],18.2616[1.09131],23,0_19
Pref0,0.925[0.182688],0.912032[0.196909],0.937685[0.16664],23,0_19
Signal0,1[0],1[0],1[0],23,0_19
Hybridindex,18.1852[1.08688],18.1995[1.07793],18.1709[1.09565],24,0_19
Pref0,0.92275[0.190807],0.925373[0.187688],0.920101[0.193871],24,0_19
Signal0,1[0],1[0],1[0],24,0_19
Hybridindex,18.232[1.0672],18.2222[1.05659],18.2414[1.0772],25,0_19
Pref0,0.92375[0.187246],0.923902[0.186579],0.923604[0.187883],25,0_19
Signal0,1[0],1[0],1[0],25,0_19
Hybridindex,18.2387[1.04229],18.2573[1.0435],18.2215[1.04087],26,0_19
Pref0,0.926[0.186478],0.929461[0.182773],0.92278[0.189804],26,0_19
Signal0,1[0],1[0],1[0],26,0_19
Hybridindex,18.287[1.04565],18.3143[1.02037],18.2604[1.06908],27,0_19
Pref0,0.9205[0.192821],0.924089[0.186342],0.916996[0.198879],27,0_19
Signal0,1[0],1[0],1[0],27,0_19
Hybridindex,18.249[1.05095],18.2604[1.02529],18.2379[1.07515],28,0_19
Pref0,0.9205[0.19152],0.923858[0.187934],0.917241[0.194881],28,0_19
Signal0,1[0],1[0],1[0],28,0_19
Hybridindex,18.26[1.012],18.2458[1.0123],18.2744[1.0115],29,0_19
Pref0,0.9185[0.192634],0.922542[0.188966],0.914401[0.196198],29,0_19
Signal0,1[0],1[0],1[0],29,0_19
Hybridindex,18.2767[1.00052],18.268[0.976395],18.2851[1.02282],30,0_19
Pref0,0.9215[0.189309],0.919405[0.190706],0.923489[0.187951],30,0_19
Signal0,1[0],1[0],1[0],30,0_19
Hybridindex,18.282[1.02809],18.3378[0.997512],18.2328[1.05186],31,0_19
Pref0,0.923[0.189264],0.917289[0.195575],0.928034[0.183374],31,0_19
Signal0,1[0],1[0],1[0],31,0_19
Hybridindex,18.2763[1.02862],18.2958[1.04254],18.2552[1.01296],32,0_19
Pref0,0.92125[0.189535],0.918593[0.192267],0.924116[0.1865],32,0_19
Signal0,1[0],1[0],1[0],32,0_19
Hybridindex,18.2368[1.04813],18.2447[1.0611],18.2281[1.03382],33,0_19
Pref0,0.917[0.198396],0.915385[0.196248],0.91875[0.200682],33,0_19
Signal0,1[0],1[0],1[0],33,0_19
Hybridindex,18.238[1.01912],18.2672[1.01136],18.207[1.02637],34,0_19
Pref0,0.918[0.192421],0.913994[0.198729],0.922245[0.185409],34,0_19
Signal0,1[0],1[0],1[0],34,0_19
Hybridindex,18.2097[1.02342],18.2365[1.01794],18.1822[1.0283],35,0_19
Pref0,0.91775[0.195218],0.918227[0.192758],0.917259[0.197719],35,0_19
Signal0,1[0],1[0],1[0],35,0_19
Hybridindex,18.2437[1.01844],18.2397[1.00447],18.248[1.03275],36,0_19
Pref0,0.916[0.197975],0.928922[0.181488],0.902551[0.212957],36,0_19
Signal0,1[0],1[0],1[0],36,0_19
Hybridindex,18.2417[1.021],18.2347[1.02064],18.2488[1.0213],37,0_19
Pref0,0.91975[0.190879],0.918255[0.192871],0.921236[0.188867],37,0_19
Signal0,1[0],1[0],1[0],37,0_19
Hybridindex,18.252[1.05],18.2698[1.03329],18.2347[1.06564],38,0_19
Pref0,0.92[0.189341],0.918191[0.184964],0.921752[0.193469],38,0_19
Signal0,1[0],1[0],1[0],38,0_19
Hybridindex,18.2557[1.03415],18.2886[1.01914],18.2239[1.0475],39,0_19
Pref0,0.926[0.18914],0.924289[0.188893],0.927657[0.189365],39,0_19
Signal0,1[0],1[0],1[0],39,0_19
Hybridindex,18.273[1.02468],18.248[1.02626],18.2991[1.02238],40,0_19
Pref0,0.92475[0.184966],0.921722[0.189597],0.927914[0.179945],40,0_19
Signal0,1[0],1[0],1[0],40,0_19
Hybridindex,18.2853[0.975068],18.272[0.992989],18.2981[0.957109],41,0_19
Pref0,0.922[0.19083],0.926039[0.181742],0.918065[0.199207],41,0_19
Signal0,1[0],1[0],1[0],41,0_19
Hybridindex,18.2387[0.999812],18.2608[0.985206],18.218[1.01293],42,0_19
Pref0,0.9245[0.187882],0.919588[0.193257],0.929126[0.182555],42,0_19
Signal0,1[0],1[0],1[0],42,0_19
Hybridindex,18.2575[1.021],18.2819[0.997661],18.2309[1.0452],43,0_19
Pref0,0.92275[0.188169],0.924257[0.189657],0.921108[0.18652],43,0_19
Signal0,1[0],1[0],1[0],43,0_19
Hybridindex,18.236[1.02497],18.225[0.992351],18.2475[1.05759],44,0_19
Pref0,0.9225[0.18906],0.923379[0.185484],0.921589[0.192693],44,0_19
Signal0,1[0],1[0],1[0],44,0_19
Hybridindex,18.2355[1.02288],18.2488[1.01207],18.2209[1.03443],45,0_19
Pref0,0.9165[0.195647],0.913085[0.20169],0.920252[0.188714],45,0_19
Signal0,1[0],1[0],1[0],45,0_19
Hybridindex,18.2123[1.0059],18.1926[0.990887],18.2315[1.02],46,0_19
Pref0,0.909[0.204863],0.917088[0.197817],0.901088[0.21123],46,0_19
Signal0,1[0],1[0],1[0],46,0_19
Hybridindex,18.2443[1.02712],18.2508[1.0075],18.2382[1.04483],47,0_19
Pref0,0.9045[0.20647],0.910845[0.199392],0.898655[0.212614],47,0_19
Signal0,1[0],1[0],1[0],47,0_19
Hybridindex,18.2425[1.03293],18.198[1.05573],18.2866[1.00791],48,0_19
Pref0,0.91125[0.198742],0.91005[0.198485],0.912438[0.198989],48,0_19
Signal0,1[0],1[0],1[0],48,0_19
Hybridindex,18.2495[1.01366],18.2183[1.02397],18.2808[1.00225],49,0_19
Pref0,0.91275[0.201277],0.907592[0.205329],0.917918[0.196998],49,0_19
Signal0,1[0],1[0],1[0],49,0_19
Hybridindex,18.2338[1.03525],18.1921[1.05275],18.2778[1.01455],50,0_19
Pref0,0.91575[0.196919],0.921693[0.188291],0.909465[0.205463],50,0_19
Signal0,1[0],1[0],1[0],50,0_19
Hybridindex,18.244[1.01733],18.232[1.04415],18.2563[0.988781],51,0_19
Pref0,0.91275[0.196246],0.904433[0.206376],0.92132[0.184837],51,0_19
Signal0,1[0],1[0],1[0],51,0_19
Hybridindex,18.2767[1.01749],18.2806[1.00424],18.273[1.03004],52,0_19
Pref0,0.91075[0.200398],0.908163[0.197522],0.913235[0.203092],52,0_19
Signal0,1[0],1[0],1[0],52,0_19
Hybridindex,18.2617[1.01457],18.2759[1.00078],18.2475[1.02809],53,0_19
Pref0,0.9115[0.202898],0.90488[0.214435],0.918173[0.190331],53,0_19
Signal0,1[0],1[0],1[0],53,0_19
Hybridindex,18.3025[1.01882],18.2876[1.0296],18.3175[1.00763],54,0_19
Pref0,0.9075[0.204802],0.906281[0.206307],0.908726[0.203268],54,0_19
Signal0,1[0],1[0],1[0],54,0_19
Hybridindex,18.294[1.03105],18.3129[1.015],18.2755[1.04618],55,0_19
Pref0,0.9065[0.201885],0.919616[0.193053],0.89367[0.209374],55,0_19
Signal0,1[0],1[0],1[0],55,0_19
Hybridindex,18.2987[1.02756],18.3069[1.01568],18.291[1.03869],56,0_19
Pref0,0.91[0.200375],0.913422[0.199729],0.906738[0.200934],56,0_19
Signal0,1[0],1[0],1[0],56,0_19
Hybridindex,18.304[1.01972],18.3407[1.005],18.266[1.03336],57,0_19
Pref0,0.909[0.204252],0.912979[0.200904],0.904883[0.207579],57,0_19
Signal0,1[0],1[0],1[0],57,0_19
Hybridindex,18.2662[1.02298],18.2259[1.04058],18.3016[1.00598],58,0_19
Pref0,0.9085[0.203415],0.908994[0.202406],0.908068[0.204294],58,0_19
Signal0,1[0],1[0],1[0],58,0_19
Hybridindex,18.2462[1.03174],18.245[1.02194],18.2476[1.04244],59,0_19
Pref0,0.9135[0.200668],0.909438[0.203395],0.917981[0.19752],59,0_19
Signal0,1[0],1[0],1[0],59,0_19
Hybridindex,18.2488[1.02981],18.2668[1.01546],18.2313[1.04316],60,0_19
Pref0,0.90925[0.2077],0.903259[0.214802],0.915029[0.200442],60,0_19
Signal0,1[0],1[0],1[0],60,0_19
Hybridindex,18.2488[0.994861],18.2672[0.971883],18.2308[1.01638],61,0_19
Pref0,0.919[0.19733],0.915822[0.202703],0.922091[0.19191],61,0_19
Signal0,1[0],1[0],1[0],61,0_19
Hybridindex,18.2385[0.967273],18.2449[0.959914],18.2323[0.97428],62,0_19
Pref0,0.9175[0.196707],0.921589[0.191367],0.913556[0.201646],62,0_19
Signal0,1[0],1[0],1[0],62,0_19
Hybridindex,18.2565[0.977731],18.2729[0.99104],18.241[0.964748],63,0_19
Pref0,0.908[0.201336],0.912461[0.200564],0.90379[0.201971],63,0_19
Signal0,1[0],1[0],1[0],63,0_19
Hybridindex,18.2578[0.988023],18.2629[0.959585],18.2529[1.01395],64,0_19
Pref0,0.90475[0.207491],0.90031[0.213515],0.908915[0.201588],64,0_19
Signal0,1[0],1[0],1[0],64,0_19
Hybridindex,18.2885[0.962688],18.253[0.961856],18.3236[0.962225],65,0_19
Pref0,0.91025[0.204499],0.907445[0.210358],0.913022[0.198502],65,0_19
Signal0,1[0],1[0],1[0],65,0_19
Hybridindex,18.2858[0.979143],18.2953[0.973344],18.2761[0.984861],66,0_19
Pref0,0.90525[0.20892],0.906873[0.207053],0.903614[0.210772],66,0_19
Signal0,1[0],1[0],1[0],66,0_19
Hybridindex,18.2945[0.989328],18.3089[0.979095],18.2807[0.998885],67,0_19
Pref0,0.9025[0.207349],0.907747[0.201678],0.897448[0.212544],67,0_19
Signal0,1[0],1[0],1[0],67,0_19
Hybridindex,18.279[0.985093],18.2908[0.962538],18.2678[1.00595],68,0_19
Pref0,0.9015[0.208681],0.907179[0.202167],0.896098[0.214554],68,0_19
Signal0,1[0],1[0],1[0],68,0_19
Hybridindex,18.249[0.955117],18.2758[0.924461],18.2223[0.984035],69,0_19
Pref0,0.90225[0.211707],0.899399[0.21607],0.905095[0.207222],69,0_19
Signal0,1[0],1[0],1[0],69,0_19
Hybridindex,18.2432[1.01634],18.2027[1.02944],18.282[1.00214],70,0_19
Pref0,0.9005[0.208806],0.893552[0.217996],0.907136[0.199407],70,0_19
Signal0,1[0],1[0],1[0],70,0_19
Hybridindex,18.2353[1.01306],18.2243[1.02624],18.2458[1.00008],71,0_19
Pref0,0.8975[0.21678],0.897044[0.21912],0.897939[0.214503],71,0_19
Signal0,1[0],1[0],1[0],71,0_19
Hybridindex,18.2575[0.990047],18.2631[0.98114],18.2522[0.998384],72,0_19
Pref0,0.88725[0.219459],0.890545[0.21408],0.884129[0.224392],72,0_19
Signal0,1[0],1[0],1[0],72,0_19
Hybridindex,18.2722[0.975964],18.2503[0.969238],18.2932[0.981861],73,0_19
Pref0,0.8875[0.221571],0.876923[0.224707],0.897561[0.218071],73,0_19
Signal0,1[0],1[0],1[0],73,0_19
Hybridindex,18.3395[0.951178],18.3283[0.96111],18.3506[0.94103],74,0_19
Pref0,0.87975[0.227848],0.884384[0.224604],0.875125[0.230949],74,0_19
Signal0,1[0],1[0],1[0],74,0_19
Hybridindex,18.309[0.94843],18.2828[0.948755],18.3348[0.9474],75,0_19
Pref0,0.87925[0.233548],0.876512[0.233579],0.881944[0.233485],75,0_19
Signal0,1[0],1[0],1[0],75,0_19
Hybridindex,18.3362[0.96931],18.3318[0.956502],18.3406[0.981682],76,0_19
Pref0,0.887[0.222443],0.884343[0.223623],0.889604[0.221249],76,0_19
Signal0,1[0],1[0],1[0],76,0_19
Hybridindex,18.334[0.966278],18.3173[0.968921],18.351[0.963295],77,0_19
Pref0,0.88675[0.223717],0.88431[0.223434],0.889225[0.223977],77,0_19
Signal0,1[0],1[0],1[0],77,0_19
Hybridindex,18.329[0.949742],18.3709[0.938727],18.2884[0.958542],78,0_19
Pref0,0.87825[0.231413],0.880081[0.232846],0.876476[0.230003],78,0_19
Signal0,1[0],1[0],1[0],78,0_19
Hybridindex,18.322[0.959722],18.3097[0.960829],18.3352[0.958357],79,0_19
Pref0,0.8725[0.239257],0.869565[0.244537],0.875648[0.23342],79,0_19
Signal0,1[0],1[0],1[0],79,0_19
Hybridindex,18.301[0.963016],18.2772[0.955178],18.3246[0.970122],80,0_19
Pref0,0.87125[0.234624],0.87173[0.235004],0.870775[0.234247],80,0_19
Signal0,1[0],1[0],1[0],80,0_19
Hybridindex,18.3152[0.938612],18.2753[0.963141],18.3566[0.9107],81,0_19
Pref0,0.8665[0.243265],0.860865[0.245034],0.87233[0.241282],81,0_19
Signal0,1[0],1[0],1[0],81,0_19
Hybridindex,18.3367[0.94365],18.3289[0.933787],18.3449[0.953738],82,0_19
Pref0,0.86375[0.244051],0.863725[0.245664],0.863776[0.242361],82,0_19
Signal0,1[0],1[0],1[0],82,0_19
Hybridindex,18.363[0.94841],18.3746[0.948313],18.3512[0.948362],83,0_19
Pref0,0.86425[0.24586],0.864222[0.24868],0.864279[0.242954],83,0_19
Signal0,1[0],1[0],1[0],83,0_19
Hybridindex,18.3867[0.931423],18.3638[0.94006],18.4103[0.92188],84,0_19
Pref0,0.86225[0.243208],0.864758[0.239224],0.859676[0.247203],84,0_19
Signal0,1[0],1[0],1[0],84,0_19
Hybridindex,18.379[0.935473],18.4063[0.919369],18.3507[0.951083],85,0_19
Pref0,0.87025[0.238306],0.871933[0.235549],0.868502[0.241125],85,0_19
Signal0,1[0],1[0],1[0],85,0_19
Hybridindex,18.3508[0.931182],18.3697[0.92762],18.333[0.934156],86,0_19
Pref0,0.86875[0.234837],0.859359[0.240374],0.877541[0.229185],86,0_19
Signal0,1[0],1[0],1[0],86,0_19
Hybridindex,18.3418[0.962591],18.3568[0.951738],18.3277[0.972431],87,0_19
Pref0,0.85825[0.243479],0.866598[0.241272],0.850436[0.245269],87,0_19
Signal0,1[0],1[0],1[0],87,0_19
Hybridindex,18.3755[0.955249],18.3813[0.961791],18.3698[0.948705],88,0_19
Pref0,0.863[0.243887],0.859658[0.245015],0.866302[0.242722],88,0_19
Signal0,1[0],1[0],1[0],88,0_19
Hybridindex,18.393[0.910385],18.3895[0.908358],18.3964[0.912324],89,0_19
Pref0,0.86275[0.242461],0.873218[0.233336],0.852652[0.250535],89,0_19
Signal0,1[0],1[0],1[0],89,0_19
Hybridindex,18.4035[0.912517],18.4032[0.908983],18.4038[0.915947],90,0_19
Pref0,0.859[0.249237],0.869807[0.242455],0.84847[0.255232],90,0_19
Signal0,1[0],1[0],1[0],90,0_19
Hybridindex,18.406[0.903141],18.4045[0.894283],18.4075[0.912105],91,0_19
Pref0,0.85975[0.243834],0.86004[0.24653],0.859454[0.241046],91,0_19
Signal0,1[0],1[0],1[0],91,0_19
Hybridindex,18.4165[0.922783],18.404[0.943079],18.4284[0.902933],92,0_19
Pref0,0.85375[0.250471],0.853183[0.250267],0.854288[0.250664],92,0_19
Signal0,1[0],1[0],1[0],92,0_19
Hybridindex,18.4118[0.916017],18.4149[0.949405],18.4086[0.881845],93,0_19
Pref0,0.85125[0.252979],0.846928[0.257287],0.855511[0.248585],93,0_19
Signal0,1[0],1[0],1[0],93,0_19
Hybridindex,18.408[0.894447],18.4204[0.88012],18.3951[0.908882],94,0_19
Pref0,0.8475[0.252475],0.855108[0.246545],0.839613[0.258243],94,0_19
Signal0,1[0],1[0],1[0],94,0_19
Hybridindex,18.4312[0.911948],18.4142[0.923483],18.4482[0.900037],95,0_19
Pref0,0.8385[0.259649],0.846888[0.252299],0.830179[0.26648],95,0_19
Signal0,1[0],1[0],1[0],95,0_19
Hybridindex,18.428[0.920498],18.4327[0.903644],18.4234[0.936636],96,0_19
Pref0,0.83675[0.260239],0.832996[0.255396],0.840415[0.264831],96,0_19
Signal0,1[0],1[0],1[0],96,0_19
Hybridindex,18.4213[0.930953],18.432[0.954922],18.4105[0.906223],97,0_19
Pref0,0.832[0.259858],0.836[0.254173],0.828[0.26536],97,0_19
Signal0,1[0],1[0],1[0],97,0_19
Hybridindex,18.4235[0.948629],18.4671[0.927752],18.3835[0.96566],98,0_19
Pref0,0.837[0.262071],0.844305[0.253093],0.830297[0.269872],98,0_19
Signal0,1[0],1[0],1[0],98,0_19
Hybridindex,18.402[0.948892],18.3943[0.931881],18.4094[0.965023],99,0_19
Pref0,0.84625[0.254923],0.844512[0.257431],0.847933[0.25246],99,0_19
Signal0,1[0],1[0],1[0],99,0_19
Hybridindex,18.3753[0.956458],18.3895[0.942304],18.3607[0.970443],100,0_19
Pref0,0.83725[0.263415],0.839445[0.258627],0.835015[0.268183],100,0_19
Signal0,1[0],1[0],1[0],100,0_19
Hybridindex,12.375[8.28308],12.1963[8.27353],12.5644[8.28898],1,0_2
Pref0,0.61875[0.414154],0.609815[0.413676],0.628218[0.414449],1,0_2
Signal0,0.61875[0.414154],0.609815[0.413676],0.628218[0.414449],1,0_2
Hybridindex,15.2005[6.1077],15.1351[6.10636],15.2669[6.10835],2,0_2
Pref0,0.75825[0.330048],0.747766[0.331906],0.768882[0.327812],2,0_2
Signal0,0.75875[0.336413],0.7572[0.334814],0.760322[0.338018],2,0_2
Hybridindex,16.8612[3.92471],16.897[3.83602],16.8251[4.01199],3,0_2
Pref0,0.84125[0.26443],0.843284[0.261201],0.839196[0.267637],3,0_2
Signal0,0.8685[0.24841],0.869154[0.244428],0.867839[0.252367],3,0_2
Hybridindex,17.551[2.54635],17.6057[2.48422],17.5024[2.59935],4,0_2
Pref0,0.8765[0.228578],0.884166[0.223188],0.869688[0.233051],4,0_2
Signal0,0.9335[0.172707],0.934644[0.170112],0.932483[0.174975],4,0_2
Hybridindex,17.747[1.84445],17.7182[1.87332],17.7785[1.8118],5,0_2
Pref0,0.888[0.224067],0.896172[0.213166],0.879058[0.235092],5,0_2
Signal0,0.96375[0.129657],0.960287[0.135201],0.967539[0.123194],5,0_2
Hybridindex,17.7692[1.55101],17.8024[1.54722],17.7344[1.55422],6,0_2
Pref0,0.8915[0.223557],0.890244[0.220647],0.892821[0.226568],6,0_2
Signal0,0.98625[0.0817676],0.98439[0.0869552],0.988205[0.0758836],6,0_2
Hybridindex,17.7265[1.42371],17.7126[1.44685],17.7397[1.40117],7,0_2
Pref0,0.89175[0.219447],0.89959[0.210288],0.884277[0.227583],7,0_2
Signal0,0.99375[0.0555512],0.995902[0.045082],0.991699[0.0638865],7,0_2
Hybridindex,17.7168[1.4109],17.7075[1.39147],17.7258[1.42956],8,0_2
Pref0,0.888[0.224067],0.883097[0.226636],0.892787[0.221425],8,0_2
Signal0,0.9955[0.0472202],0.994939[0.0500475],0.996047[0.0442794],8,0_2
Hybridindex,17.7413[1.36809],17.7357[1.3701],17.7472[1.36594],9,0_2
Pref0,0.88025[0.230293],0.876579[0.233962],0.88414[0.226275],9,0_2
Signal0,0.99725[0.0369789],0.997085[0.0380687],0.997425[0.0357869],9,0_2
Hybridindex,17.7327[1.3304],17.6832[1.37533],17.7811[1.28316],10,0_2
Pref0,0.876[0.232108],0.885628[0.227368],0.866601[0.236265],10,0_2
Signal0,0.9985[0.027345],0.998482[0.0275101],0.998518[0.0271829],10,0_2
Hybridindex,17.748[1.28296],17.7972[1.24375],17.7013[1.31741],11,0_2
Pref0,0.881[0.229867],0.877823[0.233184],0.884016[0.226633],11,0_2
Signal0,0.99925[0.0193504],0.999487[0.0160128],0.999025[0.022054],11,0_2
Hybridindex,17.7508[1.24368],17.7583[1.24958],17.7429[1.23749],12,0_2
Pref0,0.8875[0.224931],0.882613[0.229722],0.892566[0.219738],12,0_2
Signal0,0.99975[0.0111775],1[0],0.999491[0.0159475],12,0_2
Hybridindex,17.7712[1.28298],17.7721[1.30214],17.7704[1.26326],13,0_2
Pref0,0.8845[0.229477],0.885799[0.230209],0.883182[0.228725],13,0_2
Signal0,0.9995[0.0158035],1[0],0.998993[0.0224167],13,0_2
Hybridindex,17.779[1.28215],17.7878[1.26772],17.7702[1.29633],14,0_2
Pref0,0.8915[0.217319],0.899399[0.213741],0.883616[0.220551],14,0_2
Signal0,0.99925[0.0193504],0.998498[0.0273587],1[0],14,0_2
Hybridindex,17.8017[1.26632],17.7848[1.28765],17.8191[1.24382],15,0_2
Pref0,0.892[0.218714],0.883021[0.230643],0.901216[0.205345],15,0_2
Signal0,1[0],1[0],1[0],15,0_2
Hybridindex,17.7697[1.25474],17.7195[1.27345],17.8224[1.23263],16,0_2
Pref0,0.8985[0.215517],0.896872[0.219682],0.900205[0.211056],16,0_2
Signal0,1[0],1[0],1[0],16,0_2
Hybridindex,17.8128[1.24642],17.8154[1.22325],17.8101[1.26889],17,0_2
Pref0,0.9005[0.21529],0.899899[0.216962],0.901093[0.213623],17,0_2
Signal0,1[0],1[0],1[0],17,0_2
Hybridindex,17.7982[1.23366],17.8179[1.19953],17.7793[1.26549],18,0_2
Pref0,0.899[0.215172],0.907935[0.205267],0.890364[0.223992],18,0_2
Signal0,1[0],1[0],1[0],18,0_2
Hybridindex,17.799[1.24362],17.7344[1.27026],17.8628[1.21336],19,0_2
Pref0,0.90175[0.211476],0.897384[0.214028],0.906064[0.208833],19,0_2
Signal0,1[0],1[0],1[0],19,0_2
Hybridindex,17.7793[1.25236],17.7697[1.25164],17.7889[1.253],20,0_2
Pref0,0.89925[0.215579],0.895813[0.225189],0.902708[0.2054],20,0_2
Signal0,1[0],1[0],1[0],20,0_2
Hybridindex,17.807[1.21922],17.791[1.19739],17.8219[1.239],21,0_2
Pref0,0.89625[0.217051],0.887967[0.225226],0.903958[0.208862],21,0_2
Signal0,1[0],1[0],1[0],21,0_2
Hybridindex,17.813[1.18881],17.8402[1.19127],17.7871[1.18589],22,0_2
Pref0,0.8955[0.217554],0.89959[0.21271],0.891602[0.222002],22,0_2
Signal0,1[0],1[0],1[0],22,0_2
Hybridindex,17.835[1.17464],17.8431[1.18703],17.8271[1.16229],23,0_2
Pref0,0.9005[0.216448],0.900605[0.217684],0.900396[0.215228],23,0_2
Signal0,1[0],1[0],1[0],23,0_2
Hybridindex,17.8265[1.22623],17.8597[1.26686],17.792[1.18157],24,0_2
Pref0,0.903[0.201472],0.904318[0.202828],0.901631[0.200044],24,0_2
Signal0,1[0],1[0],1[0],24,0_2
Hybridindex,17.7898[1.23184],17.8221[1.21228],17.7575[1.25018],25,0_2
Pref0,0.89625[0.212393],0.888778[0.216212],0.903693[0.208254],25,0_2
Signal0,1[0],1[0],1[0],25,0_2
Hybridindex,17.7997[1.25957],17.8342[1.23375],17.7659[1.28358],26,0_2
Pref0,0.90125[0.214764],0.899698[0.217134],0.902778[0.212394],26,0_2
Signal0,1[0],1[0],1[0],26,0_2
Hybridindex,17.7733[1.22901],17.7107[1.24938],17.8372[1.20447],27,0_2
Pref0,0.908[0.204416],0.90999[0.203357],0.905966[0.205473],27,0_2
Signal0,1[0],1[0],1[0],27,0_2
Hybridindex,17.8055[1.17714],17.8292[1.16827],17.7831[1.18503],28,0_2
Pref0,0.90475[0.209887],0.900206[0.211111],0.909047[0.208632],28,0_2
Signal0,1[0],1[0],1[0],28,0_2
Hybridindex,17.8075[1.16262],17.8262[1.16814],17.7895[1.15701],29,0_2
Pref0,0.896[0.216065],0.901121[0.211564],0.89107[0.220199],29,0_2
Signal0,1[0],1[0],1[0],29,0_2
Hybridindex,17.7907[1.16623],17.8139[1.16102],17.7673[1.171],30,0_2
Pref0,0.89675[0.213224],0.893035[0.214525],0.900503[0.211835],30,0_2
Signal0,1[0],1[0],1[0],30,0_2
Hybridindex,17.7385[1.15472],17.7203[1.16778],17.7568[1.14113],31,0_2
Pref0,0.89375[0.218714],0.897807[0.215952],0.889669[0.221383],31,0_2
Signal0,1[0],1[0],1[0],31,0_2
Hybridindex,17.7533[1.16854],17.7408[1.18461],17.7673[1.15003],32,0_2
Pref0,0.901[0.207844],0.896128[0.214168],0.906482[0.200346],32,0_2
Signal0,1[0],1[0],1[0],32,0_2
Hybridindex,17.7425[1.17959],17.6867[1.19793],17.7961[1.15919],33,0_2
Pref0,0.90325[0.213341],0.903061[0.21616],0.903431[0.210597],33,0_2
Signal0,1[0],1[0],1[0],33,0_2
Hybridindex,17.721[1.16594],17.7208[1.18662],17.7212[1.14406],34,0_2
Pref0,0.902[0.209514],0.906281[0.204943],0.897554[0.214067],34,0_2
Signal0,1[0],1[0],1[0],34,0_2
Hybridindex,17.7422[1.19779],17.6866[1.20798],17.7938[1.18593],35,0_2
Pref0,0.90775[0.207641],0.904886[0.209064],0.910405[0.206278],35,0_2
Signal0,1[0],1[0],1[0],35,0_2
Hybridindex,17.7297[1.18673],17.7293[1.20713],17.7302[1.16693],36,0_2
Pref0,0.915[0.198809],0.915046[0.199664],0.914956[0.197989],36,0_2
Signal0,1[0],1[0],1[0],36,0_2
Hybridindex,17.7548[1.18024],17.7736[1.15432],17.7364[1.20468],37,0_2
Pref0,0.91575[0.200691],0.9154[0.199254],0.916091[0.202081],37,0_2
Signal0,1[0],1[0],1[0],37,0_2
Hybridindex,17.7538[1.19404],17.7598[1.19357],17.7475[1.1945],38,0_2
Pref0,0.90925[0.204669],0.915846[0.198555],0.902439[0.210579],38,0_2
Signal0,1[0],1[0],1[0],38,0_2
Hybridindex,17.7142[1.19341],17.7681[1.19505],17.6593[1.18921],39,0_2
Pref0,0.909[0.20608],0.907023[0.205657],0.911021[0.206492],39,0_2
Signal0,1[0],1[0],1[0],39,0_2
Hybridindex,17.7282[1.19196],17.7618[1.17493],17.695[1.20768],40,0_2
Pref0,0.91475[0.193926],0.916583[0.194333],0.912935[0.193506],40,0_2
Signal0,1[0],1[0],1[0],40,0_2
Hybridindex,17.722[1.18658],17.7367[1.19206],17.7078[1.18112],41,0_2
Pref0,0.91925[0.190012],0.918878[0.191132],0.919608[0.188928],41,0_2
Signal0,1[0],1[0],1[0],41,0_2
Hybridindex,17.7042[1.16797],17.7074[1.158],17.7013[1.17735],42,0_2
Pref0,0.92175[0.191055],0.925565[0.186433],0.918129[0.195273],42,0_2
Signal0,1[0],1[0],1[0],42,0_2
Hybridindex,17.75[1.16726],17.7605[1.16856],17.739[1.16581],43,0_2
Pref0,0.9175[0.193504],0.920176[0.184472],0.914709[0.202457],43,0_2
Signal0,1[0],1[0],1[0],43,0_2
Hybridindex,17.7585[1.1352],17.8061[1.10816],17.7115[1.15933],44,0_2
Pref0,0.919[0.193492],0.90282[0.211388],0.934955[0.172572],44,0_2
Signal0,1[0],1[0],1[0],44,0_2
Hybridindex,17.7653[1.13974],17.7931[1.13681],17.7369[1.14204],45,0_2
Pref0,0.92375[0.186577],0.930693[0.179792],0.916667[0.192996],45,0_2
Signal0,1[0],1[0],1[0],45,0_2
Hybridindex,17.732[1.15744],17.7005[1.17663],17.7665[1.13508],46,0_2
Pref0,0.92425[0.185437],0.921053[0.188768],0.927749[0.181658],46,0_2
Signal0,1[0],1[0],1[0],46,0_2
Hybridindex,17.7413[1.13487],17.7144[1.1704],17.7669[1.09925],47,0_2
Pref0,0.92525[0.185169],0.920676[0.185455],0.929619[0.18479],47,0_2
Signal0,1[0],1[0],1[0],47,0_2
Hybridindex,17.6983[1.1436],17.7021[1.15473],17.6947[1.13301],48,0_2
Pref0,0.9275[0.190378],0.936598[0.17395],0.918932[0.204277],48,0_2
Signal0,1[0],1[0],1[0],48,0_2
Hybridindex,17.6928[1.17695],17.6457[1.22656],17.7357[1.1281],49,0_2
Pref0,0.92975[0.178717],0.929245[0.180188],0.93021[0.177365],49,0_2
Signal0,1[0],1[0],1[0],49,0_2
Hybridindex,17.702[1.15939],17.6997[1.16138],17.7041[1.15756],50,0_2
Pref0,0.9265[0.180548],0.925443[0.181004],0.927474[0.180122],50,0_2
Signal0,1[0],1[0],1[0],50,0_2
Hybridindex,17.6837[1.1599],17.6971[1.15032],17.6709[1.16886],51,0_2
Pref0,0.9345[0.173089],0.934116[0.172112],0.934868[0.174019],51,0_2
Signal0,1[0],1[0],1[0],51,0_2
Hybridindex,17.6995[1.12825],17.6856[1.14089],17.7146[1.11421],52,0_2
Pref0,0.93525[0.172286],0.93125[0.179032],0.939583[0.164557],52,0_2
Signal0,1[0],1[0],1[0],52,0_2
Hybridindex,17.727[1.13643],17.7265[1.11579],17.7275[1.15542],53,0_2
Pref0,0.92825[0.186352],0.920889[0.197445],0.93514[0.175052],53,0_2
Signal0,1[0],1[0],1[0],53,0_2
Hybridindex,17.7255[1.14254],17.7237[1.1187],17.7273[1.16584],54,0_2
Pref0,0.932[0.177837],0.928929[0.177441],0.935065[0.178178],54,0_2
Signal0,1[0],1[0],1[0],54,0_2
Hybridindex,17.7362[1.11996],17.7408[1.1379],17.7316[1.10137],55,0_2
Pref0,0.93[0.181246],0.928642[0.181837],0.931382[0.180631],55,0_2
Signal0,1[0],1[0],1[0],55,0_2
Hybridindex,17.7557[1.11017],17.7406[1.09616],17.7711[1.12395],56,0_2
Pref0,0.927[0.182129],0.918986[0.192161],0.935111[0.170997],56,0_2
Signal0,1[0],1[0],1[0],56,0_2
Hybridindex,17.7492[1.11209],17.7502[1.11862],17.7482[1.10541],57,0_2
Pref0,0.92675[0.184416],0.927651[0.181445],0.925832[0.187389],57,0_2
Signal0,1[0],1[0],1[0],57,0_2
Hybridindex,17.7273[1.13258],17.7546[1.12824],17.7007[1.13615],58,0_2
Pref0,0.93425[0.175505],0.935598[0.179193],0.932939[0.171833],58,0_2
Signal0,1[0],1[0],1[0],58,0_2
Hybridindex,17.7695[1.10436],17.7995[1.09752],17.7395[1.11036],59,0_2
Pref0,0.92675[0.182372],0.9225[0.187733],0.931[0.176746],59,0_2
Signal0,1[0],1[0],1[0],59,0_2
Hybridindex,17.7372[1.11011],17.709[1.12197],17.7652[1.09752],60,0_2
Pref0,0.9275[0.179565],0.919095[0.188187],0.935821[0.170193],60,0_2
Signal0,1[0],1[0],1[0],60,0_2
Hybridindex,17.7503[1.1296],17.7476[1.15694],17.7531[1.09934],61,0_2
Pref0,0.92425[0.184084],0.925337[0.186137],0.923077[0.181835],61,0_2
Signal0,1[0],1[0],1[0],61,0_2
Hybridindex,17.7628[1.11863],17.7686[1.11381],17.7569[1.12332],62,0_2
Pref0,0.9225[0.18972],0.921875[0.193637],0.923115[0.185783],62,0_2
Signal0,1[0],1[0],1[0],62,0_2
Hybridindex,17.702[1.16047],17.6872[1.13397],17.7153[1.18369],63,0_2
Pref0,0.92125[0.188211],0.924051[0.183817],0.918726[0.19205],63,0_2
Signal0,1[0],1[0],1[0],63,0_2
Hybridindex,17.6968[1.14572],17.6762[1.13289],17.7184[1.1587],64,0_2
Pref0,0.91975[0.191533],0.919669[0.188838],0.919836[0.194337],64,0_2
Signal0,1[0],1[0],1[0],64,0_2
Hybridindex,17.6845[1.1247],17.6794[1.11173],17.69[1.1384],65,0_2
Pref0,0.91475[0.199643],0.911992[0.205088],0.917702[0.193602],65,0_2
Signal0,1[0],1[0],1[0],65,0_2
Hybridindex,17.6932[1.14052],17.7411[1.12779],17.6442[1.15135],66,0_2
Pref0,0.91525[0.196067],0.922431[0.19291],0.907895[0.198981],66,0_2
Signal0,1[0],1[0],1[0],66,0_2
Hybridindex,17.7165[1.123],17.7452[1.13101],17.6878[1.1142],67,0_2
Pref0,0.91425[0.19754],0.908909[0.206769],0.91958[0.187726],67,0_2
Signal0,1[0],1[0],1[0],67,0_2
Hybridindex,17.7462[1.07296],17.6916[1.083],17.7979[1.06081],68,0_2
Pref0,0.91125[0.198112],0.912461[0.19798],0.910107[0.19823],68,0_2
Signal0,1[0],1[0],1[0],68,0_2
Hybridindex,17.7353[1.09112],17.7299[1.10776],17.7408[1.07356],69,0_2
Pref0,0.9175[0.192208],0.916994[0.196322],0.918024[0.187846],69,0_2
Signal0,1[0],1[0],1[0],69,0_2
Hybridindex,17.7293[1.0759],17.7149[1.0806],17.7435[1.07104],70,0_2
Pref0,0.915[0.198809],0.909639[0.205026],0.920319[0.192296],70,0_2
Signal0,1[0],1[0],1[0],70,0_2
Hybridindex,17.725[1.10187],17.7876[1.0611],17.6611[1.13843],71,0_2
Pref0,0.915[0.201308],0.909406[0.207438],0.920707[0.194691],71,0_2
Signal0,1[0],1[0],1[0],71,0_2
Hybridindex,17.7267[1.09348],17.7021[1.09075],17.751[1.09563],72,0_2
Pref0,0.9115[0.197908],0.917843[0.19586],0.905258[0.199707],72,0_2
Signal0,1[0],1[0],1[0],72,0_2
Hybridindex,17.7222[1.09669],17.7207[1.10273],17.7238[1.0904],73,0_2
Pref0,0.914[0.195202],0.915438[0.196397],0.912513[0.193947],73,0_2
Signal0,1[0],1[0],1[0],73,0_2
Hybridindex,17.7063[1.11785],17.7092[1.13101],17.7034[1.10487],74,0_2
Pref0,0.9145[0.194781],0.91388[0.194086],0.915104[0.195454],74,0_2
Signal0,1[0],1[0],1[0],74,0_2
Hybridindex,17.7203[1.11831],17.6977[1.14708],17.7425[1.08867],75,0_2
Pref0,0.92025[0.191089],0.925553[0.184922],0.91501[0.196852],75,0_2
Signal0,1[0],1[0],1[0],75,0_2
Hybridindex,17.729[1.09798],17.742[1.08842],17.7162[1.10719],76,0_2
Pref0,0.91875[0.19371],0.925553[0.184922],0.912028[0.201792],76,0_2
Signal0,1[0],1[0],1[0],76,0_2
Hybridindex,17.7087[1.0957],17.7181[1.09323],17.6995[1.09805],77,0_2
Pref0,0.9225[0.187066],0.925126[0.18532],0.9199[0.188743],77,0_2
Signal0,1[0],1[0],1[0],77,0_2
Hybridindex,17.6923[1.08819],17.6914[1.08631],17.6933[1.09033],78,0_2
Pref0,0.9215[0.191279],0.916979[0.199443],0.92666[0.181376],78,0_2
Signal0,1[0],1[0],1[0],78,0_2
Hybridindex,17.7138[1.07223],17.7547[1.04913],17.6711[1.09418],79,0_2
Pref0,0.926[0.187814],0.926053[0.184266],0.925945[0.191444],79,0_2
Signal0,1[0],1[0],1[0],79,0_2
Hybridindex,17.701[1.09046],17.6794[1.11311],17.7216[1.06792],80,0_2
Pref0,0.931[0.176746],0.928425[0.178008],0.933464[0.175494],80,0_2
Signal0,1[0],1[0],1[0],80,0_2
Hybridindex,17.733[1.10599],17.7147[1.10253],17.7507[1.10905],81,0_2
Pref0,0.92025[0.190434],0.92132[0.19158],0.919212[0.189309],81,0_2
Signal0,1[0],1[0],1[0],81,0_2
Hybridindex,17.7312[1.09163],17.747[1.09815],17.7158[1.08498],82,0_2
Pref0,0.914[0.197114],0.917677[0.192119],0.910396[0.201825],82,0_2
Signal0,1[0],1[0],1[0],82,0_2
Hybridindex,17.711[1.09429],17.7257[1.10062],17.6964[1.08778],83,0_2
Pref0,0.9185[0.193282],0.924273[0.186109],0.912762[0.199992],83,0_2
Signal0,1[0],1[0],1[0],83,0_2
Hybridindex,17.7325[1.09176],17.7587[1.08233],17.7059[1.10064],84,0_2
Pref0,0.91725[0.193074],0.924182[0.183432],0.910192[0.202176],84,0_2
Signal0,1[0],1[0],1[0],84,0_2
Hybridindex,17.755[1.11433],17.7524[1.08308],17.7577[1.14606],85,0_2
Pref0,0.91325[0.194549],0.915362[0.196418],0.911043[0.192552],85,0_2
Signal0,1[0],1[0],1[0],85,0_2
Hybridindex,17.7355[1.1084],17.7692[1.07124],17.7017[1.14342],86,0_2
Pref0,0.90575[0.202465],0.905594[0.20072],0.905906[0.204198],86,0_2
Signal0,1[0],1[0],1[0],86,0_2
Hybridindex,17.7275[1.12416],17.702[1.1151],17.7522[1.13234],87,0_2
Pref0,0.91125[0.198742],0.912183[0.199374],0.910345[0.198123],87,0_2
Signal0,1[0],1[0],1[0],87,0_2
Hybridindex,17.6935[1.12364],17.6695[1.1542],17.7172[1.09208],88,0_2
Pref0,0.91975[0.190879],0.919517[0.190471],0.91998[0.191282],88,0_2
Signal0,1[0],1[0],1[0],88,0_2
Hybridindex,17.6887[1.12639],17.6828[1.11391],17.6947[1.13872],89,0_2
Pref0,0.92[0.189341],0.924076[0.18492],0.915916[0.193583],89,0_2
Signal0,1[0],1[0],1[0],89,0_2
Hybridindex,17.6752[1.11475],17.6729[1.1192],17.6777[1.11013],90,0_2
Pref0,0.9095[0.203862],0.903448[0.211813],0.915736[0.195134],90,0_2
Signal0,1[0],1[0],1[0],90,0_2
Hybridindex,17.6833[1.11514],17.6439[1.12427],17.7205[1.10513],91,0_2
Pref0,0.91[0.199123],0.903392[0.203815],0.916261[0.194367],91,0_2
Signal0,1[0],1[0],1[0],91,0_2
Hybridindex,17.7112[1.10736],17.7224[1.10311],17.7005[1.11133],92,0_2
Pref0,0.9175[0.194792],0.913776[0.195521],0.921078[0.19402],92,0_2
Signal0,1[0],1[0],1[0],92,0_2
Hybridindex,17.7183[1.08478],17.713[1.05553],17.7238[1.11485],93,0_2
Pref0,0.922[0.188191],0.923638[0.183872],0.920267[0.192639],93,0_2
Signal0,1[0],1[0],1[0],93,0_2
Hybridindex,17.7082[1.08501],17.7065[1.10181],17.7099[1.06869],94,0_2
Pref0,0.91625[0.199652],0.917689[0.20001],0.914873[0.199299],94,0_2
Signal0,1[0],1[0],1[0],94,0_2
Hybridindex,17.7022[1.08096],17.6752[1.08839],17.7282[1.07315],95,0_2
Pref0,0.9105[0.20369],0.914198[0.19906],0.906954[0.207972],95,0_2
Signal0,1[0],1[0],1[0],95,0_2
Hybridindex,17.6567[1.09216],17.6882[1.08527],17.624[1.09832],96,0_2
Pref0,0.91075[0.201021],0.910784[0.202633],0.910714[0.199329],96,0_2
Signal0,1[0],1[0],1[0],96,0_2
Hybridindex,17.6225[1.12171],17.5944[1.09972],17.6516[1.1433],97,0_2
Pref0,0.9125[0.202098],0.912979[0.202124],0.912004[0.202071],97,0_2
Signal0,1[0],1[0],1[0],97,0_2
Hybridindex,17.6307[1.11771],17.6245[1.12212],17.6373[1.11303],98,0_2
Pref0,0.9085[0.20525],0.903809[0.210271],0.913422[0.199729],98,0_2
Signal0,1[0],1[0],1[0],98,0_2
Hybridindex,17.622[1.12344],17.609[1.12322],17.6358[1.12351],99,0_2
Pref0,0.91525[0.19923],0.914729[0.205298],0.915806[0.192548],99,0_2
Signal0,1[0],1[0],1[0],99,0_2
Hybridindex,17.572[1.1213],17.5566[1.12775],17.587[1.11475],100,0_2
Pref0,0.91375[0.196051],0.908999[0.199367],0.918398[0.192639],100,0_2
Signal0,1[0],1[0],1[0],100,0_2
Hybridindex,12.27[8.31547],12.1831[8.29309],12.3559[8.33664],1,0_20
Pref0,0.6135[0.415774],0.609155[0.414654],0.617793[0.416832],1,0_20
Signal0,0.6135[0.415774],0.609155[0.414654],0.617793[0.416832],1,0_20
Hybridindex,14.9213[6.19396],15.0709[6.0789],14.7713[6.30359],2,0_20
Pref0,0.74125[0.340108],0.746753[0.336064],0.735736[0.344024],2,0_20
Signal0,0.742[0.340861],0.752747[0.335324],0.731231[0.345985],2,0_20
Hybridindex,16.7707[3.87728],16.7452[3.89687],16.7958[3.85778],3,0_20
Pref0,0.83375[0.267836],0.841574[0.262194],0.826065[0.273045],3,0_20
Signal0,0.8565[0.253787],0.852674[0.254109],0.860258[0.253413],3,0_20
Hybridindex,17.4413[2.58499],17.4621[2.61052],17.422[2.56095],4,0_20
Pref0,0.87025[0.236199],0.866944[0.24335],0.873314[0.22933],4,0_20
Signal0,0.929[0.182233],0.933992[0.181122],0.924374[0.183136],4,0_20
Hybridindex,17.6285[1.9761],17.6295[1.95008],17.6276[2.00084],5,0_20
Pref0,0.88225[0.226958],0.874618[0.231509],0.889598[0.222242],5,0_20
Signal0,0.959[0.137182],0.960245[0.135267],0.957802[0.138991],5,0_20
Hybridindex,17.605[1.71442],17.6072[1.73257],17.6027[1.69543],6,0_20
Pref0,0.88[0.227706],0.891839[0.221957],0.867752[0.232873],6,0_20
Signal0,0.976[0.106883],0.980826[0.0960176],0.971007[0.116858],6,0_20
Hybridindex,17.5805[1.55701],17.6203[1.53726],17.5415[1.57511],7,0_20
Pref0,0.88425[0.226885],0.876643[0.232476],0.891691[0.221027],7,0_20
Signal0,0.98475[0.0859793],0.9818[0.0936422],0.987636[0.0776475],7,0_20
Hybridindex,17.561[1.49207],17.5831[1.5064],17.5379[1.47657],8,0_20
Pref0,0.893[0.215177],0.889541[0.216653],0.896622[0.21356],8,0_20
Signal0,0.99425[0.0533098],0.99609[0.0440425],0.992323[0.0614764],8,0_20
Hybridindex,17.4958[1.44917],17.5231[1.40172],17.4698[1.49237],9,0_20
Pref0,0.89225[0.213927],0.891684[0.213321],0.892788[0.2145],9,0_20
Signal0,0.99575[0.0459014],0.997433[0.0357321],0.994152[0.0537567],9,0_20
Hybridindex,17.4778[1.4497],17.5365[1.41723],17.4173[1.47992],10,0_20
Pref0,0.88875[0.217941],0.884615[0.224267],0.893002[0.211154],10,0_20
Signal0,0.997[0.0386135],0.996055[0.044236],0.997972[0.0317818],10,0_20
Hybridindex,17.432[1.39996],17.4144[1.38611],17.4515[1.41487],11,0_20
Pref0,0.89275[0.218798],0.891056[0.218715],0.894626[0.218874],11,0_20
Signal0,0.999[0.0223383],0.998573[0.0266753],0.999473[0.0162221],11,0_20
Hybridindex,17.4473[1.35327],17.4282[1.35747],17.4678[1.34844],12,0_20
Pref0,0.90225[0.208134],0.900675[0.210087],0.903946[0.205998],12,0_20
Signal0,0.99975[0.0111775],1[0],0.999481[0.0161039],12,0_20
Hybridindex,17.4205[1.3445],17.3773[1.35945],17.4632[1.32818],13,0_20
Pref0,0.909[0.199296],0.901408[0.207597],0.916501[0.190443],13,0_20
Signal0,0.99925[0.0193504],0.999497[0.0158511],0.999006[0.0222717],13,0_20
Hybridindex,17.3843[1.32758],17.4321[1.29042],17.3349[1.36314],14,0_20
Pref0,0.91025[0.20142],0.909449[0.203728],0.911077[0.199005],14,0_20
Signal0,0.99975[0.0111775],0.999508[0.0156787],1[0],14,0_20
Hybridindex,17.321[1.33883],17.3439[1.32765],17.2984[1.34938],15,0_20
Pref0,0.9095[0.203248],0.907855[0.207655],0.911122[0.198793],15,0_20
Signal0,1[0],1[0],1[0],15,0_20
Hybridindex,17.331[1.33442],17.3653[1.29938],17.297[1.36739],16,0_20
Pref0,0.9175[0.199859],0.920101[0.193871],0.914925[0.205584],16,0_20
Signal0,1[0],1[0],1[0],16,0_20
Hybridindex,17.3358[1.32038],17.3652[1.34255],17.3058[1.29672],17,0_20
Pref0,0.92125[0.188874],0.918236[0.192795],0.924319[0.184746],17,0_20
Signal0,1[0],1[0],1[0],17,0_20
Hybridindex,17.3268[1.30886],17.3393[1.28375],17.314[1.33392],18,0_20
Pref0,0.93075[0.180498],0.931256[0.177833],0.930233[0.183181],18,0_20
Signal0,1[0],1[0],1[0],18,0_20
Hybridindex,17.341[1.31566],17.33[1.34035],17.3519[1.29071],19,0_20
Pref0,0.92575[0.18537],0.925553[0.190285],0.925944[0.180382],19,0_20
Signal0,1[0],1[0],1[0],19,0_20
Hybridindex,17.341[1.28539],17.3533[1.30228],17.3293[1.269],20,0_20
Pref0,0.9275[0.183695],0.921538[0.190135],0.933171[0.177165],20,0_20
Signal0,1[0],1[0],1[0],20,0_20
Hybridindex,17.3747[1.28868],17.3816[1.28242],17.3676[1.2952],21,0_20
Pref0,0.92525[0.187183],0.923002[0.189688],0.927618[0.184477],21,0_20
Signal0,1[0],1[0],1[0],21,0_20
Hybridindex,17.383[1.28464],17.3761[1.25397],17.3903[1.31608],22,0_20
Pref0,0.92025[0.192393],0.922439[0.191487],0.917949[0.193314],22,0_20
Signal0,1[0],1[0],1[0],22,0_20
Hybridindex,17.298[1.3043],17.319[1.32233],17.2764[1.28513],23,0_20
Pref0,0.91125[0.198742],0.90286[0.206363],0.919878[0.190202],23,0_20
Signal0,1[0],1[0],1[0],23,0_20
Hybridindex,17.328[1.31507],17.3185[1.31332],17.3375[1.31676],24,0_20
Pref0,0.909[0.199922],0.908[0.20009],0.91[0.19975],24,0_20
Signal0,1[0],1[0],1[0],24,0_20
Hybridindex,17.3278[1.31955],17.3422[1.31051],17.3139[1.32805],25,0_20
Pref0,0.91025[0.202657],0.911405[0.2013],0.909136[0.203952],25,0_20
Signal0,1[0],1[0],1[0],25,0_20
Hybridindex,17.331[1.28294],17.312[1.29437],17.3488[1.27187],26,0_20
Pref0,0.909[0.205473],0.90031[0.213515],0.917151[0.197284],26,0_20
Signal0,1[0],1[0],1[0],26,0_20
Hybridindex,17.3155[1.26726],17.3386[1.2646],17.2919[1.26955],27,0_20
Pref0,0.906[0.205947],0.916337[0.193151],0.895455[0.217724],27,0_20
Signal0,1[0],1[0],1[0],27,0_20
Hybridindex,17.3367[1.25368],17.3675[1.27612],17.3038[1.22836],28,0_20
Pref0,0.9195[0.196264],0.910058[0.210083],0.929607[0.179755],28,0_20
Signal0,1[0],1[0],1[0],28,0_20
Hybridindex,17.3012[1.26516],17.3153[1.25571],17.2874[1.27431],29,0_20
Pref0,0.91375[0.203558],0.911647[0.204676],0.915837[0.202421],29,0_20
Signal0,1[0],1[0],1[0],29,0_20
Hybridindex,17.308[1.28506],17.3432[1.31455],17.2762[1.25694],30,0_20
Pref0,0.922[0.188191],0.916316[0.19761],0.927143[0.179089],30,0_20
Signal0,1[0],1[0],1[0],30,0_20
Hybridindex,17.3023[1.29847],17.3074[1.30916],17.2971[1.28762],31,0_20
Pref0,0.92175[0.189082],0.917665[0.193346],0.925852[0.184611],31,0_20
Signal0,1[0],1[0],1[0],31,0_20
Hybridindex,17.3442[1.2796],17.3538[1.27889],17.3347[1.28023],32,0_20
Pref0,0.92375[0.188576],0.923154[0.189765],0.924349[0.187373],32,0_20
Signal0,1[0],1[0],1[0],32,0_20
Hybridindex,17.3245[1.26291],17.2843[1.29122],17.3671[1.23077],33,0_20
Pref0,0.91525[0.198601],0.917396[0.197109],0.912976[0.200145],33,0_20
Signal0,1[0],1[0],1[0],33,0_20
Hybridindex,17.2928[1.26439],17.2543[1.26887],17.3312[1.25872],34,0_20
Pref0,0.9125[0.198353],0.911411[0.198619],0.913586[0.198081],34,0_20
Signal0,1[0],1[0],1[0],34,0_20
Hybridindex,17.3435[1.26333],17.3856[1.26693],17.3021[1.25841],35,0_20
Pref0,0.91275[0.198777],0.917339[0.193706],0.908234[0.203544],35,0_20
Signal0,1[0],1[0],1[0],35,0_20
Hybridindex,17.327[1.25979],17.3305[1.26285],17.3234[1.25668],36,0_20
Pref0,0.91475[0.196488],0.916501[0.191743],0.912978[0.20116],36,0_20
Signal0,1[0],1[0],1[0],36,0_20
Hybridindex,17.2845[1.26197],17.2953[1.25845],17.2735[1.26546],37,0_20
Pref0,0.917[0.197132],0.909496[0.206159],0.924671[0.187145],37,0_20
Signal0,1[0],1[0],1[0],37,0_20
Hybridindex,17.2615[1.31828],17.283[1.30876],17.2397[1.32751],38,0_20
Pref0,0.91825[0.195428],0.922542[0.190276],0.913897[0.200423],38,0_20
Signal0,1[0],1[0],1[0],38,0_20
Hybridindex,17.3095[1.29227],17.3069[1.29857],17.312[1.28613],39,0_20
Pref0,0.92[0.193261],0.922256[0.186709],0.917815[0.199378],39,0_20
Signal0,1[0],1[0],1[0],39,0_20
Hybridindex,17.3137[1.26083],17.3058[1.23643],17.3219[1.28529],40,0_20
Pref0,0.9215[0.185978],0.925395[0.18226],0.91751[0.189627],40,0_20
Signal0,1[0],1[0],1[0],40,0_20
Hybridindex,17.3122[1.24624],17.3067[1.23964],17.318[1.25304],41,0_20
Pref0,0.91825[0.193499],0.913641[0.196636],0.923038[0.190068],41,0_20
Signal0,1[0],1[0],1[0],41,0_20
Hybridindex,17.267[1.23954],17.2198[1.2065],17.3152[1.27056],42,0_20
Pref0,0.923[0.189264],0.927723[0.181369],0.918182[0.196876],42,0_20
Signal0,1[0],1[0],1[0],42,0_20
Hybridindex,17.2533[1.22607],17.2721[1.215],17.235[1.23644],43,0_20
Pref0,0.92225[0.190604],0.922843[0.188868],0.921675[0.192272],43,0_20
Signal0,1[0],1[0],1[0],43,0_20
Hybridindex,17.24[1.22817],17.2374[1.21876],17.2425[1.23739],44,0_20
Pref0,0.92675[0.186439],0.928068[0.182501],0.925447[0.19024],44,0_20
Signal0,1[0],1[0],1[0],44,0_20
Hybridindex,17.2288[1.26127],17.1927[1.26289],17.2635[1.25873],45,0_20
Pref0,0.9275[0.18026],0.930173[0.180516],0.924926[0.179976],45,0_20
Signal0,1[0],1[0],1[0],45,0_20
Hybridindex,17.2[1.27926],17.2033[1.30634],17.1964[1.24906],46,0_20
Pref0,0.931[0.180939],0.928092[0.18606],0.934169[0.175133],46,0_20
Signal0,1[0],1[0],1[0],46,0_20
Hybridindex,17.2293[1.2424],17.2475[1.24837],17.2115[1.23632],47,0_20
Pref0,0.9325[0.178027],0.930527[0.181528],0.934418[0.174535],47,0_20
Signal0,1[0],1[0],1[0],47,0_20
Hybridindex,17.2312[1.23213],17.2383[1.21385],17.2244[1.24954],48,0_20
Pref0,0.93525[0.171559],0.939024[0.166691],0.931594[0.176068],48,0_20
Signal0,1[0],1[0],1[0],48,0_20
Hybridindex,17.2428[1.25746],17.2139[1.28094],17.2719[1.2326],49,0_20
Pref0,0.936[0.170745],0.938806[0.166875],0.933166[0.174522],49,0_20
Signal0,1[0],1[0],1[0],49,0_20
Hybridindex,17.211[1.24849],17.2225[1.24892],17.1989[1.24792],50,0_20
Pref0,0.93925[0.167136],0.932814[0.174756],0.946043[0.158413],50,0_20
Signal0,1[0],1[0],1[0],50,0_20
Hybridindex,17.188[1.25106],17.2262[1.25213],17.1483[1.24872],51,0_20
Pref0,0.9395[0.166102],0.936212[0.172591],0.942915[0.159008],51,0_20
Signal0,1[0],1[0],1[0],51,0_20
Hybridindex,17.1795[1.20811],17.1748[1.18756],17.1845[1.22941],52,0_20
Pref0,0.9425[0.163382],0.941577[0.165102],0.943474[0.161541],52,0_20
Signal0,1[0],1[0],1[0],52,0_20
Hybridindex,17.1432[1.24353],17.1351[1.2601],17.1509[1.22757],53,0_20
Pref0,0.9405[0.167958],0.937821[0.17111],0.943038[0.164875],53,0_20
Signal0,1[0],1[0],1[0],53,0_20
Hybridindex,17.2007[1.22028],17.2075[1.25717],17.1935[1.17929],54,0_20
Pref0,0.93725[0.171573],0.944015[0.159187],0.929979[0.18368],54,0_20
Signal0,1[0],1[0],1[0],54,0_20
Hybridindex,17.1945[1.23305],17.203[1.21197],17.1865[1.25246],55,0_20
Pref0,0.9395[0.169823],0.942665[0.165669],0.936531[0.173576],55,0_20
Signal0,1[0],1[0],1[0],55,0_20
Hybridindex,17.1955[1.23563],17.2476[1.21687],17.1404[1.25281],56,0_20
Pref0,0.941[0.167389],0.939689[0.168712],0.942387[0.165967],56,0_20
Signal0,1[0],1[0],1[0],56,0_20
Hybridindex,17.1755[1.25736],17.2551[1.23624],17.099[1.27264],57,0_20
Pref0,0.94125[0.1656],0.946939[0.158889],0.935784[0.171624],57,0_20
Signal0,1[0],1[0],1[0],57,0_20
Hybridindex,17.151[1.21386],17.1548[1.23223],17.147[1.19415],58,0_20
Pref0,0.938[0.172209],0.942064[0.164535],0.93371[0.179855],58,0_20
Signal0,1[0],1[0],1[0],58,0_20
Hybridindex,17.1388[1.24031],17.146[1.25616],17.1313[1.22389],59,0_20
Pref0,0.939[0.173289],0.937129[0.174508],0.940909[0.172015],59,0_20
Signal0,1[0],1[0],1[0],59,0_20
Hybridindex,17.1483[1.23881],17.1478[1.24219],17.1487[1.23543],60,0_20
Pref0,0.93575[0.176059],0.942886[0.166734],0.928643[0.184607],60,0_20
Signal0,1[0],1[0],1[0],60,0_20
Hybridindex,17.1638[1.2573],17.1936[1.26094],17.1352[1.25314],61,0_20
Pref0,0.9325[0.178027],0.931052[0.183864],0.933888[0.172234],61,0_20
Signal0,1[0],1[0],1[0],61,0_20
Hybridindex,17.179[1.26726],17.1765[1.28768],17.1814[1.24733],62,0_20
Pref0,0.929[0.180856],0.928571[0.182108],0.929412[0.179645],62,0_20
Signal0,1[0],1[0],1[0],62,0_20
Hybridindex,17.1492[1.25503],17.1412[1.23722],17.1573[1.27261],63,0_20
Pref0,0.925[0.185405],0.921158[0.190261],0.928858[0.180316],63,0_20
Signal0,1[0],1[0],1[0],63,0_20
Hybridindex,17.167[1.24282],17.163[1.25101],17.171[1.23472],64,0_20
Pref0,0.93[0.180555],0.933905[0.17376],0.926165[0.186909],64,0_20
Signal0,1[0],1[0],1[0],64,0_20
Hybridindex,17.1792[1.22648],17.243[1.21954],17.119[1.22996],65,0_20
Pref0,0.9395[0.1676],0.933574[0.175671],0.945092[0.159408],65,0_20
Signal0,1[0],1[0],1[0],65,0_20
Hybridindex,17.191[1.26353],17.2052[1.2592],17.1763[1.26782],66,0_20
Pref0,0.94125[0.164844],0.941437[0.165313],0.941057[0.164358],66,0_20
Signal0,1[0],1[0],1[0],66,0_20
Hybridindex,17.231[1.23668],17.2588[1.19887],17.2037[1.27214],67,0_20
Pref0,0.94125[0.168593],0.935923[0.177382],0.946482[0.159316],67,0_20
Signal0,1[0],1[0],1[0],67,0_20
Hybridindex,17.2318[1.2009],17.257[1.17818],17.2066[1.2226],68,0_20
Pref0,0.9425[0.161071],0.952405[0.148436],0.932635[0.172173],68,0_20
Signal0,1[0],1[0],1[0],68,0_20
Hybridindex,17.2417[1.20133],17.2831[1.20839],17.2006[1.19283],69,0_20
Pref0,0.93925[0.170101],0.938377[0.171812],0.94012[0.168376],69,0_20
Signal0,1[0],1[0],1[0],69,0_20
Hybridindex,17.2125[1.24613],17.2303[1.19926],17.1945[1.2915],70,0_20
Pref0,0.93575[0.174634],0.937313[0.174352],0.934171[0.174903],70,0_20
Signal0,1[0],1[0],1[0],70,0_20
Hybridindex,17.2475[1.27122],17.2345[1.32264],17.2597[1.22069],71,0_20
Pref0,0.942[0.166241],0.942784[0.167068],0.941262[0.165454],71,0_20
Signal0,1[0],1[0],1[0],71,0_20
Hybridindex,17.282[1.20529],17.2897[1.20741],17.2748[1.20325],72,0_20
Pref0,0.948[0.160611],0.947423[0.16472],0.948544[0.156642],72,0_20
Signal0,1[0],1[0],1[0],72,0_20
Hybridindex,17.3042[1.20294],17.3267[1.21078],17.2816[1.19455],73,0_20
Pref0,0.947[0.159502],0.952689[0.14971],0.941265[0.168605],73,0_20
Signal0,1[0],1[0],1[0],73,0_20
Hybridindex,17.3205[1.23127],17.3443[1.23038],17.2951[1.23171],74,0_20
Pref0,0.94025[0.166748],0.942289[0.167182],0.93808[0.166258],74,0_20
Signal0,1[0],1[0],1[0],74,0_20
Hybridindex,17.3135[1.21623],17.3603[1.22067],17.2648[1.20967],75,0_20
Pref0,0.9445[0.164072],0.938235[0.17323],0.95102[0.153693],75,0_20
Signal0,1[0],1[0],1[0],75,0_20
Hybridindex,17.3197[1.19797],17.3187[1.18871],17.3209[1.20739],76,0_20
Pref0,0.941[0.16664],0.938241[0.171859],0.943826[0.16107],76,0_20
Signal0,1[0],1[0],1[0],76,0_20
Hybridindex,17.3595[1.19458],17.371[1.17458],17.3487[1.21297],77,0_20
Pref0,0.94475[0.16147],0.94582[0.158702],0.943744[0.164022],77,0_20
Signal0,1[0],1[0],1[0],77,0_20
Hybridindex,17.339[1.17721],17.3309[1.1686],17.3474[1.18595],78,0_20
Pref0,0.94225[0.165197],0.94428[0.160441],0.940162[0.169923],78,0_20
Signal0,1[0],1[0],1[0],78,0_20
Hybridindex,17.344[1.20547],17.3047[1.20144],17.3816[1.20812],79,0_20
Pref0,0.942[0.16397],0.941718[0.16045],0.94227[0.167267],79,0_20
Signal0,1[0],1[0],1[0],79,0_20
Hybridindex,17.3513[1.20934],17.368[1.21359],17.3337[1.20462],80,0_20
Pref0,0.94375[0.170179],0.93304[0.188016],0.954964[0.148408],80,0_20
Signal0,1[0],1[0],1[0],80,0_20
Hybridindex,17.3977[1.19297],17.3737[1.21124],17.4206[1.1749],81,0_20
Pref0,0.951[0.152804],0.957906[0.142485],0.944444[0.16172],81,0_20
Signal0,1[0],1[0],1[0],81,0_20
Hybridindex,17.3422[1.20613],17.3841[1.19628],17.3[1.21453],82,0_20
Pref0,0.95525[0.144473],0.955224[0.146213],0.955276[0.142694],82,0_20
Signal0,1[0],1[0],1[0],82,0_20
Hybridindex,17.346[1.1973],17.3413[1.2044],17.3505[1.19042],83,0_20
Pref0,0.9545[0.144671],0.952551[0.148268],0.956373[0.141104],83,0_20
Signal0,1[0],1[0],1[0],83,0_20
Hybridindex,17.3675[1.1779],17.3873[1.16015],17.3479[1.19485],84,0_20
Pref0,0.95775[0.141739],0.957746[0.144397],0.957753[0.139063],84,0_20
Signal0,1[0],1[0],1[0],84,0_20
Hybridindex,17.3377[1.16503],17.2846[1.18959],17.3876[1.13927],85,0_20
Pref0,0.95625[0.143913],0.957128[0.141826],0.955426[0.145839],85,0_20
Signal0,1[0],1[0],1[0],85,0_20
Hybridindex,17.3218[1.16838],17.3615[1.17466],17.2838[1.16106],86,0_20
Pref0,0.9535[0.146928],0.951943[0.147374],0.95499[0.146484],86,0_20
Signal0,1[0],1[0],1[0],86,0_20
Hybridindex,17.323[1.19328],17.2632[1.22293],17.3879[1.15675],87,0_20
Pref0,0.9545[0.148087],0.960134[0.140657],0.948384[0.155521],87,0_20
Signal0,1[0],1[0],1[0],87,0_20
Hybridindex,17.2997[1.19584],17.2844[1.24893],17.3155[1.13879],88,0_20
Pref0,0.95475[0.149424],0.952522[0.153176],0.957027[0.145452],88,0_20
Signal0,1[0],1[0],1[0],88,0_20
Hybridindex,17.3085[1.16397],17.3138[1.18755],17.3035[1.1412],89,0_20
Pref0,0.957[0.144572],0.954733[0.148754],0.959144[0.140469],89,0_20
Signal0,1[0],1[0],1[0],89,0_20
Hybridindex,17.3025[1.16361],17.3185[1.16529],17.2864[1.1617],90,0_20
Pref0,0.95675[0.144064],0.952144[0.150449],0.961384[0.137185],90,0_20
Signal0,1[0],1[0],1[0],90,0_20
Hybridindex,17.3275[1.1592],17.3361[1.1739],17.3184[1.14337],91,0_20
Pref0,0.95375[0.149117],0.957685[0.142618],0.949588[0.155588],91,0_20
Signal0,1[0],1[0],1[0],91,0_20
Hybridindex,17.3195[1.1715],17.3164[1.16246],17.3228[1.18111],92,0_20
Pref0,0.955[0.147394],0.949758[0.155067],0.960622[0.138473],92,0_20
Signal0,1[0],1[0],1[0],92,0_20
Hybridindex,17.3208[1.1758],17.3195[1.15952],17.3219[1.19074],93,0_20
Pref0,0.951[0.15033],0.946577[0.156129],0.955116[0.144603],93,0_20
Signal0,1[0],1[0],1[0],93,0_20
Hybridindex,17.268[1.15755],17.2517[1.15914],17.285[1.15565],94,0_20
Pref0,0.95375[0.146581],0.951028[0.150257],0.956588[0.14259],94,0_20
Signal0,1[0],1[0],1[0],94,0_20
Hybridindex,17.252[1.17909],17.2399[1.1637],17.2644[1.19449],95,0_20
Pref0,0.954[0.149613],0.954995[0.148191],0.952983[0.151045],95,0_20
Signal0,1[0],1[0],1[0],95,0_20
Hybridindex,17.2007[1.22048],17.2033[1.23812],17.1981[1.20172],96,0_20
Pref0,0.9495[0.157162],0.952102[0.150441],0.946776[0.163859],96,0_20
Signal0,1[0],1[0],1[0],96,0_20
Hybridindex,17.2845[1.20398],17.2488[1.202],17.3236[1.20493],97,0_20
Pref0,0.954[0.145375],0.958852[0.139138],0.948691[0.15173],97,0_20
Signal0,1[0],1[0],1[0],97,0_20
Hybridindex,17.3185[1.20283],17.2658[1.26269],17.3741[1.13359],98,0_20
Pref0,0.95025[0.150499],0.955696[0.142088],0.944502[0.158692],98,0_20
Signal0,1[0],1[0],1[0],98,0_20
Hybridindex,17.3307[1.17078],17.3117[1.15884],17.3498[1.18232],99,0_20
Pref0,0.95675[0.143194],0.957043[0.14189],0.956456[0.144488],99,0_20
Signal0,1[0],1[0],1[0],99,0_20
Hybridindex,17.3352[1.1566],17.3403[1.14349],17.3302[1.16967],100,0_20
Pref0,0.95825[0.141003],0.955721[0.147212],0.960804[0.134394],100,0_20
Signal0,1[0],1[0],1[0],100,0_20
Hybridindex,12.215[8.32128],12.3423[8.23327],12.0879[8.40628],1,0_21
Pref0,0.61075[0.416064],0.617117[0.411663],0.604396[0.420314],1,0_21
Signal0,0.61075[0.416064],0.617117[0.411663],0.604396[0.420314],1,0_21
Hybridindex,15.0505[6.23452],14.8395[6.39113],15.2615[6.06654],2,0_21
Pref0,0.7535[0.337991],0.7455[0.344209],0.7615[0.331463],2,0_21
Signal0,0.7525[0.336517],0.743[0.344167],0.762[0.328414],2,0_21
Hybridindex,16.943[3.88555],16.9586[3.91033],16.9287[3.86271],3,0_21
Pref0,0.8505[0.255734],0.849738[0.260261],0.851196[0.251524],3,0_21
Signal0,0.8675[0.242783],0.865445[0.24529],0.869378[0.240454],3,0_21
Hybridindex,17.6242[2.50588],17.5141[2.64123],17.726[2.36956],4,0_21
Pref0,0.88[0.231517],0.86875[0.242518],0.890385[0.220366],4,0_21
Signal0,0.935[0.171828],0.931771[0.173148],0.937981[0.170547],4,0_21
Hybridindex,17.7692[1.90063],17.7512[1.8953],17.7877[1.90588],5,0_21
Pref0,0.884[0.220327],0.878833[0.226588],0.889282[0.213608],5,0_21
Signal0,0.9685[0.122506],0.967854[0.122637],0.969161[0.122369],5,0_21
Hybridindex,17.7873[1.61481],17.7974[1.59653],17.7777[1.63178],6,0_21
Pref0,0.88075[0.227276],0.880412[0.227328],0.881068[0.227226],6,0_21
Signal0,0.981[0.0955981],0.981443[0.0945198],0.980583[0.0966007],6,0_21
Hybridindex,17.8405[1.43041],17.8944[1.41573],17.7861[1.44301],7,0_21
Pref0,0.8845[0.225077],0.890936[0.217069],0.878012[0.232691],7,0_21
Signal0,0.99125[0.0655625],0.991036[0.0663454],0.991466[0.0647629],7,0_21
Hybridindex,17.8272[1.34203],17.8389[1.30151],17.8153[1.3822],8,0_21
Pref0,0.8795[0.231257],0.875988[0.231396],0.883097[0.231059],8,0_21
Signal0,0.9945[0.0521512],0.994565[0.0518445],0.994433[0.0524634],8,0_21
Hybridindex,17.8575[1.29776],17.883[1.31997],17.832[1.27467],9,0_21
Pref0,0.88275[0.227217],0.8775[0.230746],0.888[0.223508],9,0_21
Signal0,0.99775[0.0334655],0.9995[0.0158035],0.996[0.0445421],9,0_21
Hybridindex,17.8415[1.31534],17.8527[1.29723],17.8316[1.33112],10,0_21
Pref0,0.883[0.225967],0.892021[0.215836],0.875[0.234294],10,0_21
Signal0,0.9975[0.0352668],0.996809[0.0398191],0.998113[0.0306567],10,0_21
Hybridindex,17.825[1.28904],17.8307[1.29918],17.8191[1.27846],11,0_21
Pref0,0.8805[0.228516],0.880413[0.233132],0.880589[0.223651],11,0_21
Signal0,0.9985[0.027345],0.999508[0.0156787],0.997459[0.035551],11,0_21
Hybridindex,17.8332[1.26928],17.8587[1.25469],17.8068[1.28373],12,0_21
Pref0,0.87825[0.230872],0.871933[0.234505],0.884811[0.226851],12,0_21
Signal0,0.99875[0.0249687],0.999019[0.0221295],0.998471[0.0276078],12,0_21
Hybridindex,17.8508[1.25742],17.8731[1.24913],17.8266[1.26589],13,0_21
Pref0,0.87625[0.23035],0.879327[0.230187],0.872917[0.230479],13,0_21
Signal0,0.999[0.0223383],0.998558[0.0268155],0.999479[0.016129],13,0_21
Hybridindex,17.8358[1.27902],17.8911[1.25621],17.7803[1.29912],14,0_21
Pref0,0.874[0.234785],0.874126[0.232563],0.873874[0.23699],14,0_21
Signal0,0.9995[0.0158035],0.999001[0.0223272],1[0],14,0_21
Hybridindex,17.819[1.23652],17.7698[1.22388],17.8656[1.24659],15,0_21
Pref0,0.88025[0.22975],0.86999[0.236243],0.889971[0.222989],15,0_21
Signal0,1[0],1[0],1[0],15,0_21
Hybridindex,17.8403[1.21423],17.8659[1.20252],17.8162[1.22458],16,0_21
Pref0,0.87875[0.231675],0.874224[0.235266],0.882979[0.228189],16,0_21
Signal0,1[0],1[0],1[0],16,0_21
Hybridindex,17.869[1.20596],17.8576[1.20691],17.8809[1.20486],17,0_21
Pref0,0.8855[0.223919],0.884086[0.218995],0.886965[0.228902],17,0_21
Signal0,1[0],1[0],1[0],17,0_21
Hybridindex,17.853[1.20328],17.8338[1.21462],17.8733[1.19082],18,0_21
Pref0,0.88325[0.231289],0.880466[0.235972],0.8862[0.226183],18,0_21
Signal0,1[0],1[0],1[0],18,0_21
Hybridindex,17.87[1.2133],17.8939[1.17074],17.8462[1.25389],19,0_21
Pref0,0.88075[0.235381],0.883383[0.231771],0.878122[0.238901],19,0_21
Signal0,1[0],1[0],1[0],19,0_21
Hybridindex,17.846[1.17698],17.8251[1.21099],17.8682[1.13942],20,0_21
Pref0,0.88925[0.219339],0.88484[0.222853],0.893924[0.215454],20,0_21
Signal0,1[0],1[0],1[0],20,0_21
Hybridindex,17.8302[1.16289],17.8246[1.16912],17.8358[1.15673],21,0_21
Pref0,0.89025[0.217554],0.895854[0.213955],0.884768[0.220882],21,0_21
Signal0,1[0],1[0],1[0],21,0_21
Hybridindex,17.8495[1.1423],17.8325[1.13274],17.866[1.15126],22,0_21
Pref0,0.88225[0.226407],0.884264[0.223734],0.880296[0.228953],22,0_21
Signal0,1[0],1[0],1[0],22,0_21
Hybridindex,17.8328[1.15916],17.8407[1.12912],17.8252[1.1872],23,0_21
Pref0,0.876[0.234785],0.876404[0.234956],0.875612[0.23462],23,0_21
Signal0,1[0],1[0],1[0],23,0_21
Hybridindex,17.865[1.17421],17.8666[1.18503],17.8635[1.16368],24,0_21
Pref0,0.87275[0.234909],0.86609[0.239102],0.879175[0.230611],24,0_21
Signal0,1[0],1[0],1[0],24,0_21
Hybridindex,17.8783[1.16246],17.8797[1.17234],17.8768[1.15228],25,0_21
Pref0,0.87025[0.239875],0.870792[0.234179],0.869697[0.245548],25,0_21
Signal0,1[0],1[0],1[0],25,0_21
Hybridindex,17.8858[1.146],17.8601[1.11512],17.9122[1.1764],26,0_21
Pref0,0.87[0.231517],0.867488[0.233683],0.872589[0.229234],26,0_21
Signal0,1[0],1[0],1[0],26,0_21
Hybridindex,17.8885[1.1357],17.8563[1.14601],17.9227[1.12365],27,0_21
Pref0,0.8705[0.23818],0.865049[0.240835],0.876289[0.235189],27,0_21
Signal0,1[0],1[0],1[0],27,0_21
Hybridindex,17.8837[1.14066],17.8468[1.15767],17.9211[1.12199],28,0_21
Pref0,0.8745[0.232378],0.879104[0.226505],0.869849[0.238073],28,0_21
Signal0,1[0],1[0],1[0],28,0_21
Hybridindex,17.9078[1.14088],17.9289[1.15051],17.886[1.13051],29,0_21
Pref0,0.87725[0.229799],0.882034[0.227985],0.87234[0.231542],29,0_21
Signal0,1[0],1[0],1[0],29,0_21
Hybridindex,17.8635[1.11282],17.8624[1.095],17.8646[1.13032],30,0_21
Pref0,0.8855[0.225588],0.87988[0.233752],0.891109[0.216988],30,0_21
Signal0,1[0],1[0],1[0],30,0_21
Hybridindex,17.7967[1.17476],17.7882[1.18692],17.806[1.16135],31,0_21
Pref0,0.887[0.220184],0.887128[0.220225],0.886861[0.220139],31,0_21
Signal0,1[0],1[0],1[0],31,0_21
Hybridindex,17.7595[1.17182],17.7519[1.17407],17.768[1.16925],32,0_21
Pref0,0.8845[0.222283],0.886622[0.219326],0.882135[0.225509],32,0_21
Signal0,1[0],1[0],1[0],32,0_21
Hybridindex,17.783[1.15657],17.7939[1.14282],17.7723[1.16985],33,0_21
Pref0,0.885[0.227541],0.88256[0.23238],0.887401[0.222651],33,0_21
Signal0,1[0],1[0],1[0],33,0_21
Hybridindex,17.7445[1.16177],17.7323[1.16291],17.7561[1.16057],34,0_21
Pref0,0.88625[0.224022],0.883828[0.225236],0.888563[0.222832],34,0_21
Signal0,1[0],1[0],1[0],34,0_21
Hybridindex,17.7692[1.13661],17.7579[1.14171],17.7807[1.13128],35,0_21
Pref0,0.88225[0.230239],0.880456[0.230047],0.884073[0.230419],35,0_21
Signal0,1[0],1[0],1[0],35,0_21
Hybridindex,17.654[1.16706],17.6544[1.17354],17.6536[1.16099],36,0_21
Pref0,0.8725[0.231287],0.877202[0.228077],0.868116[0.234156],36,0_21
Signal0,1[0],1[0],1[0],36,0_21
Hybridindex,17.677[1.17108],17.6811[1.18045],17.673[1.16198],37,0_21
Pref0,0.8665[0.238595],0.875[0.231317],0.858333[0.245107],37,0_21
Signal0,1[0],1[0],1[0],37,0_21
Hybridindex,17.683[1.16727],17.6451[1.20131],17.7213[1.13048],38,0_21
Pref0,0.8555[0.249238],0.854374[0.251073],0.85664[0.247363],38,0_21
Signal0,1[0],1[0],1[0],38,0_21
Hybridindex,17.7095[1.15785],17.7085[1.1787],17.7105[1.13609],39,0_21
Pref0,0.84725[0.257958],0.84832[0.260106],0.846154[0.255735],39,0_21
Signal0,1[0],1[0],1[0],39,0_21
Hybridindex,17.691[1.19803],17.778[1.15465],17.604[1.23377],40,0_21
Pref0,0.8445[0.260422],0.835[0.267909],0.854[0.252357],40,0_21
Signal0,1[0],1[0],1[0],40,0_21
Hybridindex,17.6735[1.17809],17.7051[1.17689],17.6401[1.17844],41,0_21
Pref0,0.85025[0.25632],0.854713[0.254273],0.84552[0.258388],41,0_21
Signal0,1[0],1[0],1[0],41,0_21
Hybridindex,17.671[1.19917],17.6682[1.20826],17.6735[1.19081],42,0_21
Pref0,0.851[0.249598],0.853774[0.247316],0.84847[0.251634],42,0_21
Signal0,1[0],1[0],1[0],42,0_21
Hybridindex,17.6603[1.19601],17.6643[1.2032],17.6564[1.1891],43,0_21
Pref0,0.85[0.257391],0.845957[0.257073],0.853861[0.257635],43,0_21
Signal0,1[0],1[0],1[0],43,0_21
Hybridindex,17.664[1.23181],17.6458[1.23599],17.6816[1.22751],44,0_21
Pref0,0.8485[0.256998],0.841998[0.2594],0.85476[0.254507],44,0_21
Signal0,1[0],1[0],1[0],44,0_21
Hybridindex,17.65[1.2224],17.6437[1.23376],17.6565[1.21051],45,0_21
Pref0,0.83975[0.262097],0.835138[0.263673],0.844512[0.260375],45,0_21
Signal0,1[0],1[0],1[0],45,0_21
Hybridindex,17.6507[1.16957],17.6517[1.13846],17.6499[1.1979],46,0_21
Pref0,0.83975[0.260662],0.847826[0.251559],0.832205[0.26867],46,0_21
Signal0,1[0],1[0],1[0],46,0_21
Hybridindex,17.6515[1.1575],17.6573[1.16677],17.6451[1.14715],47,0_21
Pref0,0.84675[0.254734],0.841754[0.259668],0.852261[0.249063],47,0_21
Signal0,1[0],1[0],1[0],47,0_21
Hybridindex,17.659[1.19068],17.6131[1.19758],17.7031[1.18232],48,0_21
Pref0,0.85525[0.253323],0.847604[0.260296],0.86261[0.246199],48,0_21
Signal0,1[0],1[0],1[0],48,0_21
Hybridindex,17.5865[1.20583],17.5698[1.22634],17.603[1.18493],49,0_21
Pref0,0.8505[0.253278],0.848744[0.254578],0.852239[0.251972],49,0_21
Signal0,1[0],1[0],1[0],49,0_21
Hybridindex,17.552[1.1883],17.5232[1.21085],17.5803[1.16502],50,0_21
Pref0,0.85675[0.247193],0.858729[0.248552],0.854807[0.245836],50,0_21
Signal0,1[0],1[0],1[0],50,0_21
Hybridindex,17.554[1.19837],17.5202[1.177],17.587[1.218],51,0_21
Pref0,0.84725[0.252572],0.852882[0.243924],0.841741[0.260636],51,0_21
Signal0,1[0],1[0],1[0],51,0_21
Hybridindex,17.5123[1.20985],17.4931[1.22432],17.5319[1.19445],52,0_21
Pref0,0.85[0.2505],0.849112[0.248098],0.850913[0.252942],52,0_21
Signal0,1[0],1[0],1[0],52,0_21
Hybridindex,17.5057[1.22192],17.5101[1.23045],17.5015[1.21344],53,0_21
Pref0,0.8485[0.253077],0.848943[0.250561],0.848064[0.255532],53,0_21
Signal0,1[0],1[0],1[0],53,0_21
Hybridindex,17.4952[1.19409],17.4848[1.19899],17.5061[1.1889],54,0_21
Pref0,0.84975[0.249098],0.855457[0.250373],0.843845[0.247634],54,0_21
Signal0,1[0],1[0],1[0],54,0_21
Hybridindex,17.4398[1.19624],17.4152[1.21082],17.4638[1.18126],55,0_21
Pref0,0.85175[0.254258],0.846115[0.259594],0.857284[0.248781],55,0_21
Signal0,1[0],1[0],1[0],55,0_21
Hybridindex,17.3622[1.25395],17.3313[1.30184],17.3926[1.2044],56,0_21
Pref0,0.8535[0.244004],0.865152[0.233004],0.842079[0.253806],56,0_21
Signal0,1[0],1[0],1[0],56,0_21
Hybridindex,17.3238[1.26898],17.3136[1.28348],17.3335[1.25484],57,0_21
Pref0,0.8455[0.258611],0.850358[0.255336],0.840842[0.261628],57,0_21
Signal0,1[0],1[0],1[0],57,0_21
Hybridindex,17.326[1.23277],17.2595[1.24737],17.3928[1.21428],58,0_21
Pref0,0.844[0.25625],0.847305[0.254966],0.840681[0.25749],58,0_21
Signal0,1[0],1[0],1[0],58,0_21
Hybridindex,17.3382[1.19246],17.3279[1.20649],17.3482[1.17868],59,0_21
Pref0,0.8365[0.258878],0.828921[0.265571],0.843811[0.252037],59,0_21
Signal0,1[0],1[0],1[0],59,0_21
Hybridindex,17.302[1.22026],17.29[1.20969],17.3134[1.23011],60,0_21
Pref0,0.8335[0.257445],0.837782[0.25305],0.829435[0.261483],60,0_21
Signal0,1[0],1[0],1[0],60,0_21
Hybridindex,17.287[1.23081],17.265[1.21487],17.3099[1.24673],61,0_21
Pref0,0.83625[0.262318],0.83317[0.267909],0.83945[0.256343],61,0_21
Signal0,1[0],1[0],1[0],61,0_21
Hybridindex,17.2918[1.26185],17.3248[1.24519],17.2576[1.27792],62,0_21
Pref0,0.84425[0.256158],0.841535[0.259632],0.847053[0.252491],62,0_21
Signal0,1[0],1[0],1[0],62,0_21
Hybridindex,17.3035[1.2247],17.2762[1.24793],17.3308[1.20035],63,0_21
Pref0,0.84375[0.251915],0.841159[0.257251],0.846346[0.246424],63,0_21
Signal0,1[0],1[0],1[0],63,0_21
Hybridindex,17.2883[1.27448],17.271[1.30606],17.3046[1.24353],64,0_21
Pref0,0.84725[0.255034],0.849076[0.255964],0.845517[0.254136],64,0_21
Signal0,1[0],1[0],1[0],64,0_21
Hybridindex,17.293[1.27501],17.3435[1.27019],17.2444[1.27775],65,0_21
Pref0,0.854[0.245324],0.860347[0.240767],0.84789[0.24948],65,0_21
Signal0,1[0],1[0],1[0],65,0_21
Hybridindex,17.2828[1.24245],17.3357[1.22185],17.2319[1.25983],66,0_21
Pref0,0.86[0.245255],0.853061[0.242943],0.866667[0.247273],66,0_21
Signal0,1[0],1[0],1[0],66,0_21
Hybridindex,17.2913[1.2425],17.319[1.22758],17.2627[1.25702],67,0_21
Pref0,0.8595[0.243946],0.854536[0.245861],0.864604[0.241855],67,0_21
Signal0,1[0],1[0],1[0],67,0_21
Hybridindex,17.2748[1.24695],17.2719[1.26184],17.2776[1.23209],68,0_21
Pref0,0.867[0.245583],0.866062[0.247213],0.867925[0.243962],68,0_21
Signal0,1[0],1[0],1[0],68,0_21
Hybridindex,17.275[1.24424],17.2648[1.22335],17.2851[1.26458],69,0_21
Pref0,0.8625[0.24463],0.851053[0.253622],0.873878[0.234798],69,0_21
Signal0,1[0],1[0],1[0],69,0_21
Hybridindex,17.2402[1.24896],17.1958[1.28586],17.2844[1.20963],70,0_21
Pref0,0.8565[0.251809],0.847892[0.256845],0.86504[0.246414],70,0_21
Signal0,1[0],1[0],1[0],70,0_21
Hybridindex,17.2432[1.23043],17.2165[1.24013],17.2712[1.21956],71,0_21
Pref0,0.85325[0.248675],0.856794[0.243729],0.849539[0.253698],71,0_21
Signal0,1[0],1[0],1[0],71,0_21
Hybridindex,17.2647[1.1791],17.2917[1.18799],17.239[1.16997],72,0_21
Pref0,0.8435[0.257406],0.835722[0.263593],0.850929[0.25113],72,0_21
Signal0,1[0],1[0],1[0],72,0_21
Hybridindex,17.304[1.20865],17.3006[1.23731],17.3073[1.18027],73,0_21
Pref0,0.842[0.253547],0.844354[0.252528],0.839725[0.254507],73,0_21
Signal0,1[0],1[0],1[0],73,0_21
Hybridindex,17.3218[1.16923],17.3189[1.1696],17.3248[1.16882],74,0_21
Pref0,0.8405[0.262316],0.839114[0.265433],0.841996[0.258903],74,0_21
Signal0,1[0],1[0],1[0],74,0_21
Hybridindex,17.3362[1.18883],17.322[1.19799],17.3519[1.17846],75,0_21
Pref0,0.84325[0.257496],0.843989[0.259812],0.842437[0.254921],75,0_21
Signal0,1[0],1[0],1[0],75,0_21
Hybridindex,17.3397[1.17907],17.3646[1.15422],17.3151[1.20275],76,0_21
Pref0,0.8405[0.256534],0.845035[0.256916],0.835992[0.256074],76,0_21
Signal0,1[0],1[0],1[0],76,0_21
Hybridindex,17.308[1.18591],17.3074[1.16901],17.3086[1.20221],77,0_21
Pref0,0.8455[0.258127],0.840748[0.261573],0.850148[0.254626],77,0_21
Signal0,1[0],1[0],1[0],77,0_21
Hybridindex,17.2928[1.17863],17.3111[1.1793],17.275[1.17772],78,0_21
Pref0,0.84775[0.253367],0.848778[0.253877],0.846758[0.25287],78,0_21
Signal0,1[0],1[0],1[0],78,0_21
Hybridindex,17.3077[1.18149],17.3475[1.13424],17.268[1.22563],79,0_21
Pref0,0.85125[0.251989],0.8595[0.245987],0.843[0.257587],79,0_21
Signal0,1[0],1[0],1[0],79,0_21
Hybridindex,17.3253[1.19377],17.2931[1.20661],17.357[1.18011],80,0_21
Pref0,0.851[0.253572],0.861027[0.246469],0.841112[0.260009],80,0_21
Signal0,1[0],1[0],1[0],80,0_21
Hybridindex,17.303[1.18446],17.2835[1.17972],17.323[1.18897],81,0_21
Pref0,0.857[0.246071],0.85503[0.243636],0.859026[0.248535],81,0_21
Signal0,1[0],1[0],1[0],81,0_21
Hybridindex,17.2952[1.18657],17.274[1.1841],17.3164[1.18865],82,0_21
Pref0,0.862[0.238655],0.869238[0.229763],0.85479[0.246982],82,0_21
Signal0,1[0],1[0],1[0],82,0_21
Hybridindex,17.27[1.17701],17.255[1.17624],17.2852[1.17759],83,0_21
Pref0,0.86175[0.242409],0.85835[0.245364],0.865191[0.239331],83,0_21
Signal0,1[0],1[0],1[0],83,0_21
Hybridindex,17.2778[1.22341],17.3114[1.20939],17.2459[1.2357],84,0_21
Pref0,0.85875[0.240153],0.866393[0.235867],0.851509[0.243924],84,0_21
Signal0,1[0],1[0],1[0],84,0_21
Hybridindex,17.3283[1.2166],17.3252[1.20505],17.3313[1.228],85,0_21
Pref0,0.86175[0.243438],0.873747[0.231732],0.8498[0.254],85,0_21
Signal0,1[0],1[0],1[0],85,0_21
Hybridindex,17.299[1.19629],17.2586[1.15401],17.3381[1.2346],86,0_21
Pref0,0.85075[0.254656],0.84502[0.263103],0.856299[0.246071],86,0_21
Signal0,1[0],1[0],1[0],86,0_21
Hybridindex,17.2915[1.19312],17.276[1.19076],17.3075[1.19534],87,0_21
Pref0,0.844[0.253306],0.848232[0.248377],0.839613[0.258243],87,0_21
Signal0,1[0],1[0],1[0],87,0_21
Hybridindex,17.2985[1.18],17.3229[1.13979],17.2744[1.21794],88,0_21
Pref0,0.84825[0.250194],0.859658[0.245015],0.836978[0.254706],88,0_21
Signal0,1[0],1[0],1[0],88,0_21
Hybridindex,17.252[1.16929],17.2376[1.20114],17.265[1.13961],89,0_21
Pref0,0.85875[0.245812],0.848261[0.252802],0.868221[0.238929],89,0_21
Signal0,1[0],1[0],1[0],89,0_21
Hybridindex,17.296[1.17893],17.2759[1.17183],17.3173[1.18608],90,0_21
Pref0,0.86325[0.243771],0.872939[0.232756],0.852941[0.254564],90,0_21
Signal0,1[0],1[0],1[0],90,0_21
Hybridindex,17.2638[1.18039],17.228[1.17368],17.2995[1.18598],91,0_21
Pref0,0.864[0.239278],0.8665[0.235431],0.8615[0.243039],91,0_21
Signal0,1[0],1[0],1[0],91,0_21
Hybridindex,17.291[1.16139],17.3142[1.15459],17.2672[1.16783],92,0_21
Pref0,0.8635[0.245698],0.86413[0.244642],0.862854[0.246774],92,0_21
Signal0,1[0],1[0],1[0],92,0_21
Hybridindex,17.3242[1.14618],17.3131[1.16843],17.3357[1.12273],93,0_21
Pref0,0.87175[0.235429],0.867357[0.241031],0.876268[0.229438],93,0_21
Signal0,1[0],1[0],1[0],93,0_21
Hybridindex,17.2967[1.14927],17.3041[1.15359],17.2894[1.14486],94,0_21
Pref0,0.881[0.228777],0.875374[0.231863],0.88666[0.225489],94,0_21
Signal0,1[0],1[0],1[0],94,0_21
Hybridindex,17.2805[1.13063],17.2744[1.13295],17.2869[1.12815],95,0_21
Pref0,0.88325[0.225819],0.88623[0.227495],0.880123[0.224006],95,0_21
Signal0,1[0],1[0],1[0],95,0_21
Hybridindex,17.294[1.16857],17.3082[1.18928],17.2801[1.14783],96,0_21
Pref0,0.8735[0.23558],0.87247[0.241099],0.874506[0.230059],96,0_21
Signal0,1[0],1[0],1[0],96,0_21
Hybridindex,17.3133[1.15575],17.3377[1.14857],17.2876[1.16266],97,0_21
Pref0,0.87225[0.236759],0.869501[0.240821],0.875128[0.232396],97,0_21
Signal0,1[0],1[0],1[0],97,0_21
Hybridindex,17.2993[1.1737],17.3129[1.16696],17.2861[1.18],98,0_21
Pref0,0.86525[0.2418],0.864424[0.238856],0.866045[0.244598],98,0_21
Signal0,1[0],1[0],1[0],98,0_21
Hybridindex,17.2967[1.21215],17.2987[1.21391],17.2947[1.21035],99,0_21
Pref0,0.86275[0.244515],0.861523[0.246866],0.864004[0.242081],99,0_21
Signal0,1[0],1[0],1[0],99,0_21
Hybridindex,17.2778[1.2282],17.2545[1.24032],17.3008[1.21563],100,0_21
Pref0,0.86325[0.241194],0.858936[0.244273],0.86753[0.238023],100,0_21
Signal0,1[0],1[0],1[0],100,0_21
Hybridindex,12.37[8.23912],12.1608[8.2702],12.5771[8.20298],1,0_22
Pref0,0.6185[0.411956],0.60804[0.41351],0.628856[0.410149],1,0_22
Signal0,0.6185[0.411956],0.60804[0.41351],0.628856[0.410149],1,0_22
Hybridindex,15.229[6.08821],15.226[6.08569],15.2321[6.09077],2,0_22
Pref0,0.76525[0.333942],0.764618[0.335904],0.765893[0.331932],2,0_22
Signal0,0.7635[0.329117],0.759167[0.330147],0.767911[0.328006],2,0_22
Hybridindex,16.8953[4.02006],17.0005[3.9938],16.7848[4.04449],3,0_22
Pref0,0.84625[0.262175],0.858887[0.256477],0.832992[0.267383],3,0_22
Signal0,0.86825[0.24651],0.873047[0.241043],0.863217[0.25202],3,0_22
Hybridindex,17.5825[2.6093],17.5144[2.68046],17.6519[2.53291],4,0_22
Pref0,0.878[0.238466],0.874133[0.241844],0.881937[0.234911],4,0_22
Signal0,0.93375[0.171715],0.934093[0.172049],0.933401[0.171373],4,0_22
Hybridindex,17.8175[1.98247],17.7725[1.94972],17.8596[2.01174],5,0_22
Pref0,0.8775[0.23663],0.882627[0.231733],0.872701[0.241025],5,0_22
Signal0,0.96575[0.126301],0.96484[0.127843],0.966602[0.124834],5,0_22
Hybridindex,17.8765[1.66621],17.831[1.64753],17.9209[1.68306],6,0_22
Pref0,0.8825[0.229551],0.88664[0.222253],0.878458[0.236389],6,0_22
Signal0,0.97975[0.0998245],0.981275[0.0949302],0.978261[0.10436],6,0_22
Hybridindex,17.8953[1.47611],17.8862[1.48601],17.9039[1.46648],7,0_22
Pref0,0.8795[0.225233],0.884694[0.223539],0.87451[0.226736],7,0_22
Signal0,0.987[0.0795676],0.986224[0.0818413],0.987745[0.0773128],7,0_22
Hybridindex,17.8693[1.3993],17.8182[1.46223],17.9239[1.32645],8,0_22
Pref0,0.88275[0.228861],0.876209[0.228854],0.889752[0.228662],8,0_22
Signal0,0.99275[0.0597699],0.99323[0.0577848],0.992236[0.06182],8,0_22
Hybridindex,17.932[1.32065],17.9295[1.32359],17.9346[1.31758],9,0_22
Pref0,0.87775[0.228976],0.876223[0.233228],0.879346[0.224435],9,0_22
Signal0,0.99425[0.0533098],0.997065[0.0381981],0.991309[0.0653457],9,0_22
Hybridindex,17.9453[1.26881],17.9323[1.26219],17.9595[1.27592],10,0_22
Pref0,0.8805[0.22521],0.879886[0.228698],0.881178[0.221298],10,0_22
Signal0,0.99575[0.0459014],0.99714[0.0377062],0.994217[0.0534626],10,0_22
Hybridindex,17.987[1.25731],17.9811[1.27266],17.9933[1.24074],11,0_22
Pref0,0.888[0.229578],0.885063[0.233329],0.891125[0.225477],11,0_22
Signal0,0.996[0.0445421],0.997575[0.0347352],0.994324[0.0529694],11,0_22
Hybridindex,18.026[1.23119],18.0299[1.24193],18.0221[1.22023],12,0_22
Pref0,0.8925[0.217241],0.89602[0.214833],0.888945[0.219589],12,0_22
Signal0,0.995[0.0497494],0.992537[0.0606272],0.997487[0.0353549],12,0_22
Hybridindex,17.9765[1.18351],17.9871[1.19211],17.9657[1.17458],13,0_22
Pref0,0.89375[0.219285],0.902475[0.2149],0.884848[0.223319],13,0_22
Signal0,0.998[0.0315595],0.998515[0.0272097],0.997475[0.0354436],13,0_22
Hybridindex,18.0025[1.18585],18.0184[1.17622],17.9873[1.19478],14,0_22
Pref0,0.89[0.217715],0.88741[0.2196],0.892473[0.215871],14,0_22
Signal0,0.99875[0.0249687],1[0],0.997556[0.0348701],14,0_22
Hybridindex,18.0095[1.20744],18.0235[1.21992],17.9961[1.19519],15,0_22
Pref0,0.891[0.218218],0.888662[0.222265],0.893242[0.214242],15,0_22
Signal0,0.9995[0.0158035],0.998979[0.0225761],1[0],15,0_22
Hybridindex,17.971[1.21436],17.9457[1.19318],17.996[1.23445],16,0_22
Pref0,0.8855[0.22336],0.888945[0.220731],0.88209[0.225882],16,0_22
Signal0,1[0],1[0],1[0],16,0_22
Hybridindex,17.958[1.19979],17.9585[1.21395],17.9575[1.18438],17,0_22
Pref0,0.8815[0.223512],0.873552[0.230275],0.890041[0.215683],17,0_22
Signal0,1[0],1[0],1[0],17,0_22
Hybridindex,17.951[1.19796],17.9634[1.18089],17.939[1.21414],18,0_22
Pref0,0.88075[0.232173],0.883638[0.225252],0.877953[0.238652],18,0_22
Signal0,1[0],1[0],1[0],18,0_22
Hybridindex,17.946[1.20264],17.925[1.20473],17.9673[1.20014],19,0_22
Pref0,0.882[0.226],0.876243[0.229188],0.887827[0.222576],19,0_22
Signal0,1[0],1[0],1[0],19,0_22
Hybridindex,17.9275[1.19006],17.9071[1.14414],17.9479[1.23402],20,0_22
Pref0,0.87875[0.227867],0.876124[0.228226],0.881381[0.227476],20,0_22
Signal0,1[0],1[0],1[0],20,0_22
Hybridindex,17.9415[1.15848],17.9136[1.17963],17.9692[1.13648],21,0_22
Pref0,0.8875[0.222697],0.886935[0.221983],0.88806[0.223399],21,0_22
Signal0,1[0],1[0],1[0],21,0_22
Hybridindex,17.9898[1.12484],18.0505[1.10553],17.929[1.1406],22,0_22
Pref0,0.8915[0.218467],0.883[0.229806],0.9[0.206155],22,0_22
Signal0,1[0],1[0],1[0],22,0_22
Hybridindex,17.9805[1.13814],18.0111[1.15329],17.9475[1.12063],23,0_22
Pref0,0.8935[0.214844],0.893064[0.217558],0.893971[0.211875],23,0_22
Signal0,1[0],1[0],1[0],23,0_22
Hybridindex,17.9587[1.1455],17.9581[1.14395],17.9594[1.14706],24,0_22
Pref0,0.8875[0.219303],0.888723[0.21965],0.886273[0.218947],24,0_22
Signal0,1[0],1[0],1[0],24,0_22
Hybridindex,17.9705[1.1365],17.9057[1.15295],18.0329[1.11689],25,0_22
Pref0,0.88825[0.223913],0.884811[0.226851],0.89156[0.220997],25,0_22
Signal0,1[0],1[0],1[0],25,0_22
Hybridindex,17.9647[1.11843],17.9634[1.11049],17.9661[1.12584],26,0_22
Pref0,0.89225[0.217979],0.903509[0.203752],0.881668[0.23005],26,0_22
Signal0,1[0],1[0],1[0],26,0_22
Hybridindex,17.9917[1.15664],18.0034[1.16073],17.9796[1.15223],27,0_22
Pref0,0.89525[0.215412],0.90098[0.20887],0.889286[0.22186],27,0_22
Signal0,1[0],1[0],1[0],27,0_22
Hybridindex,17.9805[1.14504],17.9913[1.09782],17.9703[1.18796],28,0_22
Pref0,0.89475[0.220335],0.896197[0.220985],0.893379[0.219708],28,0_22
Signal0,1[0],1[0],1[0],28,0_22
Hybridindex,17.998[1.11232],18.0121[1.11222],17.9841[1.11223],29,0_22
Pref0,0.90175[0.209695],0.900503[0.210646],0.902985[0.208742],29,0_22
Signal0,1[0],1[0],1[0],29,0_22
Hybridindex,18.0415[1.09489],18.0445[1.08194],18.0385[1.1077],30,0_22
Pref0,0.90575[0.203081],0.904595[0.205175],0.906907[0.200955],30,0_22
Signal0,1[0],1[0],1[0],30,0_22
Hybridindex,18.0203[1.12626],18.0508[1.11752],17.9863[1.13494],31,0_22
Pref0,0.90925[0.203444],0.901235[0.214012],0.918163[0.190613],31,0_22
Signal0,1[0],1[0],1[0],31,0_22
Hybridindex,18.0263[1.09974],18.0283[1.10656],18.0243[1.09327],32,0_22
Pref0,0.913[0.197309],0.911946[0.199694],0.913994[0.195027],32,0_22
Signal0,1[0],1[0],1[0],32,0_22
Hybridindex,18.0455[1.08682],18.0229[1.11221],18.0673[1.0613],33,0_22
Pref0,0.90975[0.201817],0.912933[0.196211],0.90668[0.207034],33,0_22
Signal0,1[0],1[0],1[0],33,0_22
Hybridindex,18.0287[1.0524],18.0404[1.06124],18.0171[1.0433],34,0_22
Pref0,0.91[0.200998],0.902792[0.210095],0.917252[0.191136],34,0_22
Signal0,1[0],1[0],1[0],34,0_22
Hybridindex,18.0365[1.03268],17.997[1.03817],18.0757[1.02569],35,0_22
Pref0,0.9095[0.204474],0.909137[0.20419],0.909861[0.204755],35,0_22
Signal0,1[0],1[0],1[0],35,0_22
Hybridindex,18.081[1.04961],18.1009[1.05383],18.0613[1.04504],36,0_22
Pref0,0.89925[0.209104],0.90261[0.206698],0.895916[0.211411],36,0_22
Signal0,1[0],1[0],1[0],36,0_22
Hybridindex,18.0807[1.07278],18.0714[1.07592],18.0902[1.0695],37,0_22
Pref0,0.89475[0.216327],0.904266[0.206568],0.885081[0.225401],37,0_22
Signal0,1[0],1[0],1[0],37,0_22
Hybridindex,18.1275[1.05035],18.1433[1.03576],18.1112[1.06494],38,0_22
Pref0,0.90475[0.207491],0.909852[0.199757],0.899492[0.215043],38,0_22
Signal0,1[0],1[0],1[0],38,0_22
Hybridindex,18.1472[1.06815],18.1362[1.05407],18.1573[1.08066],39,0_22
Pref0,0.89975[0.213483],0.889064[0.224771],0.909438[0.20222],39,0_22
Signal0,1[0],1[0],1[0],39,0_22
Hybridindex,18.1883[1.02771],18.203[1.01151],18.174[1.04293],40,0_22
Pref0,0.90625[0.202079],0.904883[0.20136],0.907571[0.202763],40,0_22
Signal0,1[0],1[0],1[0],40,0_22
Hybridindex,18.1447[1.03413],18.1588[1.00819],18.1319[1.05707],41,0_22
Pref0,0.89775[0.213705],0.899371[0.215587],0.896272[0.211964],41,0_22
Signal0,1[0],1[0],1[0],41,0_22
Hybridindex,18.1852[1.03117],18.1695[1.08365],18.2012[0.974916],42,0_22
Pref0,0.89825[0.208019],0.892147[0.212782],0.904427[0.202898],42,0_22
Signal0,1[0],1[0],1[0],42,0_22
Hybridindex,18.1737[1.03159],18.1687[1.05941],18.1789[1.00251],43,0_22
Pref0,0.901[0.209043],0.90377[0.206937],0.898185[0.211124],43,0_22
Signal0,1[0],1[0],1[0],43,0_22
Hybridindex,18.1857[1.01716],18.1998[1.00134],18.1711[1.0332],44,0_22
Pref0,0.90325[0.211576],0.901567[0.214228],0.905005[0.20876],44,0_22
Signal0,1[0],1[0],1[0],44,0_22
Hybridindex,18.181[1.02579],18.2025[1.01997],18.1593[1.03117],45,0_22
Pref0,0.907[0.205794],0.912935[0.198582],0.901005[0.212662],45,0_22
Signal0,1[0],1[0],1[0],45,0_22
Hybridindex,18.1722[1.04736],18.1883[1.01627],18.1567[1.07643],46,0_22
Pref0,0.906[0.207157],0.908122[0.206334],0.903941[0.207932],46,0_22
Signal0,1[0],1[0],1[0],46,0_22
Hybridindex,18.1358[1.05342],18.1068[1.06487],18.1674[1.03986],47,0_22
Pref0,0.9095[0.203862],0.911877[0.202694],0.906904[0.205098],47,0_22
Signal0,1[0],1[0],1[0],47,0_22
Hybridindex,18.124[1.05339],18.1113[1.02016],18.1361[1.08416],48,0_22
Pref0,0.9155[0.200897],0.901941[0.213407],0.928501[0.187202],48,0_22
Signal0,1[0],1[0],1[0],48,0_22
Hybridindex,18.1292[1.02709],18.1315[1.00324],18.1271[1.04936],49,0_22
Pref0,0.917[0.198396],0.918117[0.197086],0.915934[0.199634],49,0_22
Signal0,1[0],1[0],1[0],49,0_22
Hybridindex,18.1163[1.01396],18.1048[1.03667],18.1279[0.990263],50,0_22
Pref0,0.9075[0.201727],0.90566[0.201872],0.909366[0.201562],50,0_22
Signal0,1[0],1[0],1[0],50,0_22
Hybridindex,18.0715[1.03508],18.0562[1.02936],18.0867[1.0405],51,0_22
Pref0,0.91425[0.196906],0.919177[0.194667],0.909363[0.198981],51,0_22
Signal0,1[0],1[0],1[0],51,0_22
Hybridindex,18.0087[1.09945],17.9962[1.08867],18.0224[1.1109],52,0_22
Pref0,0.91625[0.19522],0.913148[0.198095],0.919624[0.191987],52,0_22
Signal0,1[0],1[0],1[0],52,0_22
Hybridindex,18.005[1.08373],18.0357[1.06914],17.9738[1.09748],53,0_22
Pref0,0.91175[0.197704],0.910218[0.198268],0.913306[0.197117],53,0_22
Signal0,1[0],1[0],1[0],53,0_22
Hybridindex,18.0285[1.05863],18.0569[1.04325],17.9979[1.0741],54,0_22
Pref0,0.9165[0.192426],0.914176[0.194826],0.919003[0.189776],54,0_22
Signal0,1[0],1[0],1[0],54,0_22
Hybridindex,18.025[1.05647],18.0155[1.05531],18.0346[1.05755],55,0_22
Pref0,0.9295[0.179666],0.927717[0.182782],0.931294[0.176457],55,0_22
Signal0,1[0],1[0],1[0],55,0_22
Hybridindex,18.0437[1.02967],18.0094[1.00848],18.0786[1.04961],56,0_22
Pref0,0.93075[0.180498],0.933532[0.182429],0.927923[0.178469],56,0_22
Signal0,1[0],1[0],1[0],56,0_22
Hybridindex,17.994[1.04915],18.0306[1.03951],17.9565[1.05762],57,0_22
Pref0,0.92475[0.184289],0.929348[0.179752],0.92004[0.188708],57,0_22
Signal0,1[0],1[0],1[0],57,0_22
Hybridindex,17.985[1.08629],18.001[1.08915],17.9689[1.08316],58,0_22
Pref0,0.93125[0.1793],0.931275[0.180631],0.931225[0.177948],58,0_22
Signal0,1[0],1[0],1[0],58,0_22
Hybridindex,17.974[1.07962],17.9527[1.09111],17.9969[1.06668],59,0_22
Pref0,0.93375[0.176737],0.931401[0.178911],0.936269[0.17434],59,0_22
Signal0,1[0],1[0],1[0],59,0_22
Hybridindex,17.9587[1.07804],17.9187[1.11312],17.9971[1.04193],60,0_22
Pref0,0.934[0.179287],0.93047[0.180241],0.937378[0.178305],60,0_22
Signal0,1[0],1[0],1[0],60,0_22
Hybridindex,18.0113[1.07156],17.9678[1.09247],18.0528[1.04948],61,0_22
Pref0,0.9355[0.170557],0.927403[0.177594],0.943249[0.163165],61,0_22
Signal0,1[0],1[0],1[0],61,0_22
Hybridindex,18.0215[1.06056],18.0213[1.07416],18.0217[1.04783],62,0_22
Pref0,0.936[0.171476],0.942768[0.165595],0.92974[0.17651],62,0_22
Signal0,1[0],1[0],1[0],62,0_22
Hybridindex,18.0192[1.05984],18.0545[1.03307],17.9847[1.08432],63,0_22
Pref0,0.9405[0.1687],0.940404[0.166618],0.940594[0.170717],63,0_22
Signal0,1[0],1[0],1[0],63,0_22
Hybridindex,18.0595[1.02455],18.0603[1.02245],18.0588[1.02657],64,0_22
Pref0,0.93925[0.171565],0.938202[0.170654],0.940255[0.172427],64,0_22
Signal0,1[0],1[0],1[0],64,0_22
Hybridindex,18.0575[1.03051],18.0514[1.03399],18.064[1.02675],65,0_22
Pref0,0.9375[0.168356],0.938894[0.168148],0.936017[0.168564],65,0_22
Signal0,1[0],1[0],1[0],65,0_22
Hybridindex,18.0983[1.03391],18.0807[1.04714],18.1169[1.01937],66,0_22
Pref0,0.935[0.171099],0.933916[0.170765],0.936148[0.171446],66,0_22
Signal0,1[0],1[0],1[0],66,0_22
Hybridindex,18.1133[1.01762],18.1177[1.022],18.1088[1.01313],67,0_22
Pref0,0.937[0.16965],0.937438[0.166924],0.936556[0.172369],67,0_22
Signal0,1[0],1[0],1[0],67,0_22
Hybridindex,18.1122[1.00798],18.0674[1.02508],18.1566[0.9888],68,0_22
Pref0,0.938[0.174373],0.938129[0.177862],0.937873[0.170856],68,0_22
Signal0,1[0],1[0],1[0],68,0_22
Hybridindex,18.1013[1.02671],18.0876[1.01444],18.1147[1.03849],69,0_22
Pref0,0.94125[0.167103],0.944109[0.162272],0.938431[0.171687],69,0_22
Signal0,1[0],1[0],1[0],69,0_22
Hybridindex,18.087[1.03038],18.11[1.02987],18.0634[1.03036],70,0_22
Pref0,0.936[0.175083],0.938363[0.171712],0.93357[0.178451],70,0_22
Signal0,1[0],1[0],1[0],70,0_22
Hybridindex,18.077[1.02057],18.0908[1.03363],18.063[1.00694],71,0_22
Pref0,0.942[0.16473],0.94246[0.16566],0.941532[0.163779],71,0_22
Signal0,1[0],1[0],1[0],71,0_22
Hybridindex,18.0725[0.991839],18.077[1.01393],18.068[0.969541],72,0_22
Pref0,0.9425[0.167164],0.946626[0.163888],0.938431[0.170235],72,0_22
Signal0,1[0],1[0],1[0],72,0_22
Hybridindex,18.0607[1.04579],18.0506[1.07732],18.0705[1.01455],73,0_22
Pref0,0.9355[0.172017],0.934116[0.176507],0.936827[0.167587],73,0_22
Signal0,1[0],1[0],1[0],73,0_22
Hybridindex,18.0775[1.03875],18.0709[1.08413],18.0838[0.993155],74,0_22
Pref0,0.92675[0.181685],0.92602[0.18179],0.927451[0.181582],74,0_22
Signal0,1[0],1[0],1[0],74,0_22
Hybridindex,18.1122[1.00001],18.1233[0.99474],18.101[1.00524],75,0_22
Pref0,0.93025[0.181686],0.934158[0.179028],0.926263[0.184274],75,0_22
Signal0,1[0],1[0],1[0],75,0_22
Hybridindex,18.117[1.02935],18.1282[1.02731],18.1048[1.03142],76,0_22
Pref0,0.93325[0.174412],0.925552[0.184616],0.941606[0.162199],76,0_22
Signal0,1[0],1[0],1[0],76,0_22
Hybridindex,18.1017[1.04798],18.1372[1.02196],18.0645[1.07335],77,0_22
Pref0,0.934[0.175767],0.933105[0.174463],0.934939[0.17712],77,0_22
Signal0,1[0],1[0],1[0],77,0_22
Hybridindex,18.0942[1.03537],18.1056[1.00932],18.0828[1.06086],78,0_22
Pref0,0.931[0.176746],0.934263[0.171881],0.927711[0.181458],78,0_22
Signal0,1[0],1[0],1[0],78,0_22
Hybridindex,18.1077[1.03912],18.1266[1.02312],18.0888[1.05462],79,0_22
Pref0,0.936[0.173649],0.928215[0.179541],0.943831[0.167148],79,0_22
Signal0,1[0],1[0],1[0],79,0_22
Hybridindex,18.0865[1.07006],18.0752[1.05246],18.0982[1.08784],80,0_22
Pref0,0.93125[0.178601],0.934612[0.172897],0.927772[0.184252],80,0_22
Signal0,1[0],1[0],1[0],80,0_22
Hybridindex,18.1345[1.0672],18.1413[1.07883],18.1277[1.05553],81,0_22
Pref0,0.9335[0.175578],0.927062[0.179318],0.939861[0.171566],81,0_22
Signal0,1[0],1[0],1[0],81,0_22
Hybridindex,18.1212[1.05874],18.1358[1.05303],18.1059[1.06452],82,0_22
Pref0,0.93325[0.173694],0.934275[0.171804],0.932169[0.175659],82,0_22
Signal0,1[0],1[0],1[0],82,0_22
Hybridindex,18.1382[1.02799],18.1433[1.00251],18.1332[1.05273],83,0_22
Pref0,0.93225[0.177581],0.928357[0.183562],0.936128[0.171329],83,0_22
Signal0,1[0],1[0],1[0],83,0_22
Hybridindex,18.1593[1.00375],18.1961[0.989252],18.1205[1.01733],84,0_22
Pref0,0.929[0.184957],0.932683[0.184404],0.925128[0.185457],84,0_22
Signal0,1[0],1[0],1[0],84,0_22
Hybridindex,18.2037[1.00342],18.1966[0.991928],18.2113[1.01544],85,0_22
Pref0,0.924[0.187681],0.923786[0.185041],0.924227[0.190444],85,0_22
Signal0,1[0],1[0],1[0],85,0_22
Hybridindex,18.2037[1.00591],18.2102[0.971444],18.1972[1.03993],86,0_22
Pref0,0.9195[0.188467],0.9273[0.183133],0.911527[0.193443],86,0_22
Signal0,1[0],1[0],1[0],86,0_22
Hybridindex,18.2275[1.0139],18.2383[0.989753],18.2166[1.03751],87,0_22
Pref0,0.91425[0.200055],0.912762[0.202469],0.915747[0.197585],87,0_22
Signal0,1[0],1[0],1[0],87,0_22
Hybridindex,18.1965[1.01088],18.2332[0.991134],18.164[1.02695],88,0_22
Pref0,0.91575[0.195645],0.914271[0.199437],0.917059[0.192217],88,0_22
Signal0,1[0],1[0],1[0],88,0_22
Hybridindex,18.1432[1.00641],18.1193[1.00306],18.1687[1.00933],89,0_22
Pref0,0.9195[0.1937],0.916586[0.198995],0.922601[0.187854],89,0_22
Signal0,1[0],1[0],1[0],89,0_22
Hybridindex,18.162[0.972885],18.1815[0.96601],18.1424[0.979363],90,0_22
Pref0,0.92425[0.188777],0.925224[0.187846],0.92327[0.189705],90,0_22
Signal0,1[0],1[0],1[0],90,0_22
Hybridindex,18.1755[0.973113],18.2017[0.979831],18.1499[0.965809],91,0_22
Pref0,0.9295[0.178969],0.926694[0.186597],0.932245[0.171133],91,0_22
Signal0,1[0],1[0],1[0],91,0_22
Hybridindex,18.2045[0.960302],18.1928[0.961148],18.2166[0.959272],92,0_22
Pref0,0.93275[0.179172],0.931305[0.184512],0.934251[0.173438],92,0_22
Signal0,1[0],1[0],1[0],92,0_22
Hybridindex,18.2275[0.953412],18.274[0.933116],18.1819[0.970771],93,0_22
Pref0,0.932[0.178539],0.930878[0.178329],0.933102[0.178737],93,0_22
Signal0,1[0],1[0],1[0],93,0_22
Hybridindex,18.2013[0.963002],18.2198[0.96867],18.1823[0.956815],94,0_22
Pref0,0.93025[0.178913],0.933663[0.175351],0.926768[0.18241],94,0_22
Signal0,1[0],1[0],1[0],94,0_22
Hybridindex,18.2142[0.958369],18.1949[0.956954],18.2342[0.959418],95,0_22
Pref0,0.929[0.182918],0.922736[0.191309],0.935467[0.173592],95,0_22
Signal0,1[0],1[0],1[0],95,0_22
Hybridindex,18.2405[0.940298],18.2102[0.925858],18.2707[0.953532],96,0_22
Pref0,0.93125[0.1793],0.927928[0.181228],0.934565[0.177292],96,0_22
Signal0,1[0],1[0],1[0],96,0_22
Hybridindex,18.2557[0.941789],18.2596[0.949566],18.2518[0.933756],97,0_22
Pref0,0.9345[0.175954],0.939664[0.174597],0.929221[0.177174],97,0_22
Signal0,1[0],1[0],1[0],97,0_22
Hybridindex,18.254[0.970816],18.2733[0.96803],18.2348[0.973198],98,0_22
Pref0,0.935[0.176847],0.932297[0.185156],0.937687[0.168139],98,0_22
Signal0,1[0],1[0],1[0],98,0_22
Hybridindex,18.295[0.95811],18.2792[0.965629],18.3111[0.950108],99,0_22
Pref0,0.933[0.176099],0.926238[0.182813],0.939899[0.168697],99,0_22
Signal0,1[0],1[0],1[0],99,0_22
Hybridindex,18.2653[0.940222],18.2555[0.962391],18.275[0.917506],100,0_22
Pref0,0.92575[0.18537],0.928357[0.184921],0.923154[0.185779],100,0_22
Signal0,1[0],1[0],1[0],100,0_22
Hybridindex,12.55[8.26423],12.2233[8.33084],12.8728[8.18509],1,0_23
Pref0,0.6275[0.413212],0.611167[0.416542],0.643638[0.409255],1,0_23
Signal0,0.6275[0.413212],0.611167[0.416542],0.643638[0.409255],1,0_23
Hybridindex,15.5192[5.97279],15.4457[6.04604],15.5933[5.89726],2,0_23
Pref0,0.7815[0.321337],0.782154[0.326849],0.780843[0.315695],2,0_23
Signal0,0.77325[0.326281],0.767198[0.331754],0.779338[0.320566],2,0_23
Hybridindex,17.2467[3.6708],17.26[3.59666],17.2342[3.73963],3,0_23
Pref0,0.86025[0.247174],0.860226[0.253426],0.860273[0.241101],3,0_23
Signal0,0.8765[0.239265],0.884378[0.229487],0.869036[0.247943],3,0_23
Hybridindex,17.813[2.43234],17.8262[2.41092],17.8001[2.45297],4,0_23
Pref0,0.89575[0.212148],0.895643[0.212934],0.895854[0.211381],4,0_23
Signal0,0.93[0.176352],0.930091[0.174854],0.929911[0.1778],4,0_23
Hybridindex,18.0162[1.76702],17.9635[1.80698],18.0689[1.72461],5,0_23
Pref0,0.90575[0.204919],0.907407[0.207914],0.904096[0.201872],5,0_23
Signal0,0.96825[0.12193],0.966967[0.124199],0.96953[0.119609],5,0_23
Hybridindex,18.1055[1.49912],18.1203[1.50019],18.0913[1.49796],6,0_23
Pref0,0.9105[0.19872],0.909786[0.197502],0.911187[0.199883],6,0_23
Signal0,0.98625[0.0817676],0.987258[0.0787952],0.98528[0.084519],6,0_23
Hybridindex,18.096[1.36172],18.1104[1.34125],18.0813[1.38214],7,0_23
Pref0,0.91[0.205913],0.908911[0.205421],0.911111[0.206407],7,0_23
Signal0,0.9935[0.056637],0.993564[0.0563596],0.993434[0.0569185],7,0_23
Hybridindex,18.0925[1.28382],18.1226[1.26688],18.065[1.29847],8,0_23
Pref0,0.92325[0.1857],0.928197[0.178309],0.918738[0.192082],8,0_23
Signal0,0.994[0.0544426],0.995283[0.0483347],0.99283[0.0594447],8,0_23
Hybridindex,18.0748[1.2434],18.0922[1.20244],18.0562[1.2852],9,0_23
Pref0,0.91975[0.190879],0.927184[0.180449],0.911856[0.201063],9,0_23
Signal0,0.99475[0.0509651],0.995146[0.0490267],0.99433[0.0529424],9,0_23
Hybridindex,18.1075[1.22002],18.106[1.22201],18.109[1.21805],10,0_23
Pref0,0.92475[0.186982],0.918264[0.19291],0.93112[0.180745],10,0_23
Signal0,0.997[0.0386135],0.994955[0.0499725],0.999009[0.0222387],10,0_23
Hybridindex,18.139[1.21241],18.1861[1.1973],18.0899[1.22603],11,0_23
Pref0,0.92675[0.186439],0.920666[0.191836],0.933095[0.18042],11,0_23
Signal0,0.9995[0.0158035],0.99951[0.0156403],0.999489[0.0159719],11,0_23
Hybridindex,18.1955[1.15868],18.1723[1.17063],18.2177[1.14668],12,0_23
Pref0,0.926[0.185132],0.921779[0.189893],0.930039[0.180367],12,0_23
Signal0,0.99975[0.0111775],1[0],0.999511[0.0156326],12,0_23
Hybridindex,18.1588[1.14025],18.1446[1.16646],18.1728[1.11347],13,0_23
Pref0,0.93[0.179861],0.925703[0.182029],0.934263[0.177582],13,0_23
Signal0,1[0],1[0],1[0],13,0_23
Hybridindex,18.138[1.13895],18.1508[1.14496],18.126[1.13315],14,0_23
Pref0,0.93825[0.171936],0.942149[0.166268],0.934593[0.17701],14,0_23
Signal0,1[0],1[0],1[0],14,0_23
Hybridindex,18.1318[1.17144],18.1607[1.17303],18.1037[1.16922],15,0_23
Pref0,0.93575[0.173916],0.933876[0.175283],0.937561[0.172566],15,0_23
Signal0,1[0],1[0],1[0],15,0_23
Hybridindex,18.1453[1.1499],18.1471[1.16213],18.1433[1.13696],16,0_23
Pref0,0.93425[0.175505],0.935973[0.171407],0.932446[0.179677],16,0_23
Signal0,1[0],1[0],1[0],16,0_23
Hybridindex,18.1358[1.12681],18.13[1.13924],18.1418[1.11362],17,0_23
Pref0,0.9345[0.175954],0.938905[0.171052],0.929887[0.18083],17,0_23
Signal0,1[0],1[0],1[0],17,0_23
Hybridindex,18.0998[1.14069],18.121[1.156],18.0791[1.12516],18,0_23
Pref0,0.9295[0.18036],0.932186[0.174127],0.926877[0.186206],18,0_23
Signal0,1[0],1[0],1[0],18,0_23
Hybridindex,18.0858[1.1438],18.1018[1.1301],18.0701[1.15677],19,0_23
Pref0,0.931[0.178154],0.926039[0.185876],0.935834[0.170155],19,0_23
Signal0,1[0],1[0],1[0],19,0_23
Hybridindex,18.1343[1.13153],18.143[1.1288],18.1247[1.13441],20,0_23
Pref0,0.93225[0.178983],0.932342[0.177907],0.93215[0.180147],20,0_23
Signal0,1[0],1[0],1[0],20,0_23
Hybridindex,18.1605[1.09818],18.1435[1.10935],18.1775[1.08662],21,0_23
Pref0,0.927[0.182814],0.9275[0.18026],0.9265[0.185331],21,0_23
Signal0,1[0],1[0],1[0],21,0_23
Hybridindex,18.1528[1.08249],18.146[1.0824],18.1603[1.08255],22,0_23
Pref0,0.93325[0.174412],0.933649[0.173766],0.932804[0.175128],22,0_23
Signal0,1[0],1[0],1[0],22,0_23
Hybridindex,18.1582[1.07079],18.1809[1.0961],18.1352[1.04388],23,0_23
Pref0,0.92675[0.184416],0.931615[0.182976],0.921796[0.185741],23,0_23
Signal0,1[0],1[0],1[0],23,0_23
Hybridindex,18.1795[1.09203],18.1491[1.10097],18.2114[1.08167],24,0_23
Pref0,0.92675[0.185093],0.935973[0.172827],0.917093[0.196657],24,0_23
Signal0,1[0],1[0],1[0],24,0_23
Hybridindex,18.1562[1.09314],18.1353[1.09341],18.1756[1.09254],25,0_23
Pref0,0.9355[0.173464],0.929761[0.179631],0.940808[0.167383],25,0_23
Signal0,1[0],1[0],1[0],25,0_23
Hybridindex,18.1648[1.05379],18.1637[1.03837],18.1657[1.06756],26,0_23
Pref0,0.93625[0.17553],0.934211[0.179585],0.938095[0.171759],26,0_23
Signal0,1[0],1[0],1[0],26,0_23
Hybridindex,18.1487[1.05],18.1908[1.02421],18.1066[1.07357],27,0_23
Pref0,0.936[0.173649],0.935564[0.173389],0.936436[0.173908],27,0_23
Signal0,1[0],1[0],1[0],27,0_23
Hybridindex,18.1427[1.02774],18.1652[1.03898],18.1207[1.01605],28,0_23
Pref0,0.94375[0.164198],0.947633[0.157961],0.939921[0.170038],28,0_23
Signal0,1[0],1[0],1[0],28,0_23
Hybridindex,18.172[1.03787],18.1635[1.00668],18.1806[1.06862],29,0_23
Pref0,0.94125[0.170802],0.937066[0.174584],0.94551[0.166757],29,0_23
Signal0,1[0],1[0],1[0],29,0_23
Hybridindex,18.18[1.04635],18.1627[1.04187],18.1972[1.05049],30,0_23
Pref0,0.94325[0.164026],0.942269[0.164434],0.944223[0.163614],30,0_23
Signal0,1[0],1[0],1[0],30,0_23
Hybridindex,18.1593[1.05748],18.185[1.05443],18.1321[1.06001],31,0_23
Pref0,0.9495[0.153947],0.945959[0.158347],0.953237[0.149071],31,0_23
Signal0,1[0],1[0],1[0],31,0_23
Hybridindex,18.1223[1.08106],18.1077[1.08692],18.1378[1.07451],32,0_23
Pref0,0.9415[0.167564],0.94058[0.1691],0.942487[0.165895],32,0_23
Signal0,1[0],1[0],1[0],32,0_23
Hybridindex,18.11[1.034],18.0696[1.03372],18.1491[1.03276],33,0_23
Pref0,0.9365[0.168724],0.935976[0.167072],0.937008[0.170307],33,0_23
Signal0,1[0],1[0],1[0],33,0_23
Hybridindex,18.161[1.03758],18.1779[1.03497],18.1449[1.03981],34,0_23
Pref0,0.93675[0.175711],0.936923[0.170582],0.936585[0.180455],34,0_23
Signal0,1[0],1[0],1[0],34,0_23
Hybridindex,18.1395[1.04429],18.1424[1.05941],18.1365[1.02824],35,0_23
Pref0,0.9385[0.170199],0.942759[0.16523],0.934049[0.175131],35,0_23
Signal0,1[0],1[0],1[0],35,0_23
Hybridindex,18.1477[1.03576],18.1551[1.02393],18.1406[1.04717],36,0_23
Pref0,0.9395[0.166852],0.937879[0.170944],0.941089[0.162727],36,0_23
Signal0,1[0],1[0],1[0],36,0_23
Hybridindex,18.121[1.04456],18.1311[1.0381],18.1108[1.05097],37,0_23
Pref0,0.94675[0.16214],0.940914[0.170385],0.952669[0.1531],37,0_23
Signal0,1[0],1[0],1[0],37,0_23
Hybridindex,18.0915[1.02732],18.0709[1.06123],18.1122[0.991664],38,0_23
Pref0,0.946[0.156793],0.945609[0.157277],0.946393[0.156304],38,0_23
Signal0,1[0],1[0],1[0],38,0_23
Hybridindex,18.0497[1.07501],18.0624[1.07102],18.0376[1.07867],39,0_23
Pref0,0.94925[0.155883],0.952917[0.149493],0.945748[0.161672],39,0_23
Signal0,1[0],1[0],1[0],39,0_23
Hybridindex,18.073[1.03546],18.1017[1.01804],18.0458[1.05096],40,0_23
Pref0,0.94975[0.153623],0.950668[0.154188],0.94888[0.15308],40,0_23
Signal0,1[0],1[0],1[0],40,0_23
Hybridindex,18.075[1.02317],18.0561[1.01784],18.0936[1.02803],41,0_23
Pref0,0.95925[0.138616],0.959596[0.13627],0.958911[0.140877],41,0_23
Signal0,1[0],1[0],1[0],41,0_23
Hybridindex,18.048[1.02235],18.0441[1.05811],18.0517[0.987117],42,0_23
Pref0,0.95875[0.139368],0.956923[0.142111],0.960488[0.136685],42,0_23
Signal0,1[0],1[0],1[0],42,0_23
Hybridindex,18.0113[1.03114],17.989[1.02596],18.0334[1.03578],43,0_23
Pref0,0.95875[0.137562],0.962349[0.131938],0.955179[0.142834],43,0_23
Signal0,1[0],1[0],1[0],43,0_23
Hybridindex,18.059[1.01981],18.0533[1.00094],18.0647[1.03842],44,0_23
Pref0,0.9575[0.142982],0.962114[0.134188],0.952859[0.151172],44,0_23
Signal0,1[0],1[0],1[0],44,0_23
Hybridindex,18.054[1.03336],18.0453[1.03268],18.0626[1.03396],45,0_23
Pref0,0.95625[0.146496],0.958207[0.143737],0.95432[0.149141],45,0_23
Signal0,1[0],1[0],1[0],45,0_23
Hybridindex,18.0605[1.02815],18.0658[1.02318],18.0551[1.03316],46,0_23
Pref0,0.95725[0.144213],0.959406[0.141895],0.955051[0.146507],46,0_23
Signal0,1[0],1[0],1[0],46,0_23
Hybridindex,18.0087[1.00464],17.9959[1.02627],18.0212[0.982989],47,0_23
Pref0,0.95875[0.14115],0.964503[0.132298],0.953156[0.149043],47,0_23
Signal0,1[0],1[0],1[0],47,0_23
Hybridindex,18.0167[0.995663],17.9612[1.02995],18.0687[0.95955],48,0_23
Pref0,0.95875[0.142911],0.957601[0.146527],0.959826[0.139432],48,0_23
Signal0,1[0],1[0],1[0],48,0_23
Hybridindex,18.0242[1.01798],17.995[1.02458],18.0532[1.01058],49,0_23
Pref0,0.956[0.144271],0.953722[0.14663],0.95825[0.141865],49,0_23
Signal0,1[0],1[0],1[0],49,0_23
Hybridindex,18.0093[1.02423],17.9878[1.05535],18.0318[0.989957],50,0_23
Pref0,0.9555[0.144982],0.957561[0.141089],0.953333[0.148934],50,0_23
Signal0,1[0],1[0],1[0],50,0_23
Hybridindex,17.9602[1.01393],17.9611[1.00282],17.9594[1.02444],51,0_23
Pref0,0.9505[0.15508],0.949387[0.157448],0.951566[0.152771],51,0_23
Signal0,1[0],1[0],1[0],51,0_23
Hybridindex,17.9495[1.00645],17.9807[0.981719],17.9176[1.03015],52,0_23
Pref0,0.9535[0.146928],0.956479[0.142692],0.950455[0.151074],52,0_23
Signal0,1[0],1[0],1[0],52,0_23
Hybridindex,17.949[1.01963],17.9468[1.00428],17.9511[1.03437],53,0_23
Pref0,0.947[0.157927],0.950355[0.152876],0.943731[0.162631],53,0_23
Signal0,1[0],1[0],1[0],53,0_23
Hybridindex,17.9357[1.02457],17.936[1.0488],17.9355[1.00015],54,0_23
Pref0,0.9495[0.155563],0.94506[0.162688],0.953869[0.148086],54,0_23
Signal0,1[0],1[0],1[0],54,0_23
Hybridindex,17.9387[1.06882],17.9133[1.0885],17.9632[1.04898],55,0_23
Pref0,0.951[0.151984],0.951531[0.147937],0.95049[0.155771],55,0_23
Signal0,1[0],1[0],1[0],55,0_23
Hybridindex,17.9642[1.05432],17.9596[1.06638],17.9687[1.04263],56,0_23
Pref0,0.95325[0.148961],0.952965[0.151125],0.953523[0.14686],56,0_23
Signal0,1[0],1[0],1[0],56,0_23
Hybridindex,17.967[1.05162],17.9679[1.0588],17.966[1.04398],57,0_23
Pref0,0.95575[0.145489],0.955739[0.143728],0.955761[0.147328],57,0_23
Signal0,1[0],1[0],1[0],57,0_23
Hybridindex,17.9612[1.05954],17.9446[1.08745],17.9789[1.02884],58,0_23
Pref0,0.95625[0.143913],0.951895[0.150699],0.960865[0.136201],58,0_23
Signal0,1[0],1[0],1[0],58,0_23
Hybridindex,17.96[1.04518],17.9585[1.01931],17.9615[1.07047],59,0_23
Pref0,0.958[0.143129],0.952547[0.153207],0.963463[0.132037],59,0_23
Signal0,1[0],1[0],1[0],59,0_23
Hybridindex,17.9728[1.05066],17.9053[1.06156],18.0371[1.03605],60,0_23
Pref0,0.9545[0.148929],0.957011[0.141979],0.952102[0.155238],60,0_23
Signal0,1[0],1[0],1[0],60,0_23
Hybridindex,17.9498[1.064],17.9478[1.03806],17.9516[1.08868],61,0_23
Pref0,0.95525[0.147046],0.95542[0.147723],0.955084[0.146382],61,0_23
Signal0,1[0],1[0],1[0],61,0_23
Hybridindex,17.9228[1.04482],17.9286[1.05435],17.9165[1.03458],62,0_23
Pref0,0.95[0.151658],0.954854[0.144983],0.944845[0.158274],62,0_23
Signal0,1[0],1[0],1[0],62,0_23
Hybridindex,17.9367[1.03253],17.9021[1.03522],17.9718[1.02862],63,0_23
Pref0,0.9495[0.153947],0.946322[0.159526],0.952716[0.148017],63,0_23
Signal0,1[0],1[0],1[0],63,0_23
Hybridindex,17.9327[1.04096],17.9122[1.06466],17.9534[1.01619],64,0_23
Pref0,0.947[0.157927],0.946607[0.159194],0.947395[0.156644],64,0_23
Signal0,1[0],1[0],1[0],64,0_23
Hybridindex,17.9327[1.09412],17.9274[1.08297],17.9381[1.10509],65,0_23
Pref0,0.94475[0.160694],0.947395[0.155036],0.942116[0.166095],65,0_23
Signal0,1[0],1[0],1[0],65,0_23
Hybridindex,17.9413[1.06744],17.9428[1.07756],17.9396[1.05656],66,0_23
Pref0,0.945[0.164241],0.942774[0.168071],0.947368[0.16003],66,0_23
Signal0,1[0],1[0],1[0],66,0_23
Hybridindex,17.9318[1.04354],17.964[1.05371],17.8996[1.03228],67,0_23
Pref0,0.948[0.156672],0.944444[0.163381],0.951548[0.149592],67,0_23
Signal0,1[0],1[0],1[0],67,0_23
Hybridindex,17.9213[1.05956],17.9108[1.06348],17.9315[1.05564],68,0_23
Pref0,0.9425[0.165662],0.940669[0.170844],0.94428[0.160441],68,0_23
Signal0,1[0],1[0],1[0],68,0_23
Hybridindex,17.9205[1.06885],17.9009[1.066],17.9405[1.07136],69,0_23
Pref0,0.94075[0.166926],0.947968[0.154286],0.933401[0.178582],69,0_23
Signal0,1[0],1[0],1[0],69,0_23
Hybridindex,17.9485[1.05385],17.923[1.04676],17.9743[1.06035],70,0_23
Pref0,0.94275[0.165371],0.938867[0.169757],0.94668[0.160714],70,0_23
Signal0,1[0],1[0],1[0],70,0_23
Hybridindex,17.9228[1.00817],17.9578[1.00762],17.8881[1.00751],71,0_23
Pref0,0.9505[0.15508],0.949246[0.159102],0.951741[0.150982],71,0_23
Signal0,1[0],1[0],1[0],71,0_23
Hybridindex,17.9028[1.00991],17.8959[1.02685],17.9099[0.991816],72,0_23
Pref0,0.95125[0.154914],0.955034[0.148079],0.947288[0.161668],72,0_23
Signal0,1[0],1[0],1[0],72,0_23
Hybridindex,17.921[1.03066],17.9756[1.01882],17.8615[1.04016],73,0_23
Pref0,0.9505[0.15508],0.947267[0.159697],0.954023[0.149807],73,0_23
Signal0,1[0],1[0],1[0],73,0_23
Hybridindex,17.9035[1.05756],17.8876[1.07168],17.9193[1.04313],74,0_23
Pref0,0.949[0.155399],0.952309[0.14857],0.945717[0.161823],74,0_23
Signal0,1[0],1[0],1[0],74,0_23
Hybridindex,17.9522[1.0273],17.9151[1.03096],17.9904[1.02213],75,0_23
Pref0,0.948[0.155872],0.949161[0.152737],0.946809[0.159016],75,0_23
Signal0,1[0],1[0],1[0],75,0_23
Hybridindex,17.9767[1.03106],17.9878[1.05131],17.9661[1.01103],76,0_23
Pref0,0.94525[0.163179],0.944501[0.161854],0.945972[0.164444],76,0_23
Signal0,1[0],1[0],1[0],76,0_23
Hybridindex,17.9465[1.01693],17.9314[1.01688],17.962[1.01674],77,0_23
Pref0,0.9565[0.146143],0.953603[0.150088],0.959473[0.141918],77,0_23
Signal0,1[0],1[0],1[0],77,0_23
Hybridindex,17.9695[0.996027],17.9754[0.987941],17.9637[1.00393],78,0_23
Pref0,0.9615[0.137905],0.962312[0.139405],0.960697[0.136398],78,0_23
Signal0,1[0],1[0],1[0],78,0_23
Hybridindex,17.958[1.01439],17.9841[0.979829],17.9315[1.04767],79,0_23
Pref0,0.96[0.141067],0.962302[0.133881],0.957661[0.147976],79,0_23
Signal0,1[0],1[0],1[0],79,0_23
Hybridindex,17.9513[1.04367],17.9336[1.02639],17.9679[1.05949],80,0_23
Pref0,0.96475[0.131842],0.968107[0.126326],0.961576[0.136779],80,0_23
Signal0,1[0],1[0],1[0],80,0_23
Hybridindex,17.933[1.03248],17.9193[1.02857],17.9472[1.03631],81,0_23
Pref0,0.961[0.134086],0.961122[0.133894],0.960874[0.134284],81,0_23
Signal0,1[0],1[0],1[0],81,0_23
Hybridindex,17.9047[1.02093],17.9279[1.03673],17.8826[1.00508],82,0_23
Pref0,0.9605[0.135793],0.95501[0.144852],0.965753[0.126295],82,0_23
Signal0,1[0],1[0],1[0],82,0_23
Hybridindex,17.9187[1.03526],17.9376[1.05091],17.8992[1.01842],83,0_23
Pref0,0.96325[0.133321],0.963654[0.131693],0.962831[0.134986],83,0_23
Signal0,1[0],1[0],1[0],83,0_23
Hybridindex,17.9002[1.02466],17.8943[1.0357],17.906[1.01382],84,0_23
Pref0,0.96175[0.136609],0.962907[0.132962],0.96063[0.140041],84,0_23
Signal0,1[0],1[0],1[0],84,0_23
Hybridindex,17.9073[0.988191],17.9064[0.969203],17.908[1.00603],85,0_23
Pref0,0.96625[0.12742],0.965746[0.126307],0.966732[0.128475],85,0_23
Signal0,1[0],1[0],1[0],85,0_23
Hybridindex,17.91[1.01607],17.9213[0.984976],17.8984[1.04708],86,0_23
Pref0,0.96925[0.121159],0.969488[0.121725],0.969004[0.12057],86,0_23
Signal0,1[0],1[0],1[0],86,0_23
Hybridindex,17.887[1.01574],17.8872[1.04106],17.8868[0.989933],87,0_23
Pref0,0.971[0.116872],0.968405[0.121652],0.973579[0.111858],87,0_23
Signal0,1[0],1[0],1[0],87,0_23
Hybridindex,17.8738[1.03896],17.8578[1.04698],17.8902[1.03036],88,0_23
Pref0,0.9725[0.116163],0.975394[0.110407],0.969512[0.121748],88,0_23
Signal0,1[0],1[0],1[0],88,0_23
Hybridindex,17.8392[1.03913],17.816[1.08095],17.8612[0.997641],89,0_23
Pref0,0.97175[0.11652],0.971649[0.115635],0.971845[0.117347],89,0_23
Signal0,1[0],1[0],1[0],89,0_23
Hybridindex,17.8515[1.06955],17.851[1.04556],17.852[1.09431],90,0_23
Pref0,0.97025[0.121408],0.968841[0.124829],0.971737[0.117672],90,0_23
Signal0,1[0],1[0],1[0],90,0_23
Hybridindex,17.866[1.06527],17.9172[1.06827],17.814[1.05968],91,0_23
Pref0,0.97325[0.11362],0.971726[0.115488],0.974798[0.111668],91,0_23
Signal0,1[0],1[0],1[0],91,0_23
Hybridindex,17.843[1.03385],17.8173[1.02907],17.8685[1.03795],92,0_23
Pref0,0.97225[0.115564],0.968876[0.122864],0.975598[0.10773],92,0_23
Signal0,1[0],1[0],1[0],92,0_23
Hybridindex,17.8268[1.04874],17.8397[1.05357],17.8133[1.04356],93,0_23
Pref0,0.97475[0.110623],0.978368[0.101726],0.971007[0.119015],93,0_23
Signal0,1[0],1[0],1[0],93,0_23
Hybridindex,17.7997[1.03948],17.8575[1.01866],17.7444[1.0561],94,0_23
Pref0,0.97225[0.114477],0.966803[0.124485],0.977473[0.103711],94,0_23
Signal0,1[0],1[0],1[0],94,0_23
Hybridindex,17.8182[1.00217],17.8268[1.01012],17.8098[0.99419],95,0_23
Pref0,0.97625[0.107522],0.977341[0.106393],0.975174[0.108613],95,0_23
Signal0,1[0],1[0],1[0],95,0_23
Hybridindex,17.8268[0.995168],17.8446[0.984451],17.8087[1.0056],96,0_23
Pref0,0.97525[0.109601],0.97716[0.104395],0.973313[0.114607],96,0_23
Signal0,1[0],1[0],1[0],96,0_23
Hybridindex,17.8367[1.02675],17.86[1.01725],17.8123[1.03609],97,0_23
Pref0,0.97675[0.105283],0.973171[0.112671],0.980513[0.0967669],97,0_23
Signal0,1[0],1[0],1[0],97,0_23
Hybridindex,17.819[1.02004],17.8526[0.99215],17.7834[1.04756],98,0_23
Pref0,0.97525[0.110736],0.972763[0.115599],0.977881[0.105284],98,0_23
Signal0,1[0],1[0],1[0],98,0_23
Hybridindex,17.8355[0.993826],17.8391[0.98931],17.832[0.998098],99,0_23
Pref0,0.976[0.109197],0.970799[0.119415],0.980957[0.0982198],99,0_23
Signal0,1[0],1[0],1[0],99,0_23
Hybridindex,17.8205[1.01749],17.8102[1.02876],17.8301[1.00672],100,0_23
Pref0,0.97875[0.100863],0.979317[0.0995665],0.978219[0.10206],100,0_23
Signal0,1[0],1[0],1[0],100,0_23
Hybridindex,12.535[8.25371],12.329[8.34268],12.7447[8.15679],1,0_24
Pref0,0.62675[0.412686],0.616452[0.417134],0.637235[0.407839],1,0_24
Signal0,0.62675[0.412686],0.616452[0.417134],0.637235[0.407839],1,0_24
Hybridindex,15.2995[6.04554],15.2942[6.14011],15.3046[5.95344],2,0_24
Pref0,0.7625[0.329156],0.759959[0.336858],0.764936[0.321579],2,0_24
Signal0,0.763[0.329137],0.773238[0.32852],0.753183[0.329429],2,0_24
Hybridindex,16.9975[3.82292],16.9602[3.85294],17.0352[3.79199],3,0_24
Pref0,0.8485[0.258936],0.854726[0.255857],0.842211[0.261859],3,0_24
Signal0,0.8575[0.244323],0.862189[0.241602],0.852764[0.246951],3,0_24
Hybridindex,17.72[2.49095],17.7054[2.50206],17.7342[2.48002],4,0_24
Pref0,0.8825[0.226812],0.880325[0.229379],0.884615[0.224267],4,0_24
Signal0,0.91925[0.187362],0.922921[0.186083],0.91568[0.188529],4,0_24
Hybridindex,17.8478[1.90944],17.82[1.89822],17.8736[1.91945],5,0_24
Pref0,0.896[0.217793],0.895228[0.219435],0.896718[0.216253],5,0_24
Signal0,0.95775[0.139964],0.962137[0.134226],0.953668[0.144981],5,0_24
Hybridindex,17.9185[1.59118],17.877[1.62148],17.9597[1.55945],6,0_24
Pref0,0.893[0.220909],0.889056[0.221782],0.896912[0.21997],6,0_24
Signal0,0.9775[0.103652],0.975904[0.107087],0.979084[0.100103],6,0_24
Hybridindex,17.971[1.41568],17.9645[1.41277],17.9771[1.41841],7,0_24
Pref0,0.8945[0.214755],0.876156[0.227428],0.911879[0.200474],7,0_24
Signal0,0.9905[0.0682624],0.987667[0.0775525],0.993184[0.0579787],7,0_24
Hybridindex,18.0497[1.35338],18.103[1.3168],17.9955[1.38762],8,0_24
Pref0,0.90375[0.207632],0.905446[0.203241],0.90202[0.212003],8,0_24
Signal0,0.9965[0.0416863],0.993564[0.0563596],0.999495[0.015883],8,0_24
Hybridindex,18.056[1.30599],18.0464[1.30632],18.0657[1.30559],9,0_24
Pref0,0.905[0.207906],0.902293[0.206873],0.907723[0.208905],9,0_24
Signal0,1[0],1[0],1[0],9,0_24
Hybridindex,18.094[1.24023],18.0664[1.27075],18.1213[1.20869],10,0_24
Pref0,0.9045[0.210665],0.903924[0.209375],0.90507[0.211931],10,0_24
Signal0,1[0],1[0],1[0],10,0_24
Hybridindex,18.1193[1.25953],18.0921[1.27137],18.1452[1.24756],11,0_24
Pref0,0.9065[0.203735],0.902252[0.205888],0.910557[0.201572],11,0_24
Signal0,1[0],1[0],1[0],11,0_24
Hybridindex,18.1205[1.23965],18.126[1.25451],18.1149[1.22421],12,0_24
Pref0,0.9075[0.205411],0.915514[0.198876],0.899291[0.211581],12,0_24
Signal0,1[0],1[0],1[0],12,0_24
Hybridindex,18.0995[1.19545],18.1066[1.19432],18.093[1.19644],13,0_24
Pref0,0.9[0.219089],0.893382[0.227861],0.906011[0.210625],13,0_24
Signal0,1[0],1[0],1[0],13,0_24
Hybridindex,18.092[1.22649],18.1063[1.21507],18.0772[1.238],14,0_24
Pref0,0.9015[0.21047],0.903051[0.208577],0.899898[0.212395],14,0_24
Signal0,1[0],1[0],1[0],14,0_24
Hybridindex,18.1148[1.22819],18.0785[1.26987],18.1524[1.18217],15,0_24
Pref0,0.8935[0.214844],0.888126[0.219836],0.899083[0.209385],15,0_24
Signal0,1[0],1[0],1[0],15,0_24
Hybridindex,18.0895[1.1464],18.055[1.15335],18.1234[1.13852],16,0_24
Pref0,0.89225[0.22364],0.89556[0.222227],0.888999[0.224972],16,0_24
Signal0,1[0],1[0],1[0],16,0_24
Hybridindex,18.0613[1.15537],18.0548[1.15618],18.0676[1.15454],17,0_24
Pref0,0.89575[0.219105],0.893002[0.220551],0.898422[0.217656],17,0_24
Signal0,1[0],1[0],1[0],17,0_24
Hybridindex,18.0685[1.1675],18.0533[1.16553],18.0841[1.16931],18,0_24
Pref0,0.89425[0.221228],0.894373[0.225908],0.894124[0.21632],18,0_24
Signal0,1[0],1[0],1[0],18,0_24
Hybridindex,18.0435[1.18062],18.0229[1.16812],18.0653[1.1933],19,0_24
Pref0,0.89375[0.216416],0.900292[0.204592],0.886831[0.228052],19,0_24
Signal0,1[0],1[0],1[0],19,0_24
Hybridindex,18.0242[1.18566],18.0176[1.20526],18.0308[1.16593],20,0_24
Pref0,0.8995[0.208326],0.902414[0.204414],0.89662[0.212082],20,0_24
Signal0,1[0],1[0],1[0],20,0_24
Hybridindex,18.042[1.16275],18.0482[1.16959],18.0361[1.15618],21,0_24
Pref0,0.90075[0.210415],0.895385[0.214426],0.905854[0.206397],21,0_24
Signal0,1[0],1[0],1[0],21,0_24
Hybridindex,18.0175[1.15821],17.9678[1.16392],18.0698[1.14984],22,0_24
Pref0,0.899[0.216331],0.889376[0.225547],0.909138[0.205691],22,0_24
Signal0,1[0],1[0],1[0],22,0_24
Hybridindex,18.0173[1.18736],18.0583[1.17519],17.978[1.19758],23,0_24
Pref0,0.88925[0.223851],0.891616[0.222716],0.886986[0.224909],23,0_24
Signal0,1[0],1[0],1[0],23,0_24
Hybridindex,18.051[1.16711],18.0482[1.16237],18.054[1.17219],24,0_24
Pref0,0.883[0.222061],0.883317[0.22475],0.882658[0.219128],24,0_24
Signal0,1[0],1[0],1[0],24,0_24
Hybridindex,18.0673[1.13967],18.0926[1.11568],18.0428[1.16187],25,0_24
Pref0,0.88325[0.224153],0.877925[0.231873],0.888397[0.216305],25,0_24
Signal0,1[0],1[0],1[0],25,0_24
Hybridindex,18.1285[1.12082],18.1386[1.10723],18.1178[1.13503],26,0_24
Pref0,0.889[0.221199],0.889535[0.223188],0.88843[0.219057],26,0_24
Signal0,1[0],1[0],1[0],26,0_24
Hybridindex,18.1633[1.09246],18.2008[1.06428],18.1237[1.12003],27,0_24
Pref0,0.8965[0.215146],0.904971[0.209391],0.887577[0.220694],27,0_24
Signal0,1[0],1[0],1[0],27,0_24
Hybridindex,18.1567[1.11009],18.1215[1.12893],18.192[1.08979],28,0_24
Pref0,0.89975[0.21926],0.9035[0.209613],0.896[0.228438],28,0_24
Signal0,1[0],1[0],1[0],28,0_24
Hybridindex,18.1695[1.1112],18.1672[1.10306],18.1718[1.11908],29,0_24
Pref0,0.89725[0.215795],0.906282[0.20277],0.88845[0.227426],29,0_24
Signal0,1[0],1[0],1[0],29,0_24
Hybridindex,18.1678[1.09452],18.1531[1.07794],18.1833[1.11162],30,0_24
Pref0,0.90025[0.209583],0.903304[0.205911],0.897013[0.213358],30,0_24
Signal0,1[0],1[0],1[0],30,0_24
Hybridindex,18.1605[1.09498],18.1743[1.10911],18.1467[1.08055],31,0_24
Pref0,0.9[0.214476],0.90481[0.212243],0.89521[0.216571],31,0_24
Signal0,1[0],1[0],1[0],31,0_24
Hybridindex,18.1765[1.11472],18.2101[1.10457],18.1415[1.12414],32,0_24
Pref0,0.894[0.219121],0.89569[0.219386],0.892237[0.21883],32,0_24
Signal0,1[0],1[0],1[0],32,0_24
Hybridindex,18.0925[1.1198],18.0661[1.12569],18.1188[1.11328],33,0_24
Pref0,0.89275[0.219937],0.896794[0.217864],0.888723[0.22191],33,0_24
Signal0,1[0],1[0],1[0],33,0_24
Hybridindex,18.081[1.117],18.0821[1.10204],18.0799[1.13174],34,0_24
Pref0,0.89425[0.217237],0.904905[0.209786],0.883616[0.223922],34,0_24
Signal0,1[0],1[0],1[0],34,0_24
Hybridindex,18.062[1.11732],18.0478[1.12743],18.0758[1.10727],35,0_24
Pref0,0.892[0.215838],0.897866[0.21022],0.886319[0.220994],35,0_24
Signal0,1[0],1[0],1[0],35,0_24
Hybridindex,18.021[1.08007],18.0094[1.09099],18.0328[1.06869],36,0_24
Pref0,0.884[0.224263],0.879208[0.224189],0.888889[0.224233],36,0_24
Signal0,1[0],1[0],1[0],36,0_24
Hybridindex,18.0565[1.05466],18.005[1.08119],18.1087[1.02448],37,0_24
Pref0,0.8855[0.228888],0.882207[0.233377],0.888833[0.224204],37,0_24
Signal0,1[0],1[0],1[0],37,0_24
Hybridindex,18.106[1.06478],18.1294[1.04818],18.0841[1.07961],38,0_24
Pref0,0.8845[0.226737],0.8794[0.226824],0.889265[0.226552],38,0_24
Signal0,1[0],1[0],1[0],38,0_24
Hybridindex,18.1127[1.06919],18.1102[1.10523],18.1152[1.03337],39,0_24
Pref0,0.8745[0.235584],0.878571[0.229351],0.870588[0.241356],39,0_24
Signal0,1[0],1[0],1[0],39,0_24
Hybridindex,18.128[1.07604],18.0988[1.07832],18.1576[1.07291],40,0_24
Pref0,0.878[0.230469],0.879345[0.22414],0.876636[0.236707],40,0_24
Signal0,1[0],1[0],1[0],40,0_24
Hybridindex,18.1105[1.09295],18.1286[1.09471],18.0917[1.0908],41,0_24
Pref0,0.872[0.234235],0.87684[0.227616],0.866972[0.240815],41,0_24
Signal0,1[0],1[0],1[0],41,0_24
Hybridindex,18.1125[1.07847],18.1089[1.06193],18.116[1.09433],42,0_24
Pref0,0.869[0.239977],0.873354[0.233187],0.864758[0.246339],42,0_24
Signal0,1[0],1[0],1[0],42,0_24
Hybridindex,18.086[1.09172],18.1031[1.09781],18.0696[1.08558],43,0_24
Pref0,0.86975[0.238033],0.87398[0.237303],0.865686[0.238663],43,0_24
Signal0,1[0],1[0],1[0],43,0_24
Hybridindex,18.0895[1.0911],18.0709[1.11646],18.1082[1.0647],44,0_24
Pref0,0.87475[0.234387],0.871257[0.235121],0.878257[0.233596],44,0_24
Signal0,1[0],1[0],1[0],44,0_24
Hybridindex,18.0915[1.05836],18.0658[1.08024],18.1155[1.03697],45,0_24
Pref0,0.8825[0.227912],0.884974[0.228153],0.880193[0.227662],45,0_24
Signal0,1[0],1[0],1[0],45,0_24
Hybridindex,18.0802[1.0651],18.0954[1.07526],18.0648[1.05437],46,0_24
Pref0,0.8705[0.23818],0.872036[0.231379],0.868927[0.244941],46,0_24
Signal0,1[0],1[0],1[0],46,0_24
Hybridindex,18.0355[1.06454],18.0561[1.06263],18.0146[1.06606],47,0_24
Pref0,0.87175[0.233831],0.875869[0.234729],0.867573[0.232842],47,0_24
Signal0,1[0],1[0],1[0],47,0_24
Hybridindex,18.0583[1.08431],18.0578[1.08469],18.0587[1.08392],48,0_24
Pref0,0.87375[0.231702],0.865686[0.2366],0.882143[0.226187],48,0_24
Signal0,1[0],1[0],1[0],48,0_24
Hybridindex,18.048[1.07852],18.0035[1.10911],18.0919[1.04556],49,0_24
Pref0,0.87775[0.232766],0.867203[0.240453],0.888171[0.224426],49,0_24
Signal0,1[0],1[0],1[0],49,0_24
Hybridindex,18.0667[1.06861],18.0735[1.03153],18.0602[1.10295],50,0_24
Pref0,0.883[0.22707],0.885598[0.227539],0.880509[0.226592],50,0_24
Signal0,1[0],1[0],1[0],50,0_24
Hybridindex,18.0965[1.06533],18.0887[1.0401],18.1047[1.09123],51,0_24
Pref0,0.87275[0.234377],0.876706[0.228678],0.868583[0.240163],51,0_24
Signal0,1[0],1[0],1[0],51,0_24
Hybridindex,18.1227[1.0745],18.118[1.0558],18.1272[1.09153],52,0_24
Pref0,0.86525[0.239202],0.866424[0.236013],0.864162[0.242114],52,0_24
Signal0,1[0],1[0],1[0],52,0_24
Hybridindex,18.1125[1.06059],18.137[1.04164],18.089[1.07789],53,0_24
Pref0,0.86325[0.244284],0.867076[0.242937],0.859589[0.24551],53,0_24
Signal0,1[0],1[0],1[0],53,0_24
Hybridindex,18.1197[1.08133],18.0728[1.08709],18.1675[1.07334],54,0_24
Pref0,0.861[0.242753],0.863231[0.240015],0.858729[0.245488],54,0_24
Signal0,1[0],1[0],1[0],54,0_24
Hybridindex,18.06[1.07513],18.0159[1.08972],18.1044[1.05836],55,0_24
Pref0,0.8625[0.246158],0.863048[0.24934],0.861948[0.242907],55,0_24
Signal0,1[0],1[0],1[0],55,0_24
Hybridindex,18.0675[1.08579],18.1067[1.07939],18.0281[1.09077],56,0_24
Pref0,0.861[0.245823],0.856431[0.250276],0.865597[0.241173],56,0_24
Signal0,1[0],1[0],1[0],56,0_24
Hybridindex,18.0295[1.11013],18.0532[1.08858],18.0081[1.1288],57,0_24
Pref0,0.86375[0.244051],0.863014[0.244414],0.864415[0.243721],57,0_24
Signal0,1[0],1[0],1[0],57,0_24
Hybridindex,17.9955[1.10487],17.9625[1.14763],18.0276[1.06065],58,0_24
Pref0,0.86225[0.248797],0.860548[0.250912],0.863905[0.246712],58,0_24
Signal0,1[0],1[0],1[0],58,0_24
Hybridindex,17.9785[1.11379],17.9975[1.09315],17.9601[1.13321],59,0_24
Pref0,0.8705[0.241826],0.878296[0.234878],0.862919[0.24816],59,0_24
Signal0,1[0],1[0],1[0],59,0_24
Hybridindex,18.021[1.07241],18.002[1.07356],18.0396[1.07096],60,0_24
Pref0,0.8715[0.237145],0.864141[0.240951],0.878713[0.233128],60,0_24
Signal0,1[0],1[0],1[0],60,0_24
Hybridindex,18.048[1.07759],18.0676[1.09868],18.0284[1.0558],61,0_24
Pref0,0.86925[0.238284],0.866232[0.236652],0.872255[0.239862],61,0_24
Signal0,1[0],1[0],1[0],61,0_24
Hybridindex,18.059[1.07472],18.0318[1.07744],18.085[1.07147],62,0_24
Pref0,0.85025[0.246374],0.851947[0.244523],0.848633[0.248114],62,0_24
Signal0,1[0],1[0],1[0],62,0_24
Hybridindex,18.0622[1.06525],18.0541[1.06744],18.0701[1.06308],63,0_24
Pref0,0.84975[0.251595],0.839286[0.251399],0.859804[0.251373],63,0_24
Signal0,1[0],1[0],1[0],63,0_24
Hybridindex,18.0407[1.07748],18.0447[1.07296],18.037[1.08174],64,0_24
Pref0,0.8415[0.261013],0.845996[0.260112],0.837232[0.261793],64,0_24
Signal0,1[0],1[0],1[0],64,0_24
Hybridindex,18.0035[1.08062],18.0349[1.09273],17.9737[1.06817],65,0_24
Pref0,0.84175[0.262834],0.836074[0.264563],0.847128[0.261072],65,0_24
Signal0,1[0],1[0],1[0],65,0_24
Hybridindex,18.0182[1.08871],17.998[1.11623],18.0383[1.06044],66,0_24
Pref0,0.8495[0.255147],0.849598[0.253278],0.849404[0.256979],66,0_24
Signal0,1[0],1[0],1[0],66,0_24
Hybridindex,18.0263[1.09849],18.0343[1.09425],18.0181[1.10271],67,0_24
Pref0,0.86175[0.243951],0.864314[0.240586],0.859155[0.247282],67,0_24
Signal0,1[0],1[0],1[0],67,0_24
Hybridindex,18.0255[1.09172],18.036[1.08143],18.0156[1.10127],68,0_24
Pref0,0.866[0.244528],0.856996[0.251789],0.874514[0.237145],68,0_24
Signal0,1[0],1[0],1[0],68,0_24
Hybridindex,18.0648[1.08786],18.0721[1.08881],18.0572[1.08683],69,0_24
Pref0,0.87725[0.231425],0.887846[0.220089],0.866397[0.242007],69,0_24
Signal0,1[0],1[0],1[0],69,0_24
Hybridindex,18.0562[1.08003],18.0678[1.05023],18.0445[1.10954],70,0_24
Pref0,0.88175[0.227249],0.874876[0.235188],0.888777[0.218612],70,0_24
Signal0,1[0],1[0],1[0],70,0_24
Hybridindex,18.0445[1.09488],18.0277[1.0723],18.061[1.11637],71,0_24
Pref0,0.88325[0.226924],0.882947[0.227791],0.883548[0.226068],71,0_24
Signal0,1[0],1[0],1[0],71,0_24
Hybridindex,18.0467[1.0866],18.0385[1.09301],18.0546[1.0804],72,0_24
Pref0,0.88175[0.223365],0.888205[0.213192],0.87561[0.232463],72,0_24
Signal0,1[0],1[0],1[0],72,0_24
Hybridindex,18.0373[1.07888],18.0345[1.0776],18.04[1.08016],73,0_24
Pref0,0.884[0.229225],0.882382[0.23018],0.885614[0.228256],73,0_24
Signal0,1[0],1[0],1[0],73,0_24
Hybridindex,18.0362[1.08539],18.0232[1.09733],18.0497[1.07277],74,0_24
Pref0,0.87925[0.230314],0.881281[0.225131],0.877157[0.235517],74,0_24
Signal0,1[0],1[0],1[0],74,0_24
Hybridindex,18.0525[1.08201],18.0176[1.07281],18.0892[1.09039],75,0_24
Pref0,0.8835[0.230603],0.883415[0.229141],0.88359[0.23213],75,0_24
Signal0,1[0],1[0],1[0],75,0_24
Hybridindex,18.0195[1.1163],18.0231[1.12192],18.0161[1.11093],76,0_24
Pref0,0.87275[0.234909],0.865879[0.23612],0.87926[0.233571],76,0_24
Signal0,1[0],1[0],1[0],76,0_24
Hybridindex,18.0302[1.08153],18.0268[1.07795],18.0336[1.085],77,0_24
Pref0,0.8775[0.23504],0.881073[0.231121],0.874012[0.238752],77,0_24
Signal0,1[0],1[0],1[0],77,0_24
Hybridindex,18.075[1.04289],18.008[1.05511],18.1429[1.02593],78,0_24
Pref0,0.872[0.240033],0.875249[0.234019],0.868712[0.245926],78,0_24
Signal0,1[0],1[0],1[0],78,0_24
Hybridindex,18.0703[1.00297],18.0976[0.988864],18.04[1.01747],79,0_24
Pref0,0.882[0.229295],0.88619[0.224986],0.877368[0.233877],79,0_24
Signal0,1[0],1[0],1[0],79,0_24
Hybridindex,18.045[1.0356],18.0388[1.04089],18.0515[1.02992],80,0_24
Pref0,0.8825[0.225153],0.882039[0.227732],0.88299[0.22238],80,0_24
Signal0,1[0],1[0],1[0],80,0_24
Hybridindex,18.04[1.01509],18.0684[1.01666],18.0127[1.01283],81,0_24
Pref0,0.8865[0.226092],0.890816[0.22319],0.882353[0.22877],81,0_24
Signal0,1[0],1[0],1[0],81,0_24
Hybridindex,18.035[1.01071],18.0147[1.01061],18.0547[1.01041],82,0_24
Pref0,0.886[0.226393],0.887931[0.223757],0.884122[0.228912],82,0_24
Signal0,1[0],1[0],1[0],82,0_24
Hybridindex,18.0405[1.0267],18.0687[1.00426],18.0112[1.0487],83,0_24
Pref0,0.89625[0.219342],0.885182[0.233517],0.907747[0.202937],83,0_24
Signal0,1[0],1[0],1[0],83,0_24
Hybridindex,18.0428[1.04609],18.0265[1.04647],18.0579[1.04551],84,0_24
Pref0,0.89225[0.220261],0.889408[0.222027],0.894889[0.218575],84,0_24
Signal0,1[0],1[0],1[0],84,0_24
Hybridindex,18.0725[1.04427],18.0691[1.04477],18.0757[1.04379],85,0_24
Pref0,0.89625[0.216474],0.897715[0.215387],0.894889[0.21747],85,0_24
Signal0,1[0],1[0],1[0],85,0_24
Hybridindex,18.0667[1.03316],18.0894[1.0347],18.0433[1.03104],86,0_24
Pref0,0.89925[0.214999],0.90668[0.205844],0.891548[0.223834],86,0_24
Signal0,1[0],1[0],1[0],86,0_24
Hybridindex,18.0523[1.02975],18.0777[1.0223],18.0259[1.03676],87,0_24
Pref0,0.902[0.207716],0.903638[0.20695],0.900305[0.208492],87,0_24
Signal0,1[0],1[0],1[0],87,0_24
Hybridindex,18.0555[1.02952],18.0722[1.00922],18.0384[1.0496],88,0_24
Pref0,0.90425[0.210254],0.913947[0.200181],0.894338[0.219634],88,0_24
Signal0,1[0],1[0],1[0],88,0_24
Hybridindex,18.0433[1.0225],18.0188[1.01287],18.0681[1.03162],89,0_24
Pref0,0.89975[0.211719],0.899901[0.209748],0.899596[0.213707],89,0_24
Signal0,1[0],1[0],1[0],89,0_24
Hybridindex,18.061[1.02055],18.0539[1.00646],18.068[1.03422],90,0_24
Pref0,0.907[0.207608],0.905841[0.210371],0.908143[0.20484],90,0_24
Signal0,1[0],1[0],1[0],90,0_24
Hybridindex,18.099[1.03269],18.0703[1.02257],18.1279[1.04197],91,0_24
Pref0,0.902[0.210109],0.898305[0.21561],0.905717[0.204359],91,0_24
Signal0,1[0],1[0],1[0],91,0_24
Hybridindex,18.0745[1.03269],18.0881[1.02431],18.0608[1.04091],92,0_24
Pref0,0.9075[0.20419],0.906965[0.203334],0.90804[0.205051],92,0_24
Signal0,1[0],1[0],1[0],92,0_24
Hybridindex,18.057[1.00921],18.0824[1.00087],18.0303[1.01721],93,0_24
Pref0,0.9015[0.212245],0.914146[0.203494],0.888205[0.22029],93,0_24
Signal0,1[0],1[0],1[0],93,0_24
Hybridindex,18.0847[1.00856],18.057[1.0053],18.114[1.01115],94,0_24
Pref0,0.9125[0.204557],0.903996[0.212416],0.921458[0.195539],94,0_24
Signal0,1[0],1[0],1[0],94,0_24
Hybridindex,18.0972[1.01102],18.1335[1.00914],18.0623[1.01161],95,0_24
Pref0,0.92225[0.188626],0.926606[0.182618],0.918057[0.194143],95,0_24
Signal0,1[0],1[0],1[0],95,0_24
Hybridindex,18.0925[1.01091],18.0659[1.00994],18.1185[1.01118],96,0_24
Pref0,0.92[0.191311],0.911854[0.200888],0.927937[0.181143],96,0_24
Signal0,1[0],1[0],1[0],96,0_24
Hybridindex,18.1145[0.997316],18.1061[0.986967],18.1228[1.00729],97,0_24
Pref0,0.916[0.196071],0.926263[0.184274],0.905941[0.20649],97,0_24
Signal0,1[0],1[0],1[0],97,0_24
Hybridindex,18.1083[0.982042],18.1193[0.990646],18.0967[0.972819],98,0_24
Pref0,0.91075[0.197887],0.907136[0.201844],0.914534[0.193586],98,0_24
Signal0,1[0],1[0],1[0],98,0_24
Hybridindex,18.1408[0.969698],18.1246[0.967818],18.1568[0.971304],99,0_24
Pref0,0.90625[0.205149],0.895896[0.21382],0.916583[0.195567],99,0_24
Signal0,1[0],1[0],1[0],99,0_24
Hybridindex,18.1432[0.976783],18.1421[0.97858],18.1443[0.975009],100,0_24
Pref0,0.9035[0.210803],0.900202[0.219098],0.906746[0.202254],100,0_24
Signal0,1[0],1[0],1[0],100,0_24
Hybridindex,12.51[8.40237],12.6485[8.43072],12.3638[8.36987],1,0_25
Pref0,0.6255[0.420119],0.632425[0.421536],0.618191[0.418493],1,0_25
Signal0,0.6255[0.420119],0.632425[0.421536],0.618191[0.418493],1,0_25
Hybridindex,15.081[6.15666],14.8117[6.15868],15.3509[6.1428],2,0_25
Pref0,0.74975[0.332791],0.735764[0.336521],0.763764[0.328415],2,0_25
Signal0,0.75625[0.334232],0.746254[0.338281],0.766266[0.329821],2,0_25
Hybridindex,16.5685[4.04754],16.4755[4.09145],16.658[4.00277],3,0_25
Pref0,0.83[0.271293],0.830275[0.273705],0.829735[0.268951],3,0_25
Signal0,0.8615[0.250635],0.859837[0.253372],0.863101[0.24796],3,0_25
Hybridindex,17.3472[2.67592],17.3403[2.66884],17.3539[2.68268],4,0_25
Pref0,0.8645[0.244213],0.859184[0.248603],0.869608[0.239808],4,0_25
Signal0,0.93275[0.175649],0.935204[0.172424],0.930392[0.17866],4,0_25
Hybridindex,17.545[2.09033],17.4615[2.14119],17.6286[2.03466],5,0_25
Pref0,0.8645[0.237991],0.869131[0.235161],0.85986[0.240704],5,0_25
Signal0,0.96575[0.126301],0.962537[0.131635],0.968969[0.120634],5,0_25
Hybridindex,17.6453[1.69005],17.6484[1.67657],17.6423[1.70275],6,0_25
Pref0,0.8775[0.234507],0.88039[0.229533],0.874756[0.239102],6,0_25
Signal0,0.98725[0.078819],0.987166[0.0790704],0.987329[0.0785795],6,0_25
Hybridindex,17.6133[1.59053],17.6811[1.52789],17.5412[1.65141],7,0_25
Pref0,0.8745[0.23184],0.880097[0.230958],0.868557[0.232625],7,0_25
Signal0,0.9925[0.0607762],0.99466[0.0513944],0.990206[0.0692892],7,0_25
Hybridindex,17.5948[1.46906],17.6371[1.4534],17.5512[1.48374],8,0_25
Pref0,0.87375[0.239136],0.872781[0.241398],0.874746[0.236783],8,0_25
Signal0,0.996[0.0445421],0.996055[0.044236],0.995943[0.0448547],8,0_25
Hybridindex,17.6065[1.39836],17.5994[1.40958],17.6138[1.38676],9,0_25
Pref0,0.86875[0.23377],0.864985[0.239147],0.872599[0.228078],9,0_25
Signal0,0.99875[0.0249687],0.999505[0.0157174],0.997978[0.0317338],9,0_25
Hybridindex,17.5935[1.35564],17.613[1.31084],17.5743[1.39798],10,0_25
Pref0,0.86975[0.239081],0.869324[0.238409],0.870168[0.239739],10,0_25
Signal0,0.99925[0.0193504],0.998991[0.0224393],0.999504[0.0157329],10,0_25
Hybridindex,17.5628[1.34348],17.6042[1.31416],17.5238[1.36932],11,0_25
Pref0,0.8675[0.238629],0.866873[0.24323],0.868089[0.234221],11,0_25
Signal0,1[0],1[0],1[0],11,0_25
Hybridindex,17.557[1.31786],17.5599[1.29173],17.5541[1.34357],12,0_25
Pref0,0.86125[0.246218],0.859281[0.244007],0.863226[0.248403],12,0_25
Signal0,1[0],1[0],1[0],12,0_25
Hybridindex,17.5388[1.33177],17.571[1.31874],17.5051[1.34441],13,0_25
Pref0,0.85375[0.251964],0.852595[0.249516],0.854954[0.254487],13,0_25
Signal0,1[0],1[0],1[0],13,0_25
Hybridindex,17.5433[1.32203],17.5682[1.30215],17.5181[1.34133],14,0_25
Pref0,0.854[0.250866],0.851741[0.253158],0.856281[0.24851],14,0_25
Signal0,1[0],1[0],1[0],14,0_25
Hybridindex,17.5392[1.28095],17.532[1.30957],17.5463[1.25251],15,0_25
Pref0,0.8565[0.244761],0.846193[0.252798],0.866502[0.23627],15,0_25
Signal0,1[0],1[0],1[0],15,0_25
Hybridindex,17.5435[1.25603],17.5432[1.22894],17.5438[1.28291],16,0_25
Pref0,0.8525[0.247979],0.849057[0.251227],0.855992[0.244593],16,0_25
Signal0,1[0],1[0],1[0],16,0_25
Hybridindex,17.5577[1.26433],17.6119[1.2367],17.5035[1.28915],17,0_25
Pref0,0.85525[0.24581],0.857642[0.243731],0.852853[0.247852],17,0_25
Signal0,1[0],1[0],1[0],17,0_25
Hybridindex,17.5768[1.28335],17.5749[1.30058],17.5787[1.26513],18,0_25
Pref0,0.84725[0.25356],0.846229[0.253009],0.848315[0.254128],18,0_25
Signal0,1[0],1[0],1[0],18,0_25
Hybridindex,17.5225[1.27867],17.5596[1.26941],17.4885[1.28617],19,0_25
Pref0,0.84025[0.26049],0.844828[0.256996],0.83605[0.263585],19,0_25
Signal0,1[0],1[0],1[0],19,0_25
Hybridindex,17.5375[1.24924],17.5866[1.22559],17.4891[1.27027],20,0_25
Pref0,0.8405[0.256534],0.836354[0.261026],0.844588[0.25196],20,0_25
Signal0,1[0],1[0],1[0],20,0_25
Hybridindex,17.5098[1.2819],17.5015[1.31657],17.5176[1.24792],21,0_25
Pref0,0.83675[0.262153],0.839139[0.258552],0.834473[0.26552],21,0_25
Signal0,1[0],1[0],1[0],21,0_25
Hybridindex,17.529[1.26872],17.58[1.31189],17.4793[1.22316],22,0_25
Pref0,0.8315[0.265721],0.831307[0.264714],0.831688[0.266699],22,0_25
Signal0,1[0],1[0],1[0],22,0_25
Hybridindex,17.535[1.26314],17.5243[1.26248],17.5462[1.26374],23,0_25
Pref0,0.82825[0.260532],0.827167[0.262139],0.829394[0.25882],23,0_25
Signal0,1[0],1[0],1[0],23,0_25
Hybridindex,17.558[1.22938],17.5534[1.21646],17.5628[1.24271],24,0_25
Pref0,0.828[0.261565],0.841822[0.253679],0.813585[0.268787],24,0_25
Signal0,1[0],1[0],1[0],24,0_25
Hybridindex,17.551[1.23962],17.5227[1.25147],17.58[1.22668],25,0_25
Pref0,0.835[0.256466],0.83498[0.259106],0.83502[0.253734],25,0_25
Signal0,1[0],1[0],1[0],25,0_25
Hybridindex,17.588[1.23714],17.6246[1.2385],17.5509[1.23465],26,0_25
Pref0,0.842[0.257461],0.830189[0.263583],0.853978[0.250532],26,0_25
Signal0,1[0],1[0],1[0],26,0_25
Hybridindex,17.5688[1.17989],17.546[1.17612],17.5914[1.18321],27,0_25
Pref0,0.846[0.255507],0.838338[0.26021],0.853646[0.250492],27,0_25
Signal0,1[0],1[0],1[0],27,0_25
Hybridindex,17.5422[1.1822],17.4831[1.19502],17.602[1.16606],28,0_25
Pref0,0.84875[0.255927],0.853234[0.250575],0.844221[0.261142],28,0_25
Signal0,1[0],1[0],1[0],28,0_25
Hybridindex,17.494[1.1979],17.4702[1.22048],17.5189[1.17327],29,0_25
Pref0,0.8505[0.254754],0.848974[0.255758],0.852098[0.25369],29,0_25
Signal0,1[0],1[0],1[0],29,0_25
Hybridindex,17.5038[1.23688],17.5218[1.24944],17.4854[1.22373],30,0_25
Pref0,0.86125[0.245201],0.85998[0.245632],0.862538[0.244757],30,0_25
Signal0,1[0],1[0],1[0],30,0_25
Hybridindex,17.486[1.23493],17.4889[1.26821],17.4832[1.20134],31,0_25
Pref0,0.86175[0.243951],0.867306[0.239409],0.856293[0.24821],31,0_25
Signal0,1[0],1[0],1[0],31,0_25
Hybridindex,17.47[1.20948],17.4906[1.25203],17.4487[1.16354],32,0_25
Pref0,0.8585[0.244904],0.860236[0.24231],0.856707[0.24754],32,0_25
Signal0,1[0],1[0],1[0],32,0_25
Hybridindex,17.4928[1.20159],17.4669[1.18939],17.5184[1.21305],33,0_25
Pref0,0.854[0.246848],0.847543[0.256952],0.860419[0.236202],33,0_25
Signal0,1[0],1[0],1[0],33,0_25
Hybridindex,17.511[1.21568],17.4919[1.24955],17.5298[1.18103],34,0_25
Pref0,0.85875[0.247333],0.866062[0.243105],0.851539[0.251224],34,0_25
Signal0,1[0],1[0],1[0],34,0_25
Hybridindex,17.474[1.22058],17.4515[1.20073],17.4984[1.24136],35,0_25
Pref0,0.85775[0.24777],0.860365[0.245757],0.854906[0.24991],35,0_25
Signal0,1[0],1[0],1[0],35,0_25
Hybridindex,17.4853[1.24294],17.5072[1.23483],17.4616[1.25117],36,0_25
Pref0,0.85025[0.254362],0.855212[0.251025],0.844917[0.257794],36,0_25
Signal0,1[0],1[0],1[0],36,0_25
Hybridindex,17.4605[1.24988],17.4817[1.23847],17.4401[1.26042],37,0_25
Pref0,0.851[0.251096],0.856779[0.247572],0.845437[0.254318],37,0_25
Signal0,1[0],1[0],1[0],37,0_25
Hybridindex,17.4775[1.20416],17.4875[1.21928],17.4674[1.18867],38,0_25
Pref0,0.85425[0.248761],0.862911[0.244379],0.845537[0.252793],38,0_25
Signal0,1[0],1[0],1[0],38,0_25
Hybridindex,17.4887[1.21891],17.4256[1.2388],17.5538[1.19459],39,0_25
Pref0,0.86125[0.243153],0.865025[0.240091],0.85736[0.246208],39,0_25
Signal0,1[0],1[0],1[0],39,0_25
Hybridindex,17.4847[1.20546],17.4841[1.19649],17.4854[1.21446],40,0_25
Pref0,0.87025[0.24195],0.884577[0.232038],0.855779[0.250736],40,0_25
Signal0,1[0],1[0],1[0],40,0_25
Hybridindex,17.4423[1.23077],17.3869[1.2069],17.5[1.25258],41,0_25
Pref0,0.8635[0.241594],0.850637[0.255157],0.876915[0.225808],41,0_25
Signal0,1[0],1[0],1[0],41,0_25
Hybridindex,17.4782[1.22664],17.4593[1.24956],17.497[1.20323],42,0_25
Pref0,0.85975[0.241775],0.858794[0.240206],0.860697[0.243314],42,0_25
Signal0,1[0],1[0],1[0],42,0_25
Hybridindex,17.513[1.19241],17.5394[1.19724],17.4865[1.18693],43,0_25
Pref0,0.8665[0.240162],0.862911[0.2413],0.87011[0.238957],43,0_25
Signal0,1[0],1[0],1[0],43,0_25
Hybridindex,17.4885[1.20587],17.4261[1.23331],17.5583[1.17048],44,0_25
Pref0,0.872[0.231011],0.871686[0.231029],0.872352[0.23099],44,0_25
Signal0,1[0],1[0],1[0],44,0_25
Hybridindex,17.524[1.2061],17.5171[1.17409],17.5308[1.23688],45,0_25
Pref0,0.881[0.229323],0.875755[0.238215],0.886183[0.220062],45,0_25
Signal0,1[0],1[0],1[0],45,0_25
Hybridindex,17.5392[1.19878],17.5317[1.19691],17.5469[1.20064],46,0_25
Pref0,0.88825[0.225581],0.888008[0.223374],0.888496[0.227807],46,0_25
Signal0,1[0],1[0],1[0],46,0_25
Hybridindex,17.5428[1.19825],17.5361[1.20626],17.5494[1.19019],47,0_25
Pref0,0.89125[0.218056],0.885155[0.226394],0.897308[0.209264],47,0_25
Signal0,1[0],1[0],1[0],47,0_25
Hybridindex,17.5572[1.18737],17.5544[1.16486],17.5599[1.20835],48,0_25
Pref0,0.889[0.220066],0.891684[0.220422],0.886452[0.219697],48,0_25
Signal0,1[0],1[0],1[0],48,0_25
Hybridindex,17.536[1.16381],17.5337[1.17238],17.5383[1.15501],49,0_25
Pref0,0.8885[0.223199],0.879088[0.227558],0.898083[0.218255],49,0_25
Signal0,1[0],1[0],1[0],49,0_25
Hybridindex,17.581[1.15399],17.583[1.13252],17.579[1.17481],50,0_25
Pref0,0.88775[0.225887],0.88833[0.225633],0.887177[0.226137],50,0_25
Signal0,1[0],1[0],1[0],50,0_25
Hybridindex,17.6053[1.15814],17.5952[1.15376],17.6153[1.16245],51,0_25
Pref0,0.88625[0.225135],0.885842[0.22699],0.88666[0.223253],51,0_25
Signal0,1[0],1[0],1[0],51,0_25
Hybridindex,17.5765[1.14876],17.5811[1.11812],17.5719[1.17853],52,0_25
Pref0,0.888[0.22518],0.887888[0.226925],0.888112[0.223425],52,0_25
Signal0,1[0],1[0],1[0],52,0_25
Hybridindex,17.5527[1.20254],17.5496[1.18611],17.556[1.21902],53,0_25
Pref0,0.88[0.229891],0.875124[0.235092],0.884965[0.224364],53,0_25
Signal0,1[0],1[0],1[0],53,0_25
Hybridindex,17.5263[1.18646],17.5542[1.18713],17.4975[1.18508],54,0_25
Pref0,0.893[0.219205],0.889546[0.223451],0.896552[0.214694],54,0_25
Signal0,1[0],1[0],1[0],54,0_25
Hybridindex,17.5545[1.14205],17.5803[1.17784],17.531[1.10795],55,0_25
Pref0,0.8875[0.227143],0.879853[0.232449],0.89446[0.221973],55,0_25
Signal0,1[0],1[0],1[0],55,0_25
Hybridindex,17.5278[1.19733],17.531[1.22807],17.5244[1.1648],56,0_25
Pref0,0.88675[0.223158],0.899507[0.212306],0.873604[0.233085],56,0_25
Signal0,1[0],1[0],1[0],56,0_25
Hybridindex,17.51[1.1625],17.5109[1.1651],17.5091[1.15983],57,0_25
Pref0,0.87825[0.231952],0.880317[0.234338],0.876138[0.229469],57,0_25
Signal0,1[0],1[0],1[0],57,0_25
Hybridindex,17.4898[1.15932],17.5203[1.15826],17.4601[1.15958],58,0_25
Pref0,0.86625[0.241321],0.861789[0.248375],0.870571[0.234206],58,0_25
Signal0,1[0],1[0],1[0],58,0_25
Hybridindex,17.4815[1.148],17.4367[1.15797],17.5252[1.13649],59,0_25
Pref0,0.87275[0.239128],0.873988[0.241372],0.871542[0.236911],59,0_25
Signal0,1[0],1[0],1[0],59,0_25
Hybridindex,17.4735[1.15208],17.4777[1.13839],17.4696[1.16467],60,0_25
Pref0,0.869[0.238933],0.864627[0.243342],0.873069[0.234683],60,0_25
Signal0,1[0],1[0],1[0],60,0_25
Hybridindex,17.4402[1.16996],17.4498[1.15689],17.4296[1.18432],61,0_25
Pref0,0.87075[0.238053],0.866951[0.239469],0.875[0.236388],61,0_25
Signal0,1[0],1[0],1[0],61,0_25
Hybridindex,17.4235[1.15234],17.4804[1.15747],17.3674[1.1445],62,0_25
Pref0,0.8725[0.23663],0.873112[0.229961],0.871897[0.243025],62,0_25
Signal0,1[0],1[0],1[0],62,0_25
Hybridindex,17.4243[1.1481],17.3812[1.12974],17.4674[1.16465],63,0_25
Pref0,0.871[0.24415],0.872754[0.245775],0.869238[0.242494],63,0_25
Signal0,1[0],1[0],1[0],63,0_25
Hybridindex,17.4865[1.18778],17.501[1.19785],17.4729[1.17811],64,0_25
Pref0,0.8635[0.240037],0.871251[0.2346],0.856244[0.244795],64,0_25
Signal0,1[0],1[0],1[0],64,0_25
Hybridindex,17.4982[1.18009],17.5347[1.16287],17.4601[1.19664],65,0_25
Pref0,0.866[0.238315],0.863992[0.244499],0.868098[0.231658],65,0_25
Signal0,1[0],1[0],1[0],65,0_25
Hybridindex,17.5252[1.14891],17.5452[1.14242],17.5059[1.15483],66,0_25
Pref0,0.87075[0.238578],0.871443[0.239596],0.870079[0.237586],66,0_25
Signal0,1[0],1[0],1[0],66,0_25
Hybridindex,17.568[1.17925],17.5941[1.16598],17.542[1.19177],67,0_25
Pref0,0.87575[0.231164],0.868368[0.238741],0.883117[0.223103],67,0_25
Signal0,1[0],1[0],1[0],67,0_25
Hybridindex,17.5708[1.18727],17.582[1.17287],17.5587[1.20247],68,0_25
Pref0,0.8765[0.231836],0.870781[0.237888],0.882658[0.224974],68,0_25
Signal0,1[0],1[0],1[0],68,0_25
Hybridindex,17.599[1.18857],17.5983[1.20216],17.5997[1.17477],69,0_25
Pref0,0.87275[0.237028],0.873752[0.234882],0.871743[0.23916],69,0_25
Signal0,1[0],1[0],1[0],69,0_25
Hybridindex,17.5723[1.11833],17.5502[1.11365],17.5942[1.12253],70,0_25
Pref0,0.87825[0.231413],0.877131[0.230995],0.879362[0.231822],70,0_25
Signal0,1[0],1[0],1[0],70,0_25
Hybridindex,17.6085[1.10475],17.606[1.12792],17.6109[1.08238],71,0_25
Pref0,0.87775[0.233837],0.875[0.231435],0.88035[0.236057],71,0_25
Signal0,1[0],1[0],1[0],71,0_25
Hybridindex,17.6305[1.13357],17.6537[1.11992],17.6066[1.14697],72,0_25
Pref0,0.88075[0.227276],0.880788[0.229747],0.880711[0.224702],72,0_25
Signal0,1[0],1[0],1[0],72,0_25
Hybridindex,17.646[1.14943],17.6711[1.13557],17.6202[1.16295],73,0_25
Pref0,0.873[0.233176],0.87426[0.231235],0.871704[0.235148],73,0_25
Signal0,1[0],1[0],1[0],73,0_25
Hybridindex,17.6895[1.11807],17.6857[1.11979],17.6938[1.11611],74,0_25
Pref0,0.876[0.234252],0.875589[0.234968],0.876464[0.233439],74,0_25
Signal0,1[0],1[0],1[0],74,0_25
Hybridindex,17.6973[1.09337],17.6662[1.08616],17.7308[1.10012],75,0_25
Pref0,0.877[0.232639],0.885356[0.22566],0.867983[0.239616],75,0_25
Signal0,1[0],1[0],1[0],75,0_25
Hybridindex,17.6333[1.11619],17.6263[1.11576],17.6397[1.11654],76,0_25
Pref0,0.87125[0.237799],0.880435[0.228507],0.862669[0.245853],76,0_25
Signal0,1[0],1[0],1[0],76,0_25
Hybridindex,17.6318[1.14292],17.6134[1.13758],17.651[1.14817],77,0_25
Pref0,0.8775[0.230204],0.887097[0.220436],0.867451[0.239594],77,0_25
Signal0,1[0],1[0],1[0],77,0_25
Hybridindex,17.6313[1.14941],17.6329[1.14419],17.6295[1.15499],78,0_25
Pref0,0.879[0.232075],0.881643[0.229999],0.876166[0.234248],78,0_25
Signal0,1[0],1[0],1[0],78,0_25
Hybridindex,17.651[1.1308],17.6449[1.11479],17.6572[1.14658],79,0_25
Pref0,0.88225[0.226407],0.890609[0.218458],0.873874[0.233801],79,0_25
Signal0,1[0],1[0],1[0],79,0_25
Hybridindex,17.6728[1.14533],17.691[1.14708],17.6547[1.14331],80,0_25
Pref0,0.8875[0.227692],0.887437[0.230562],0.887562[0.224815],80,0_25
Signal0,1[0],1[0],1[0],80,0_25
Hybridindex,17.6625[1.13934],17.6426[1.13881],17.6815[1.13952],81,0_25
Pref0,0.888[0.22126],0.885992[0.221627],0.889922[0.220891],81,0_25
Signal0,1[0],1[0],1[0],81,0_25
Hybridindex,17.6762[1.14436],17.634[1.17043],17.7211[1.11425],82,0_25
Pref0,0.89575[0.221939],0.897573[0.215749],0.893814[0.228313],82,0_25
Signal0,1[0],1[0],1[0],82,0_25
Hybridindex,17.6815[1.14611],17.6398[1.18203],17.7242[1.10647],83,0_25
Pref0,0.89475[0.218626],0.902668[0.210079],0.88664[0.226761],83,0_25
Signal0,1[0],1[0],1[0],83,0_25
Hybridindex,17.6835[1.14535],17.6637[1.11548],17.7032[1.1739],84,0_25
Pref0,0.89625[0.212981],0.888052[0.22014],0.904382[0.20531],84,0_25
Signal0,1[0],1[0],1[0],84,0_25
Hybridindex,17.7007[1.13471],17.6864[1.12033],17.7157[1.14937],85,0_25
Pref0,0.88875[0.217941],0.885519[0.221421],0.892127[0.214193],85,0_25
Signal0,1[0],1[0],1[0],85,0_25
Hybridindex,17.7142[1.1043],17.7141[1.07114],17.7144[1.1353],86,0_25
Pref0,0.8825[0.230638],0.87105[0.240916],0.893523[0.219727],86,0_25
Signal0,1[0],1[0],1[0],86,0_25
Hybridindex,17.7405[1.09916],17.7668[1.1175],17.7127[1.07869],87,0_25
Pref0,0.88625[0.220649],0.894072[0.214747],0.877961[0.226441],87,0_25
Signal0,1[0],1[0],1[0],87,0_25
Hybridindex,17.6928[1.12948],17.6358[1.13574],17.749[1.12042],88,0_25
Pref0,0.8815[0.230126],0.884809[0.228856],0.878231[0.231327],88,0_25
Signal0,1[0],1[0],1[0],88,0_25
Hybridindex,17.7087[1.09433],17.6719[1.10696],17.7467[1.07983],89,0_25
Pref0,0.87675[0.231699],0.868966[0.240222],0.884772[0.22229],89,0_25
Signal0,1[0],1[0],1[0],89,0_25
Hybridindex,17.6968[1.1116],17.7175[1.11192],17.6756[1.11088],90,0_25
Pref0,0.879[0.232613],0.87116[0.238202],0.886983[0.226503],90,0_25
Signal0,1[0],1[0],1[0],90,0_25
Hybridindex,17.67[1.10503],17.6174[1.10095],17.7254[1.10663],91,0_25
Pref0,0.88675[0.220339],0.888889[0.218165],0.884497[0.222585],91,0_25
Signal0,1[0],1[0],1[0],91,0_25
Hybridindex,17.6403[1.14169],17.6421[1.10272],17.6385[1.17777],92,0_25
Pref0,0.88025[0.229205],0.881902[0.224086],0.878669[0.233988],92,0_25
Signal0,1[0],1[0],1[0],92,0_25
Hybridindex,17.615[1.11502],17.6566[1.11954],17.5753[1.10924],93,0_25
Pref0,0.87775[0.228976],0.87871[0.229318],0.876833[0.228645],93,0_25
Signal0,1[0],1[0],1[0],93,0_25
Hybridindex,17.6035[1.10013],17.5993[1.05125],17.6076[1.14573],94,0_25
Pref0,0.8785[0.227459],0.877406[0.229898],0.879566[0.225052],94,0_25
Signal0,1[0],1[0],1[0],94,0_25
Hybridindex,17.5925[1.10474],17.5968[1.08898],17.5881[1.12082],95,0_25
Pref0,0.88[0.228801],0.883104[0.224022],0.876782[0.233609],95,0_25
Signal0,1[0],1[0],1[0],95,0_25
Hybridindex,17.5772[1.11171],17.5788[1.11994],17.5757[1.10339],96,0_25
Pref0,0.88225[0.225854],0.88024[0.224784],0.884269[0.226905],96,0_25
Signal0,1[0],1[0],1[0],96,0_25
Hybridindex,17.5738[1.09952],17.5647[1.13251],17.5832[1.06401],97,0_25
Pref0,0.89475[0.219767],0.896078[0.221369],0.893367[0.218078],97,0_25
Signal0,1[0],1[0],1[0],97,0_25
Hybridindex,17.5605[1.11438],17.5401[1.13445],17.5793[1.09523],98,0_25
Pref0,0.89025[0.22154],0.88999[0.221719],0.89049[0.221374],98,0_25
Signal0,1[0],1[0],1[0],98,0_25
Hybridindex,17.541[1.12164],17.545[1.13187],17.5371[1.11155],99,0_25
Pref0,0.88825[0.221104],0.88664[0.221112],0.889822[0.221085],99,0_25
Signal0,1[0],1[0],1[0],99,0_25
Hybridindex,17.5825[1.10937],17.5782[1.09875],17.5871[1.12052],100,0_25
Pref0,0.89325[0.216747],0.893689[0.21612],0.892784[0.217411],100,0_25
Signal0,1[0],1[0],1[0],100,0_25
Hybridindex,12.61[8.2697],12.5147[8.30191],12.7088[8.23501],1,0_26
Pref0,0.6305[0.413485],0.625737[0.415095],0.635438[0.41175],1,0_26
Signal0,0.6305[0.413485],0.625737[0.415095],0.635438[0.41175],1,0_26
Hybridindex,15.3878[6.03826],15.3859[5.89617],15.3894[6.162],2,0_26
Pref0,0.7755[0.324191],0.776539[0.321243],0.774575[0.326791],2,0_26
Signal0,0.76775[0.328154],0.765393[0.321969],0.769849[0.33355],2,0_26
Hybridindex,16.9035[3.98813],16.8397[3.98688],16.9659[3.98837],3,0_26
Pref0,0.84975[0.257002],0.853387[0.258801],0.846192[0.255179],3,0_26
Signal0,0.86475[0.247654],0.866532[0.249128],0.863007[0.24619],3,0_26
Hybridindex,12.245[8.31925],12.329[8.31889],12.1594[8.31875],1,0_27
Pref0,0.61225[0.415963],0.616452[0.415944],0.607972[0.415938],1,0_27
Signal0,0.61225[0.415963],0.616452[0.415944],0.607972[0.415938],1,0_27
Hybridindex,15.0902[6.19703],15.2911[6.15482],14.8882[6.23268],2,0_27
Pref0,0.75075[0.338378],0.762213[0.335708],0.739218[0.340653],2,0_27
Signal0,0.74525[0.337235],0.752742[0.335176],0.737713[0.339127],2,0_27
Hybridindex,16.7865[3.962],16.9114[3.95645],16.6563[3.96358],3,0_27
Pref0,0.8355[0.267749],0.84525[0.260996],0.825332[0.274247],3,0_27
Signal0,0.8525[0.255429],0.855534[0.252201],0.849336[0.258713],3,0_27
Hybridindex,17.5735[2.53364],17.5864[2.45718],17.5606[2.60795],4,0_27
Pref0,0.87025[0.235138],0.870629[0.232255],0.86987[0.237991],4,0_27
Signal0,0.92525[0.185169],0.925574[0.184854],0.924925[0.185483],4,0_27
Hybridindex,17.6988[1.96294],17.6689[1.94455],17.7314[1.98235],5,0_27
Pref0,0.88325[0.226924],0.883732[0.226527],0.882723[0.227357],5,0_27
Signal0,0.9625[0.134513],0.965072[0.127452],0.959686[0.141783],5,0_27
Hybridindex,17.7165[1.73202],17.6955[1.75966],17.7371[1.70423],6,0_27
Pref0,0.89075[0.219521],0.889899[0.22019],0.891584[0.218859],6,0_27
Signal0,0.977[0.104743],0.978788[0.100778],0.975248[0.10846],6,0_27
Hybridindex,17.7485[1.55218],17.7473[1.52257],17.7497[1.58152],7,0_27
Pref0,0.889[0.221199],0.887065[0.224011],0.890955[0.218305],7,0_27
Signal0,0.99[0.07],0.991045[0.066313],0.988945[0.0735216],7,0_27
Hybridindex,17.8015[1.40707],17.7791[1.42793],17.8245[1.38492],8,0_27
Pref0,0.886[0.226393],0.885602[0.230191],0.88641[0.22242],8,0_27
Signal0,0.99275[0.0597699],0.993097[0.058344],0.992394[0.0611996],8,0_27
Hybridindex,17.8182[1.35493],17.8645[1.3434],17.7734[1.36453],9,0_27
Pref0,0.88375[0.22773],0.884264[0.23044],0.883251[0.225068],9,0_27
Signal0,0.99425[0.0533098],0.993401[0.0570609],0.995074[0.0493841],9,0_27
Hybridindex,17.8577[1.32915],17.9069[1.30981],17.8076[1.34675],10,0_27
Pref0,0.88775[0.22085],0.889109[0.222675],0.886364[0.218964],10,0_27
Signal0,0.99625[0.0431386],0.995545[0.046988],0.99697[0.0388068],10,0_27
Hybridindex,17.858[1.30119],17.8433[1.3047],17.8735[1.29731],11,0_27
Pref0,0.885[0.22809],0.882324[0.228724],0.887807[0.227389],11,0_27
Signal0,0.99925[0.0193504],0.999023[0.0220755],0.999488[0.0159964],11,0_27
Hybridindex,17.8825[1.27297],17.8858[1.27871],17.8792[1.26726],12,0_27
Pref0,0.8835[0.224561],0.882797[0.227832],0.884195[0.22128],12,0_27
Signal0,1[0],1[0],1[0],12,0_27
Hybridindex,17.8667[1.25653],17.8513[1.2731],17.8819[1.23982],13,0_27
Pref0,0.88625[0.222342],0.885081[0.22428],0.887401[0.220412],13,0_27
Signal0,1[0],1[0],1[0],13,0_27
Hybridindex,17.9252[1.24541],17.9708[1.22551],17.8789[1.26366],14,0_27
Pref0,0.8885[0.222638],0.892468[0.21716],0.88446[0.22801],14,0_27
Signal0,1[0],1[0],1[0],14,0_27
Hybridindex,17.8985[1.19371],17.8797[1.19471],17.9178[1.19237],15,0_27
Pref0,0.886[0.221368],0.883136[0.226241],0.888945[0.216203],15,0_27
Signal0,1[0],1[0],1[0],15,0_27
Hybridindex,17.915[1.18544],17.9336[1.16307],17.8966[1.20686],16,0_27
Pref0,0.8845[0.225632],0.893863[0.216411],0.875249[0.234019],16,0_27
Signal0,1[0],1[0],1[0],16,0_27
Hybridindex,17.9002[1.15517],17.879[1.16903],17.9213[1.14087],17,0_27
Pref0,0.88575[0.226543],0.884036[0.228176],0.88745[0.224899],17,0_27
Signal0,1[0],1[0],1[0],17,0_27
Hybridindex,17.922[1.17714],17.9195[1.16153],17.9245[1.19236],18,0_27
Pref0,0.8855[0.224477],0.877264[0.234212],0.893638[0.214113],18,0_27
Signal0,1[0],1[0],1[0],18,0_27
Hybridindex,17.9443[1.18016],17.9533[1.17606],17.9353[1.18414],19,0_27
Pref0,0.894[0.215671],0.899096[0.210443],0.888944[0.220619],19,0_27
Signal0,1[0],1[0],1[0],19,0_27
Hybridindex,17.9187[1.18333],17.8788[1.16956],17.9596[1.19587],20,0_27
Pref0,0.88575[0.226543],0.884273[0.227792],0.88726[0.22525],20,0_27
Signal0,1[0],1[0],1[0],20,0_27
Hybridindex,17.9078[1.19619],17.8865[1.19784],17.9297[1.19408],21,0_27
Pref0,0.87375[0.232241],0.867387[0.239919],0.880346[0.223813],21,0_27
Signal0,1[0],1[0],1[0],21,0_27
Hybridindex,17.8828[1.19598],17.8749[1.16087],17.8905[1.22945],22,0_27
Pref0,0.879[0.229911],0.872351[0.233653],0.88553[0.225985],22,0_27
Signal0,1[0],1[0],1[0],22,0_27
Hybridindex,17.8747[1.17418],17.8279[1.15742],17.9232[1.18933],23,0_27
Pref0,0.88375[0.223296],0.886431[0.224228],0.880977[0.222293],23,0_27
Signal0,1[0],1[0],1[0],23,0_27
Hybridindex,17.8783[1.18619],17.9522[1.15687],17.802[1.21095],24,0_27
Pref0,0.88275[0.221647],0.879803[0.222693],0.885787[0.220523],24,0_27
Signal0,1[0],1[0],1[0],24,0_27
Hybridindex,17.8438[1.19571],17.8702[1.2086],17.8154[1.18104],25,0_27
Pref0,0.88425[0.225781],0.890444[0.219281],0.877593[0.232379],25,0_27
Signal0,1[0],1[0],1[0],25,0_27
Hybridindex,17.8442[1.17265],17.866[1.12875],17.822[1.2155],26,0_27
Pref0,0.88775[0.226991],0.891691[0.226552],0.883721[0.227369],26,0_27
Signal0,1[0],1[0],1[0],26,0_27
Hybridindex,17.8358[1.15289],17.7972[1.13945],17.8747[1.16503],27,0_27
Pref0,0.88025[0.227563],0.88171[0.229364],0.878773[0.225716],27,0_27
Signal0,1[0],1[0],1[0],27,0_27
Hybridindex,17.8263[1.14223],17.8499[1.11701],17.8037[1.16531],28,0_27
Pref0,0.87525[0.231975],0.875512[0.229987],0.875[0.233854],28,0_27
Signal0,1[0],1[0],1[0],28,0_27
Hybridindex,17.83[1.14011],17.8192[1.13247],17.8408[1.14761],29,0_27
Pref0,0.88075[0.224509],0.887612[0.216932],0.873874[0.23165],29,0_27
Signal0,1[0],1[0],1[0],29,0_27
Hybridindex,17.8395[1.12116],17.8682[1.12893],17.8109[1.11263],30,0_27
Pref0,0.8755[0.230759],0.878758[0.230077],0.872255[0.231391],30,0_27
Signal0,1[0],1[0],1[0],30,0_27
Hybridindex,17.844[1.11307],17.8378[1.13591],17.8505[1.08889],31,0_27
Pref0,0.87175[0.237544],0.87119[0.237004],0.87233[0.238099],31,0_27
Signal0,1[0],1[0],1[0],31,0_27
Hybridindex,17.8415[1.10877],17.8058[1.1273],17.8766[1.08913],32,0_27
Pref0,0.86775[0.236928],0.871342[0.237388],0.864222[0.236422],32,0_27
Signal0,1[0],1[0],1[0],32,0_27
Hybridindex,17.8317[1.09067],17.8523[1.09793],17.8125[1.08347],33,0_27
Pref0,0.867[0.241994],0.874483[0.24266],0.859981[0.241156],33,0_27
Signal0,1[0],1[0],1[0],33,0_27
Hybridindex,17.854[1.12813],17.8001[1.12576],17.9088[1.12791],34,0_27
Pref0,0.87[0.235797],0.86756[0.236897],0.87248[0.234647],34,0_27
Signal0,1[0],1[0],1[0],34,0_27
Hybridindex,17.8077[1.15365],17.8387[1.14426],17.7793[1.1615],35,0_27
Pref0,0.87125[0.239893],0.862213[0.252982],0.879559[0.226876],35,0_27
Signal0,1[0],1[0],1[0],35,0_27
Hybridindex,17.849[1.14114],17.8646[1.16405],17.8337[1.11787],36,0_27
Pref0,0.87375[0.232241],0.873615[0.231873],0.873883[0.232603],36,0_27
Signal0,1[0],1[0],1[0],36,0_27
Hybridindex,17.8712[1.13624],17.808[1.16924],17.9396[1.09535],37,0_27
Pref0,0.86325[0.243771],0.857555[0.247058],0.869407[0.240015],37,0_27
Signal0,1[0],1[0],1[0],37,0_27
Hybridindex,17.8705[1.11309],17.8973[1.09986],17.845[1.12493],38,0_27
Pref0,0.86025[0.24258],0.867043[0.236617],0.853801[0.247935],38,0_27
Signal0,1[0],1[0],1[0],38,0_27
Hybridindex,17.844[1.13772],17.8293[1.1659],17.8596[1.10674],39,0_27
Pref0,0.8565[0.245271],0.85839[0.241891],0.854489[0.248801],39,0_27
Signal0,1[0],1[0],1[0],39,0_27
Hybridindex,17.8498[1.13183],17.859[1.10174],17.8403[1.16189],40,0_27
Pref0,0.85275[0.251381],0.85355[0.248273],0.851927[0.254536],40,0_27
Signal0,1[0],1[0],1[0],40,0_27
Hybridindex,17.8525[1.12316],17.8375[1.1339],17.8673[1.11226],41,0_27
Pref0,0.85275[0.250385],0.847082[0.252266],0.85835[0.248384],41,0_27
Signal0,1[0],1[0],1[0],41,0_27
Hybridindex,17.8565[1.11553],17.8023[1.12381],17.9117[1.10431],42,0_27
Pref0,0.86025[0.244121],0.855302[0.245624],0.865288[0.242477],42,0_27
Signal0,1[0],1[0],1[0],42,0_27
Hybridindex,17.8358[1.10878],17.8438[1.10762],17.8276[1.1099],43,0_27
Pref0,0.8675[0.233867],0.867063[0.233984],0.867944[0.233747],43,0_27
Signal0,1[0],1[0],1[0],43,0_27
Hybridindex,17.8268[1.12009],17.8134[1.10391],17.8407[1.13656],44,0_27
Pref0,0.873[0.235841],0.874633[0.23305],0.871297[0.238705],44,0_27
Signal0,1[0],1[0],1[0],44,0_27
Hybridindex,17.864[1.13049],17.8411[1.13726],17.8865[1.12334],45,0_27
Pref0,0.872[0.233701],0.873865[0.22848],0.870168[0.238703],45,0_27
Signal0,1[0],1[0],1[0],45,0_27
Hybridindex,17.9265[1.10977],17.9234[1.12595],17.9296[1.09318],46,0_27
Pref0,0.867[0.24251],0.864179[0.246791],0.869849[0.238073],46,0_27
Signal0,1[0],1[0],1[0],46,0_27
Hybridindex,17.9297[1.09963],17.9259[1.09338],17.9334[1.10558],47,0_27
Pref0,0.86275[0.245025],0.855465[0.251245],0.869736[0.238701],47,0_27
Signal0,1[0],1[0],1[0],47,0_27
Hybridindex,17.9565[1.09846],17.923[1.08009],17.9887[1.1149],48,0_27
Pref0,0.86325[0.244284],0.869011[0.240874],0.857704[0.247395],48,0_27
Signal0,1[0],1[0],1[0],48,0_27
Hybridindex,17.967[1.09655],17.9563[1.12051],17.9778[1.07154],49,0_27
Pref0,0.86675[0.235838],0.868056[0.234545],0.865423[0.237137],49,0_27
Signal0,1[0],1[0],1[0],49,0_27
Hybridindex,18.0078[1.10094],17.9877[1.12246],18.0285[1.07778],50,0_27
Pref0,0.86525[0.240245],0.869352[0.234801],0.860998[0.245688],50,0_27
Signal0,1[0],1[0],1[0],50,0_27
Hybridindex,18.013[1.08413],18.0055[1.10156],18.0205[1.06639],51,0_27
Pref0,0.87[0.238956],0.85986[0.246863],0.88012[0.23035],51,0_27
Signal0,1[0],1[0],1[0],51,0_27
Hybridindex,18.0033[1.05847],17.9581[1.08239],18.0497[1.03124],52,0_27
Pref0,0.875[0.232648],0.876233[0.22909],0.873732[0.236244],52,0_27
Signal0,1[0],1[0],1[0],52,0_27
Hybridindex,18.0445[1.04416],18.0731[1.03554],18.014[1.05243],53,0_27
Pref0,0.8805[0.22742],0.874637[0.231823],0.886763[0.222449],53,0_27
Signal0,1[0],1[0],1[0],53,0_27
Hybridindex,18.0302[1.05604],18.0305[1.04653],18.03[1.06547],54,0_27
Pref0,0.87175[0.238069],0.865634[0.242114],0.877878[0.233786],54,0_27
Signal0,1[0],1[0],1[0],54,0_27
Hybridindex,18.0362[1.03359],18.0534[1.04036],18.0197[1.02674],55,0_27
Pref0,0.86625[0.242355],0.857579[0.250251],0.874631[0.234165],55,0_27
Signal0,1[0],1[0],1[0],55,0_27
Hybridindex,18.049[1.0406],18.0454[1.00668],18.0524[1.07155],56,0_27
Pref0,0.86475[0.238396],0.859278[0.241434],0.869903[0.235382],56,0_27
Signal0,1[0],1[0],1[0],56,0_27
Hybridindex,18.0697[1.02336],18.0674[1.00935],18.072[1.03625],57,0_27
Pref0,0.866[0.236736],0.871503[0.233394],0.86087[0.239696],57,0_27
Signal0,1[0],1[0],1[0],57,0_27
Hybridindex,18.0545[1.01921],18.0936[0.995347],18.0191[1.03909],58,0_27
Pref0,0.87325[0.231969],0.867508[0.235641],0.878456[0.228463],58,0_27
Signal0,1[0],1[0],1[0],58,0_27
Hybridindex,18.0512[0.998248],18.0598[0.986524],18.0432[1.0091],59,0_27
Pref0,0.8665[0.241718],0.865979[0.24151],0.86699[0.241913],59,0_27
Signal0,1[0],1[0],1[0],59,0_27
Hybridindex,18.037[0.990394],18.06[0.953625],18.014[1.02533],60,0_27
Pref0,0.85925[0.247618],0.8675[0.238104],0.851[0.256513],60,0_27
Signal0,1[0],1[0],1[0],60,0_27
Hybridindex,18.0742[0.98988],18.0951[0.978878],18.0528[1.00064],61,0_27
Pref0,0.8535[0.254534],0.86601[0.248696],0.840609[0.259784],61,0_27
Signal0,1[0],1[0],1[0],61,0_27
Hybridindex,18.0682[0.997856],18.0798[1.00478],18.0567[0.990703],62,0_27
Pref0,0.852[0.253665],0.851944[0.258],0.852056[0.249228],62,0_27
Signal0,1[0],1[0],1[0],62,0_27
Hybridindex,18.0602[1.01452],18.0965[1.00452],18.0225[1.02348],63,0_27
Pref0,0.8575[0.246868],0.856513[0.245885],0.858529[0.247884],63,0_27
Signal0,1[0],1[0],1[0],63,0_27
Hybridindex,18.0233[1.06305],18.047[1.0652],17.9995[1.06037],64,0_27
Pref0,0.8525[0.254939],0.863137[0.247363],0.841842[0.261877],64,0_27
Signal0,1[0],1[0],1[0],64,0_27
Hybridindex,17.9975[1.05983],17.9747[1.08318],18.0198[1.036],65,0_27
Pref0,0.85875[0.245303],0.865015[0.238443],0.852621[0.251682],65,0_27
Signal0,1[0],1[0],1[0],65,0_27
Hybridindex,18.0165[1.04975],18.0321[1.02522],18.001[1.0734],66,0_27
Pref0,0.8695[0.238683],0.869739[0.23702],0.869261[0.240328],66,0_27
Signal0,1[0],1[0],1[0],66,0_27
Hybridindex,18.031[1.00637],18.0136[0.997763],18.0481[1.01449],67,0_27
Pref0,0.865[0.240884],0.875504[0.233043],0.854663[0.247924],67,0_27
Signal0,1[0],1[0],1[0],67,0_27
Hybridindex,18.024[1.00296],18.0313[1.01385],18.0164[0.991394],68,0_27
Pref0,0.85975[0.242806],0.867906[0.234432],0.851227[0.250977],68,0_27
Signal0,1[0],1[0],1[0],68,0_27
Hybridindex,18.046[1.00381],18.0633[0.992784],18.0307[1.01324],69,0_27
Pref0,0.854[0.245833],0.85266[0.248063],0.855189[0.243832],69,0_27
Signal0,1[0],1[0],1[0],69,0_27
Hybridindex,18.023[0.998484],18.0074[0.994376],18.0388[1.00239],70,0_27
Pref0,0.85225[0.252081],0.850694[0.252526],0.853831[0.251619],70,0_27
Signal0,1[0],1[0],1[0],70,0_27
Hybridindex,18.0257[1.01868],18.0254[1.03448],18.0261[1.00376],71,0_27
Pref0,0.8445[0.259942],0.837137[0.263496],0.851351[0.256401],71,0_27
Signal0,1[0],1[0],1[0],71,0_27
Hybridindex,18.029[1.03557],18.0609[1.01619],17.9959[1.05427],72,0_27
Pref0,0.843[0.251199],0.837426[0.260994],0.848778[0.240488],72,0_27
Signal0,1[0],1[0],1[0],72,0_27
Hybridindex,18.0025[1.01378],18.058[1.01044],17.9507[1.01414],73,0_27
Pref0,0.84225[0.256885],0.851295[0.251237],0.833816[0.26176],73,0_27
Signal0,1[0],1[0],1[0],73,0_27
Hybridindex,18.0317[1.02329],18.0316[1.00811],18.0319[1.03864],74,0_27
Pref0,0.84475[0.257434],0.84304[0.260123],0.846505[0.254634],74,0_27
Signal0,1[0],1[0],1[0],74,0_27
Hybridindex,18.035[0.993869],18.0139[0.980092],18.0564[1.0072],75,0_27
Pref0,0.853[0.253261],0.855511[0.253529],0.850453[0.252963],75,0_27
Signal0,1[0],1[0],1[0],75,0_27
Hybridindex,18.05[1.02616],18.025[1.00938],18.0751[1.04209],76,0_27
Pref0,0.84725[0.254052],0.843656[0.256352],0.850851[0.251675],76,0_27
Signal0,1[0],1[0],1[0],76,0_27
Hybridindex,18.0508[1.02472],18.0704[1.02088],18.0311[1.02818],77,0_27
Pref0,0.854[0.246848],0.859281[0.246044],0.848697[0.24754],77,0_27
Signal0,1[0],1[0],1[0],77,0_27
Hybridindex,18.059[1.00996],18.0197[1.01921],18.1016[0.998096],78,0_27
Pref0,0.85075[0.253672],0.850481[0.258509],0.851042[0.248326],78,0_27
Signal0,1[0],1[0],1[0],78,0_27
Hybridindex,18.1055[0.993161],18.1004[1.00389],18.1108[0.981819],79,0_27
Pref0,0.85225[0.252081],0.856513[0.243885],0.847804[0.26028],79,0_27
Signal0,1[0],1[0],1[0],79,0_27
Hybridindex,18.1028[0.987328],18.0974[0.98534],18.1085[0.989412],80,0_27
Pref0,0.85825[0.24856],0.86095[0.240712],0.855372[0.256631],80,0_27
Signal0,1[0],1[0],1[0],80,0_27
Hybridindex,18.0742[1.01235],18.0847[1.02213],18.064[1.00254],81,0_27
Pref0,0.856[0.24701],0.858871[0.240216],0.853175[0.253487],81,0_27
Signal0,1[0],1[0],1[0],81,0_27
Hybridindex,18.0392[1.0504],18.0672[1.06201],18.0123[1.03836],82,0_27
Pref0,0.85725[0.246977],0.861507[0.244418],0.853143[0.249351],82,0_27
Signal0,1[0],1[0],1[0],82,0_27
Hybridindex,18.001[1.0361],18.0359[1.01931],17.9639[1.05236],83,0_27
Pref0,0.8485[0.254554],0.853398[0.258568],0.843299[0.250116],83,0_27
Signal0,1[0],1[0],1[0],83,0_27
Hybridindex,18.0093[1.02239],18.0061[1.03592],18.0124[1.00893],84,0_27
Pref0,0.848[0.248789],0.855701[0.244754],0.840436[0.252461],84,0_27
Signal0,1[0],1[0],1[0],84,0_27
Hybridindex,17.99[1.04422],17.9781[1.03815],18.0015[1.04991],85,0_27
Pref0,0.84175[0.26331],0.850153[0.256361],0.83366[0.269582],85,0_27
Signal0,1[0],1[0],1[0],85,0_27
Hybridindex,18.0143[1.02649],18.0335[0.987701],17.9956[1.06251],86,0_27
Pref0,0.841[0.260229],0.841278[0.258546],0.84073[0.261855],86,0_27
Signal0,1[0],1[0],1[0],86,0_27
Hybridindex,17.9977[1.02658],18.0227[1.02847],17.9732[1.02413],87,0_27
Pref0,0.842[0.25843],0.839051[0.265923],0.844896[0.250819],87,0_27
Signal0,1[0],1[0],1[0],87,0_27
Hybridindex,17.988[1.03543],18.0142[1.02566],17.9625[1.04422],88,0_27
Pref0,0.8345[0.261457],0.838399[0.258541],0.830701[0.264211],88,0_27
Signal0,1[0],1[0],1[0],88,0_27
Hybridindex,18.0098[1.03912],18.0303[1.05743],17.9896[1.02043],89,0_27
Pref0,0.82975[0.267656],0.837033[0.25891],0.822597[0.27579],89,0_27
Signal0,1[0],1[0],1[0],89,0_27
Hybridindex,18.022[1.03405],17.976[1.05216],18.0679[1.01358],90,0_27
Pref0,0.83825[0.25877],0.845345[0.253811],0.831169[0.263435],90,0_27
Signal0,1[0],1[0],1[0],90,0_27
Hybridindex,18.0255[1.04444],18.0416[1.05742],18.0109[1.03236],91,0_27
Pref0,0.8435[0.254966],0.838251[0.254406],0.84824[0.255378],91,0_27
Signal0,1[0],1[0],1[0],91,0_27
Hybridindex,18.0267[1.03762],18.0212[1.0315],18.0319[1.04328],92,0_27
Pref0,0.84425[0.25518],0.845238[0.259624],0.843327[0.250954],92,0_27
Signal0,1[0],1[0],1[0],92,0_27
Hybridindex,18.0027[1.0567],17.9796[1.05026],18.025[1.06239],93,0_27
Pref0,0.84125[0.256268],0.846585[0.252734],0.836114[0.259521],93,0_27
Signal0,1[0],1[0],1[0],93,0_27
Hybridindex,18.0257[1.02942],18.0145[1.02491],18.0371[1.03381],94,0_27
Pref0,0.841[0.258784],0.828842[0.272485],0.853206[0.243646],94,0_27
Signal0,1[0],1[0],1[0],94,0_27
Hybridindex,18.03[1.05029],18.0135[1.03057],18.0465[1.06939],95,0_27
Pref0,0.83275[0.266275],0.8315[0.264306],0.834[0.268224],95,0_27
Signal0,1[0],1[0],1[0],95,0_27
Hybridindex,18.0487[1.02786],18.0262[1.03071],18.0728[1.02428],96,0_27
Pref0,0.833[0.260501],0.830747[0.260037],0.835397[0.260974],96,0_27
Signal0,1[0],1[0],1[0],96,0_27
Hybridindex,18.0465[1.01037],18.0535[1.01237],18.0392[1.00824],97,0_27
Pref0,0.835[0.265094],0.833006[0.269816],0.837067[0.260093],97,0_27
Signal0,1[0],1[0],1[0],97,0_27
Hybridindex,18.0815[1.01174],18.0854[0.976195],18.0774[1.04778],98,0_27
Pref0,0.82275[0.265438],0.827805[0.262925],0.817436[0.267953],98,0_27
Signal0,1[0],1[0],1[0],98,0_27
Hybridindex,18.0463[1.0061],18.0278[1.01233],18.0657[0.999124],99,0_27
Pref0,0.8245[0.275136],0.821637[0.276358],0.827515[0.27381],99,0_27
Signal0,1[0],1[0],1[0],99,0_27
Hybridindex,18.046[1.00019],18.0564[0.986168],18.0352[1.01444],100,0_27
Pref0,0.822[0.270769],0.815505[0.275451],0.828746[0.265651],100,0_27
Signal0,1[0],1[0],1[0],100,0_27
Hybridindex,12.83[8.14193],12.9832[8.046],12.6741[8.23554],1,0_28
Pref0,0.6415[0.407097],0.649158[0.4023],0.633703[0.411777],1,0_28
Signal0,0.6415[0.407097],0.649158[0.4023],0.633703[0.411777],1,0_28
Hybridindex,15.5225[5.81483],15.5892[5.77125],15.4554[5.85758],2,0_28
Pref0,0.775[0.322684],0.777667[0.324966],0.772317[0.32035],2,0_28
Signal0,0.77825[0.316547],0.780658[0.316928],0.775827[0.316144],2,0_28
Hybridindex,17.2443[3.62263],17.3226[3.50076],17.1672[3.73709],3,0_28
Pref0,0.86525[0.244372],0.872984[0.2449],0.857639[0.243611],3,0_28
Signal0,0.88325[0.225265],0.895161[0.216732],0.871528[0.232765],3,0_28
Hybridindex,17.7628[2.40886],17.7745[2.40631],17.7508[2.41138],4,0_28
Pref0,0.897[0.214222],0.900396[0.212913],0.893542[0.215492],4,0_28
Signal0,0.93775[0.165831],0.945986[0.155208],0.929364[0.175593],4,0_28
Hybridindex,17.9305[1.84551],17.952[1.85468],17.9082[1.83565],5,0_28
Pref0,0.902[0.208916],0.910784[0.193981],0.892857[0.223036],5,0_28
Signal0,0.9615[0.133296],0.961765[0.132875],0.961224[0.133732],5,0_28
Hybridindex,17.9632[1.61192],17.983[1.63744],17.9435[1.58574],6,0_28
Pref0,0.9055[0.207533],0.909[0.204252],0.902[0.210704],6,0_28
Signal0,0.98325[0.0899691],0.985[0.0852936],0.9815[0.0943809],6,0_28
Hybridindex,17.919[1.46627],17.9194[1.46421],17.9186[1.46832],7,0_28
Pref0,0.902[0.207716],0.899399[0.209006],0.904595[0.206389],7,0_28
Signal0,0.99325[0.0577013],0.993994[0.0544695],0.992507[0.0607463],7,0_28
Hybridindex,17.948[1.33456],17.9219[1.32703],17.973[1.34128],8,0_28
Pref0,0.90175[0.212066],0.90102[0.21285],0.902451[0.211307],8,0_28
Signal0,0.998[0.0315595],0.99949[0.0159638],0.996569[0.0412785],8,0_28
Hybridindex,17.9303[1.2856],17.9109[1.28827],17.9502[1.28253],9,0_28
Pref0,0.90275[0.207768],0.905512[0.201932],0.899898[0.213588],9,0_28
Signal0,0.99825[0.0295286],0.998524[0.0271295],0.997967[0.031814],9,0_28
Hybridindex,17.8783[1.25272],17.9067[1.22976],17.8512[1.27358],10,0_28
Pref0,0.8905[0.219111],0.901538[0.210123],0.88[0.226834],10,0_28
Signal0,0.9985[0.027345],0.998462[0.0276923],0.998537[0.0270105],10,0_28
Hybridindex,17.9007[1.24921],17.9187[1.21955],17.8818[1.2795],11,0_28
Pref0,0.886[0.225286],0.890458[0.220486],0.881295[0.230152],11,0_28
Signal0,0.999[0.0223383],0.999513[0.0155946],0.998458[0.0277207],11,0_28
Hybridindex,17.8855[1.25335],17.844[1.26695],17.927[1.23821],12,0_28
Pref0,0.8815[0.232288],0.8815[0.232826],0.8815[0.231749],12,0_28
Signal0,0.99975[0.0111775],0.9995[0.0158035],1[0],12,0_28
Hybridindex,17.8625[1.23485],17.8412[1.22962],17.8836[1.23964],13,0_28
Pref0,0.88425[0.219606],0.880402[0.223647],0.88806[0.215464],13,0_28
Signal0,1[0],1[0],1[0],13,0_28
Hybridindex,17.8092[1.22075],17.8612[1.21211],17.7598[1.2269],14,0_28
Pref0,0.883[0.23035],0.882684[0.234821],0.883301[0.226006],14,0_28
Signal0,1[0],1[0],1[0],14,0_28
Hybridindex,17.8285[1.21113],17.7959[1.20536],17.8621[1.21612],15,0_28
Pref0,0.884[0.225929],0.886588[0.22085],0.881339[0.231006],15,0_28
Signal0,1[0],1[0],1[0],15,0_28
Hybridindex,17.8553[1.17523],17.8599[1.17767],17.8506[1.17276],16,0_28
Pref0,0.888[0.226839],0.886341[0.231047],0.889669[0.222513],16,0_28
Signal0,1[0],1[0],1[0],16,0_28
Hybridindex,17.86[1.19034],17.8427[1.17902],17.8771[1.20119],17,0_28
Pref0,0.88475[0.225483],0.875879[0.229531],0.893532[0.221051],17,0_28
Signal0,1[0],1[0],1[0],17,0_28
Hybridindex,17.845[1.19957],17.8703[1.18283],17.8203[1.21516],18,0_28
Pref0,0.88975[0.21959],0.894124[0.212778],0.885489[0.225949],18,0_28
Signal0,1[0],1[0],1[0],18,0_28
Hybridindex,17.8667[1.19452],17.8827[1.17384],17.8506[1.21487],19,0_28
Pref0,0.8915[0.219038],0.885686[0.225937],0.897384[0.211665],19,0_28
Signal0,1[0],1[0],1[0],19,0_28
Hybridindex,17.8248[1.20951],17.8608[1.15628],17.7877[1.26073],20,0_28
Pref0,0.88275[0.226666],0.88154[0.233614],0.883992[0.2193],20,0_28
Signal0,1[0],1[0],1[0],20,0_28
Hybridindex,17.7978[1.23641],17.8058[1.24482],17.7902[1.22843],21,0_28
Pref0,0.885[0.223103],0.892562[0.21399],0.877907[0.2311],21,0_28
Signal0,1[0],1[0],1[0],21,0_28
Hybridindex,17.7737[1.19945],17.8126[1.2044],17.7338[1.19302],22,0_28
Pref0,0.87925[0.223706],0.874753[0.224473],0.883874[0.22282],22,0_28
Signal0,1[0],1[0],1[0],22,0_28
Hybridindex,17.7817[1.18764],17.795[1.21563],17.7692[1.16037],23,0_28
Pref0,0.87975[0.232196],0.888489[0.22703],0.87147[0.236689],23,0_28
Signal0,1[0],1[0],1[0],23,0_28
Hybridindex,17.8205[1.17432],17.8477[1.15905],17.7935[1.18863],24,0_28
Pref0,0.8675[0.242268],0.863317[0.249444],0.871642[0.234874],24,0_28
Signal0,1[0],1[0],1[0],24,0_28
Hybridindex,17.8098[1.18044],17.8389[1.20933],17.7797[1.14913],25,0_28
Pref0,0.86525[0.242832],0.856158[0.251104],0.874619[0.233633],25,0_28
Signal0,1[0],1[0],1[0],25,0_28
Hybridindex,17.8517[1.19891],17.8292[1.16261],17.8746[1.23422],26,0_28
Pref0,0.86675[0.240561],0.867428[0.2401],0.866062[0.241025],26,0_28
Signal0,1[0],1[0],1[0],26,0_28
Hybridindex,17.8908[1.16423],17.8792[1.15293],17.9032[1.1762],27,0_28
Pref0,0.864[0.24084],0.872474[0.235969],0.854839[0.24567],27,0_28
Signal0,1[0],1[0],1[0],27,0_28
Hybridindex,17.9473[1.1643],17.937[1.17575],17.9569[1.15337],28,0_28
Pref0,0.86225[0.243721],0.853306[0.249316],0.87064[0.238048],28,0_28
Signal0,1[0],1[0],1[0],28,0_28
Hybridindex,17.937[1.12707],17.9565[1.12756],17.918[1.12626],29,0_28
Pref0,0.86425[0.240722],0.872976[0.234453],0.855731[0.24639],29,0_28
Signal0,1[0],1[0],1[0],29,0_28
Hybridindex,17.9505[1.12552],17.9401[1.10901],17.9618[1.14318],30,0_28
Pref0,0.864[0.243421],0.861111[0.243421],0.867155[0.243382],30,0_28
Signal0,1[0],1[0],1[0],30,0_28
Hybridindex,17.9542[1.09763],17.9588[1.09451],17.9496[1.10076],31,0_28
Pref0,0.86075[0.244406],0.864087[0.240659],0.857359[0.24811],31,0_28
Signal0,1[0],1[0],1[0],31,0_28
Hybridindex,17.9788[1.09393],17.9615[1.10262],17.996[1.08489],32,0_28
Pref0,0.85975[0.244346],0.8595[0.235605],0.86[0.252784],32,0_28
Signal0,1[0],1[0],1[0],32,0_28
Hybridindex,17.95[1.12827],17.9845[1.13287],17.9178[1.123],33,0_28
Pref0,0.8665[0.238071],0.864389[0.234752],0.868472[0.241113],33,0_28
Signal0,1[0],1[0],1[0],33,0_28
Hybridindex,17.8858[1.11918],17.8944[1.10047],17.8775[1.13681],34,0_28
Pref0,0.8635[0.241076],0.859184[0.247575],0.867647[0.234588],34,0_28
Signal0,1[0],1[0],1[0],34,0_28
Hybridindex,17.8735[1.10995],17.894[1.14121],17.8543[1.07952],35,0_28
Pref0,0.85625[0.246396],0.86091[0.244996],0.851888[0.247619],35,0_28
Signal0,1[0],1[0],1[0],35,0_28
Hybridindex,17.868[1.08459],17.8141[1.08352],17.9178[1.08318],36,0_28
Pref0,0.8635[0.243141],0.867188[0.241127],0.860096[0.244937],36,0_28
Signal0,1[0],1[0],1[0],36,0_28
Hybridindex,17.8532[1.08471],17.8753[1.07668],17.8324[1.09187],37,0_28
Pref0,0.86125[0.246725],0.860883[0.240635],0.861598[0.252371],37,0_28
Signal0,1[0],1[0],1[0],37,0_28
Hybridindex,17.865[1.09191],17.8891[1.11132],17.8437[1.07403],38,0_28
Pref0,0.878[0.228836],0.882729[0.221692],0.873823[0.234886],38,0_28
Signal0,1[0],1[0],1[0],38,0_28
Hybridindex,17.846[1.10353],17.8801[1.09102],17.8127[1.11461],39,0_28
Pref0,0.8775[0.226371],0.87753[0.227602],0.87747[0.225162],39,0_28
Signal0,1[0],1[0],1[0],39,0_28
Hybridindex,17.8637[1.11212],17.8414[1.10513],17.8856[1.1185],40,0_28
Pref0,0.8805[0.231235],0.877273[0.235356],0.883663[0.227079],40,0_28
Signal0,1[0],1[0],1[0],40,0_28
Hybridindex,17.8607[1.06629],17.845[1.06407],17.8766[1.06829],41,0_28
Pref0,0.873[0.232101],0.874875[0.231056],0.871113[0.233133],41,0_28
Signal0,1[0],1[0],1[0],41,0_28
Hybridindex,17.9168[1.06733],17.9385[1.05465],17.8947[1.07961],42,0_28
Pref0,0.867[0.241477],0.860615[0.242274],0.873488[0.24049],42,0_28
Signal0,1[0],1[0],1[0],42,0_28
Hybridindex,17.9438[1.047],17.9179[1.04633],17.9683[1.04705],43,0_28
Pref0,0.8665[0.242235],0.865641[0.243687],0.867317[0.240842],43,0_28
Signal0,1[0],1[0],1[0],43,0_28
Hybridindex,17.9432[1.06766],17.9111[1.06084],17.9751[1.07344],44,0_28
Pref0,0.8705[0.242857],0.869478[0.244482],0.871514[0.241231],44,0_28
Signal0,1[0],1[0],1[0],44,0_28
Hybridindex,17.9255[1.09131],17.9172[1.11034],17.9338[1.07203],45,0_28
Pref0,0.8705[0.234478],0.873996[0.230541],0.867032[0.238268],45,0_28
Signal0,1[0],1[0],1[0],45,0_28
Hybridindex,17.9413[1.09358],17.9501[1.10865],17.9325[1.07847],46,0_28
Pref0,0.86975[0.238558],0.882056[0.226074],0.857639[0.249645],46,0_28
Signal0,1[0],1[0],1[0],46,0_28
Hybridindex,17.9453[1.07744],17.9407[1.08665],17.9501[1.06759],47,0_28
Pref0,0.8715[0.239766],0.873541[0.241711],0.869342[0.237672],47,0_28
Signal0,1[0],1[0],1[0],47,0_28
Hybridindex,17.9675[1.03655],17.9622[1.03337],17.9731[1.03991],48,0_28
Pref0,0.874[0.239006],0.874031[0.238341],0.873967[0.239714],48,0_28
Signal0,1[0],1[0],1[0],48,0_28
Hybridindex,18.0012[1.02011],18.003[1.01234],17.9995[1.02791],49,0_28
Pref0,0.87125[0.234624],0.866302[0.2365],0.876258[0.232603],49,0_28
Signal0,1[0],1[0],1[0],49,0_28
Hybridindex,17.9752[1.02226],17.9947[1.03344],17.9542[1.00958],50,0_28
Pref0,0.8665[0.239119],0.860096[0.244937],0.873437[0.232452],50,0_28
Signal0,1[0],1[0],1[0],50,0_28
Hybridindex,17.9683[1.00877],17.9558[0.98393],17.9811[1.03378],51,0_28
Pref0,0.8695[0.231235],0.86948[0.227287],0.869521[0.235267],51,0_28
Signal0,1[0],1[0],1[0],51,0_28
Hybridindex,17.9925[1.02406],17.9812[1.04294],18.0047[1.00323],52,0_28
Pref0,0.88125[0.228634],0.881757[0.230965],0.880705[0.226101],52,0_28
Signal0,1[0],1[0],1[0],52,0_28
Hybridindex,17.974[1.05692],17.939[1.05169],18.0096[1.06103],53,0_28
Pref0,0.89[0.223383],0.893954[0.219589],0.885974[0.227111],53,0_28
Signal0,1[0],1[0],1[0],53,0_28
Hybridindex,17.965[1.04332],17.9559[1.06534],17.9742[1.0203],54,0_28
Pref0,0.891[0.221063],0.886139[0.221171],0.89596[0.220843],54,0_28
Signal0,1[0],1[0],1[0],54,0_28
Hybridindex,17.971[1.04757],17.9133[1.0867],18.0291[1.00333],55,0_28
Pref0,0.89175[0.222277],0.891825[0.225522],0.891675[0.218963],55,0_28
Signal0,1[0],1[0],1[0],55,0_28
Hybridindex,17.9868[1.06299],17.9604[1.05969],18.013[1.06563],56,0_28
Pref0,0.891[0.217644],0.886774[0.219777],0.89521[0.215416],56,0_28
Signal0,1[0],1[0],1[0],56,0_28
Hybridindex,17.981[1.04254],17.953[1.05722],18.0108[1.02582],57,0_28
Pref0,0.89075[0.221223],0.893895[0.222589],0.887397[0.219706],57,0_28
Signal0,1[0],1[0],1[0],57,0_28
Hybridindex,17.988[1.0567],18.0095[1.04382],17.9665[1.069],58,0_28
Pref0,0.8845[0.226737],0.887113[0.229545],0.881882[0.223857],58,0_28
Signal0,1[0],1[0],1[0],58,0_28
Hybridindex,17.9767[1.04837],17.969[1.03311],17.9842[1.06292],59,0_28
Pref0,0.89725[0.214633],0.88934[0.222898],0.904926[0.206007],59,0_28
Signal0,1[0],1[0],1[0],59,0_28
Hybridindex,17.9688[1.04637],17.9955[1.04791],17.9422[1.04417],60,0_28
Pref0,0.8955[0.214079],0.887048[0.218481],0.903884[0.209284],60,0_28
Signal0,1[0],1[0],1[0],60,0_28
Hybridindex,17.946[1.02046],17.958[1.05202],17.9335[0.986176],61,0_28
Pref0,0.88875[0.223044],0.880254[0.228859],0.897646[0.21643],61,0_28
Signal0,1[0],1[0],1[0],61,0_28
Hybridindex,17.9557[1.0027],17.9585[1.01781],17.9531[0.988088],62,0_28
Pref0,0.897[0.218268],0.889857[0.221557],0.903809[0.214865],62,0_28
Signal0,1[0],1[0],1[0],62,0_28
Hybridindex,17.998[1.03102],18.0178[1.03035],17.9778[1.0313],63,0_28
Pref0,0.90025[0.213131],0.908325[0.207085],0.892028[0.21881],63,0_28
Signal0,1[0],1[0],1[0],63,0_28
Hybridindex,17.999[1.05546],17.9653[1.0493],18.0305[1.06022],64,0_28
Pref0,0.89875[0.216503],0.901139[0.215374],0.896518[0.217528],64,0_28
Signal0,1[0],1[0],1[0],64,0_28
Hybridindex,18.0272[1.02415],18.0472[1.00694],18.007[1.04089],65,0_28
Pref0,0.90075[0.209223],0.890159[0.218691],0.911469[0.19861],65,0_28
Signal0,1[0],1[0],1[0],65,0_28
Hybridindex,18.0538[1.00647],18.0344[1.00044],18.0768[1.01315],66,0_28
Pref0,0.89775[0.214872],0.907254[0.203578],0.886389[0.227117],66,0_28
Signal0,1[0],1[0],1[0],66,0_28
Hybridindex,18.031[1.00575],17.9866[1.05233],18.0763[0.953672],67,0_28
Pref0,0.895[0.217888],0.891197[0.220223],0.898888[0.215405],67,0_28
Signal0,1[0],1[0],1[0],67,0_28
Hybridindex,17.9997[1.01063],18.0073[0.996437],17.9918[1.02534],68,0_28
Pref0,0.8945[0.215336],0.900682[0.210183],0.887975[0.220458],68,0_28
Signal0,1[0],1[0],1[0],68,0_28
Hybridindex,18.0038[1.0074],17.9995[1.02281],18.0077[0.992981],69,0_28
Pref0,0.899[0.213422],0.903024[0.21047],0.895293[0.21604],69,0_28
Signal0,1[0],1[0],1[0],69,0_28
Hybridindex,17.9905[1.00332],18.0044[0.983273],17.9757[1.0241],70,0_28
Pref0,0.8995[0.212485],0.902227[0.212451],0.896587[0.212482],70,0_28
Signal0,1[0],1[0],1[0],70,0_28
Hybridindex,17.9582[0.985333],17.9503[1.00677],17.9657[0.964857],71,0_28
Pref0,0.90025[0.213717],0.888601[0.221335],0.911111[0.205768],71,0_28
Signal0,1[0],1[0],1[0],71,0_28
Hybridindex,17.9805[1.0239],18.0049[1.01971],17.9552[1.02761],72,0_28
Pref0,0.89925[0.21266],0.90413[0.205391],0.894201[0.219814],72,0_28
Signal0,1[0],1[0],1[0],72,0_28
Hybridindex,17.9767[1.01493],17.9697[1.03488],17.9839[0.994327],73,0_28
Pref0,0.89725[0.215795],0.898507[0.216595],0.89598[0.214977],73,0_28
Signal0,1[0],1[0],1[0],73,0_28
Hybridindex,17.9885[0.983803],18.0356[0.975647],17.943[0.989481],74,0_28
Pref0,0.9025[0.20614],0.901222[0.210272],0.903733[0.202066],74,0_28
Signal0,1[0],1[0],1[0],74,0_28
Hybridindex,18.0113[0.995238],18.027[0.981681],17.9949[1.00887],75,0_28
Pref0,0.90675[0.207194],0.908243[0.209375],0.905199[0.204893],75,0_28
Signal0,1[0],1[0],1[0],75,0_28
Hybridindex,17.964[1.01634],17.9639[0.99985],17.9641[1.03251],76,0_28
Pref0,0.9055[0.204499],0.906814[0.201034],0.904192[0.207884],76,0_28
Signal0,1[0],1[0],1[0],76,0_28
Hybridindex,17.9703[1.00399],17.9784[1.01214],17.9622[0.995799],77,0_28
Pref0,0.89875[0.210056],0.900402[0.207116],0.897117[0.212908],77,0_28
Signal0,1[0],1[0],1[0],77,0_28
Hybridindex,17.9795[1.01209],17.9891[1.02292],17.9697[1.0008],78,0_28
Pref0,0.89825[0.208619],0.892186[0.211556],0.904449[0.205389],78,0_28
Signal0,1[0],1[0],1[0],78,0_28
Hybridindex,17.9928[1.01566],17.9786[1.02166],18.0064[1.00964],79,0_28
Pref0,0.89375[0.216416],0.899797[0.210072],0.887906[0.22222],79,0_28
Signal0,1[0],1[0],1[0],79,0_28
Hybridindex,18.0192[0.989573],18.0286[0.994373],18.0093[0.984322],80,0_28
Pref0,0.8905[0.220816],0.889642[0.219828],0.891417[0.221863],80,0_28
Signal0,1[0],1[0],1[0],80,0_28
Hybridindex,18.0065[0.996849],18.0039[0.991624],18.0092[1.00225],81,0_28
Pref0,0.88525[0.220698],0.889706[0.217702],0.880612[0.223679],81,0_28
Signal0,1[0],1[0],1[0],81,0_28
Hybridindex,18.0383[0.995571],18.0249[1.01196],18.0522[0.977923],82,0_28
Pref0,0.88225[0.230781],0.877322[0.234706],0.88741[0.226484],82,0_28
Signal0,1[0],1[0],1[0],82,0_28
Hybridindex,18.0617[0.980465],18.064[0.982046],18.0594[0.978798],83,0_28
Pref0,0.888[0.224067],0.886719[0.227201],0.889344[0.220723],83,0_28
Signal0,1[0],1[0],1[0],83,0_28
Hybridindex,18.0858[0.977508],18.0702[0.978479],18.1006[0.976351],84,0_28
Pref0,0.8885[0.222638],0.88832[0.223668],0.888672[0.221652],84,0_28
Signal0,1[0],1[0],1[0],84,0_28
Hybridindex,18.1045[0.971123],18.0623[0.983808],18.149[0.955533],85,0_28
Pref0,0.883[0.224301],0.879747[0.225879],0.886434[0.222572],85,0_28
Signal0,1[0],1[0],1[0],85,0_28
Hybridindex,18.1045[0.953063],18.1647[0.93823],18.0411[0.964385],86,0_28
Pref0,0.88775[0.228637],0.885965[0.22762],0.88963[0.229689],86,0_28
Signal0,1[0],1[0],1[0],86,0_28
Hybridindex,18.1122[0.962821],18.0969[0.986811],18.1275[0.938169],87,0_28
Pref0,0.88875[0.225274],0.89508[0.22245],0.88247[0.227868],87,0_28
Signal0,1[0],1[0],1[0],87,0_28
Hybridindex,18.1348[0.928691],18.152[0.942361],18.117[0.91411],88,0_28
Pref0,0.8855[0.22336],0.885982[0.223454],0.885005[0.223262],88,0_28
Signal0,1[0],1[0],1[0],88,0_28
Hybridindex,18.1668[0.910944],18.1733[0.929724],18.1601[0.891564],89,0_28
Pref0,0.8945[0.220499],0.893924[0.223056],0.89508[0.217889],89,0_28
Signal0,1[0],1[0],1[0],89,0_28
Hybridindex,18.1872[0.914228],18.1865[0.933254],18.188[0.896013],90,0_28
Pref0,0.88375[0.224969],0.880682[0.223766],0.886628[0.226054],90,0_28
Signal0,1[0],1[0],1[0],90,0_28
Hybridindex,18.1995[0.909368],18.2199[0.912236],18.1793[0.90606],91,0_28
Pref0,0.88625[0.225135],0.890562[0.224215],0.881972[0.225963],91,0_28
Signal0,1[0],1[0],1[0],91,0_28
Hybridindex,18.1792[0.894564],18.1876[0.906963],18.1708[0.88186],92,0_28
Pref0,0.8945[0.217071],0.895709[0.217387],0.893287[0.216746],92,0_28
Signal0,1[0],1[0],1[0],92,0_28
Hybridindex,18.1855[0.911367],18.185[0.933184],18.186[0.888511],93,0_28
Pref0,0.894[0.217403],0.886746[0.226316],0.901416[0.207635],93,0_28
Signal0,1[0],1[0],1[0],93,0_28
Hybridindex,18.1767[0.943204],18.1615[0.938785],18.1911[0.947139],94,0_28
Pref0,0.88675[0.228691],0.888889[0.230182],0.884728[0.227254],94,0_28
Signal0,1[0],1[0],1[0],94,0_28
Hybridindex,18.1445[0.933338],18.1469[0.936446],18.1423[0.930534],95,0_28
Pref0,0.89525[0.214249],0.892706[0.220176],0.897533[0.208759],95,0_28
Signal0,1[0],1[0],1[0],95,0_28
Hybridindex,18.116[0.973162],18.138[0.952867],18.094[0.992554],96,0_28
Pref0,0.891[0.222753],0.897[0.21998],0.885[0.225333],96,0_28
Signal0,1[0],1[0],1[0],96,0_28
Hybridindex,18.1305[0.939532],18.1119[0.950091],18.1499[0.927948],97,0_28
Pref0,0.89175[0.221149],0.895894[0.216979],0.88741[0.225351],97,0_28
Signal0,1[0],1[0],1[0],97,0_28
Hybridindex,18.1492[0.913154],18.1574[0.889754],18.1408[0.936814],98,0_28
Pref0,0.893[0.214012],0.891176[0.214477],0.894898[0.213509],98,0_28
Signal0,1[0],1[0],1[0],98,0_28
Hybridindex,18.1668[0.935184],18.1642[0.955614],18.1694[0.91382],99,0_28
Pref0,0.8965[0.212221],0.895648[0.211539],0.897371[0.212913],99,0_28
Signal0,1[0],1[0],1[0],99,0_28
Hybridindex,18.1878[0.948617],18.1564[0.967432],18.2197[0.927942],100,0_28
Pref0,0.89975[0.215232],0.900495[0.218568],0.89899[0.211772],100,0_28
Signal0,1[0],1[0],1[0],100,0_28
Hybridindex,12.49[8.24621],12.0615[8.32397],12.8976[8.15067],1,0_29
Pref0,0.6245[0.41231],0.603077[0.416199],0.644878[0.407533],1,0_29
Signal0,0.6245[0.41231],0.603077[0.416199],0.644878[0.407533],1,0_29
Hybridindex,15.4842[6.03323],15.4475[6.13596],15.5164[5.94176],2,0_29
Pref0,0.77175[0.329813],0.765273[0.329986],0.777413[0.329559],2,0_29
Signal0,0.77525[0.326133],0.774384[0.33106],0.776007[0.32176],2,0_29
Hybridindex,16.9282[3.93618],16.9746[3.86863],16.8835[3.99987],3,0_29
Pref0,0.84825[0.262387],0.84944[0.258561],0.847099[0.266028],3,0_29
Signal0,0.871[0.240539],0.874364[0.238113],0.867748[0.242816],3,0_29
Hybridindex,17.615[2.55544],17.5039[2.60894],17.734[2.49142],4,0_29
Pref0,0.88425[0.226885],0.880077[0.226677],0.888716[0.227023],4,0_29
Signal0,0.93125[0.179996],0.927466[0.182821],0.9353[0.176832],4,0_29
Hybridindex,17.8045[1.87504],17.816[1.85389],17.7924[1.89703],5,0_29
Pref0,0.89825[0.215689],0.894839[0.218748],0.90185[0.212354],5,0_29
Signal0,0.9695[0.120705],0.967381[0.123473],0.971737[0.117672],5,0_29
Hybridindex,17.8193[1.6317],17.7686[1.61257],17.8693[1.64886],6,0_29
Pref0,0.8935[0.218878],0.898893[0.221093],0.888171[0.216536],6,0_29
Signal0,0.98575[0.0831982],0.98994[0.0702066],0.98161[0.0941098],6,0_29
Hybridindex,17.888[1.43491],17.8733[1.45697],17.9031[1.4117],7,0_29
Pref0,0.8935[0.219449],0.895957[0.21819],0.890974[0.220707],7,0_29
Signal0,0.992[0.0627375],0.991124[0.0660234],0.992901[0.0591548],7,0_29
Hybridindex,17.9195[1.39105],17.9238[1.3892],17.9153[1.39285],8,0_29
Pref0,0.894[0.21625],0.897578[0.211559],0.890486[0.220704],8,0_29
Signal0,0.99625[0.0431386],0.995964[0.0447423],0.996531[0.0415013],8,0_29
Hybridindex,17.917[1.31267],17.9656[1.27192],17.8667[1.3517],9,0_29
Pref0,0.89575[0.215655],0.904621[0.209762],0.886572[0.221212],9,0_29
Signal0,0.999[0.0223383],0.999508[0.015671],0.998474[0.0275797],9,0_29
Hybridindex,17.922[1.29235],17.9639[1.27376],17.879[1.30973],10,0_29
Pref0,0.9035[0.210209],0.906621[0.205953],0.900304[0.214433],10,0_29
Signal0,0.99925[0.0193504],0.999506[0.0157096],0.998988[0.0224733],10,0_29
Hybridindex,17.9187[1.2819],17.9428[1.27581],17.8944[1.28758],11,0_29
Pref0,0.90225[0.212297],0.908052[0.204922],0.896378[0.219353],11,0_29
Signal0,0.99975[0.0111775],0.999503[0.0157563],1[0],11,0_29
Hybridindex,17.8828[1.29764],17.8573[1.31004],17.9103[1.28348],12,0_29
Pref0,0.90475[0.211074],0.901537[0.212839],0.908238[0.209087],12,0_29
Signal0,0.99975[0.0111775],0.99952[0.0154894],1[0],12,0_29
Hybridindex,17.895[1.26786],17.9281[1.23525],17.8608[1.29979],13,0_29
Pref0,0.9[0.213307],0.904035[0.207851],0.895833[0.21872],13,0_29
Signal0,1[0],1[0],1[0],13,0_29
Hybridindex,17.8765[1.2483],17.8701[1.25324],17.8835[1.24285],14,0_29
Pref0,0.90225[0.208734],0.904602[0.207154],0.899687[0.210413],14,0_29
Signal0,1[0],1[0],1[0],14,0_29
Hybridindex,17.8517[1.19912],17.8688[1.14466],17.835[1.25008],15,0_29
Pref0,0.9085[0.201563],0.911705[0.195881],0.905352[0.206944],15,0_29
Signal0,1[0],1[0],1[0],15,0_29
Hybridindex,17.8742[1.20874],17.8835[1.19337],17.8653[1.22336],16,0_29
Pref0,0.90975[0.207918],0.922177[0.193476],0.897738[0.220317],16,0_29
Signal0,1[0],1[0],1[0],16,0_29
Hybridindex,17.9032[1.19698],17.8839[1.18005],17.9233[1.21389],17,0_29
Pref0,0.9105[0.201841],0.908957[0.204112],0.912093[0.199456],17,0_29
Signal0,1[0],1[0],1[0],17,0_29
Hybridindex,17.91[1.17979],17.8831[1.16527],17.9354[1.19277],18,0_29
Pref0,0.9105[0.200598],0.905767[0.204551],0.914966[0.196692],18,0_29
Signal0,1[0],1[0],1[0],18,0_29
Hybridindex,17.8765[1.19467],17.9146[1.16124],17.8388[1.22571],19,0_29
Pref0,0.905[0.2067],0.906533[0.206204],0.903483[0.207179],19,0_29
Signal0,1[0],1[0],1[0],19,0_29
Hybridindex,17.8275[1.23014],17.8946[1.23655],17.761[1.22011],20,0_29
Pref0,0.90575[0.205528],0.900602[0.210563],0.910857[0.200278],20,0_29
Signal0,1[0],1[0],1[0],20,0_29
Hybridindex,17.864[1.20851],17.873[1.22272],17.8553[1.19453],21,0_29
Pref0,0.90725[0.206815],0.908028[0.207645],0.906496[0.206005],21,0_29
Signal0,1[0],1[0],1[0],21,0_29
Hybridindex,17.8807[1.20059],17.8475[1.20277],17.9138[1.19749],22,0_29
Pref0,0.90425[0.206051],0.892678[0.213667],0.915753[0.19752],22,0_29
Signal0,1[0],1[0],1[0],22,0_29
Hybridindex,17.8818[1.21723],17.8955[1.22183],17.8683[1.21255],23,0_29
Pref0,0.90875[0.202604],0.908081[0.20384],0.909406[0.201383],23,0_29
Signal0,1[0],1[0],1[0],23,0_29
Hybridindex,17.9112[1.20343],17.9145[1.17204],17.9081[1.23301],24,0_29
Pref0,0.91125[0.204935],0.916582[0.202124],0.906096[0.207486],24,0_29
Signal0,1[0],1[0],1[0],24,0_29
Hybridindex,17.8965[1.22761],17.8794[1.26421],17.9133[1.19034],25,0_29
Pref0,0.913[0.202314],0.908678[0.205832],0.917245[0.198707],25,0_29
Signal0,1[0],1[0],1[0],25,0_29
Hybridindex,17.8717[1.22798],17.8711[1.19078],17.8724[1.26612],26,0_29
Pref0,0.90475[0.206887],0.904669[0.206079],0.904835[0.207739],26,0_29
Signal0,1[0],1[0],1[0],26,0_29
Hybridindex,17.8573[1.22892],17.8476[1.23241],17.8677[1.22504],27,0_29
Pref0,0.901[0.212601],0.894712[0.218652],0.907813[0.205628],27,0_29
Signal0,1[0],1[0],1[0],27,0_29
Hybridindex,17.7862[1.22686],17.7841[1.2329],17.7884[1.22072],28,0_29
Pref0,0.89925[0.212072],0.893532[0.221051],0.905025[0.202435],28,0_29
Signal0,1[0],1[0],1[0],28,0_29
Hybridindex,17.7845[1.21935],17.8091[1.22271],17.7618[1.21579],29,0_29
Pref0,0.90125[0.211243],0.893861[0.218008],0.908085[0.204549],29,0_29
Signal0,1[0],1[0],1[0],29,0_29
Hybridindex,17.8062[1.17211],17.8191[1.19985],17.7935[1.14384],30,0_29
Pref0,0.90825[0.201139],0.910553[0.198079],0.90597[0.204098],30,0_29
Signal0,1[0],1[0],1[0],30,0_29
Hybridindex,17.8152[1.17239],17.8178[1.19563],17.8129[1.15024],31,0_29
Pref0,0.90525[0.204689],0.904762[0.200254],0.905706[0.208746],31,0_29
Signal0,1[0],1[0],1[0],31,0_29
Hybridindex,17.822[1.1902],17.8532[1.17029],17.7898[1.20952],32,0_29
Pref0,0.905[0.206095],0.898522[0.215296],0.911675[0.195938],32,0_29
Signal0,1[0],1[0],1[0],32,0_29
Hybridindex,17.8712[1.14064],17.9114[1.14296],17.8346[1.13727],33,0_29
Pref0,0.905[0.211483],0.899895[0.215223],0.909656[0.207904],33,0_29
Signal0,1[0],1[0],1[0],33,0_29
Hybridindex,17.8875[1.14153],17.9111[1.12526],17.8642[1.15694],34,0_29
Pref0,0.908[0.199464],0.906533[0.196214],0.909453[0.20262],34,0_29
Signal0,1[0],1[0],1[0],34,0_29
Hybridindex,17.8648[1.10208],17.8634[1.08819],17.866[1.11472],35,0_29
Pref0,0.90625[0.208173],0.917101[0.199477],0.896254[0.215391],35,0_29
Signal0,1[0],1[0],1[0],35,0_29
Hybridindex,17.8795[1.11858],17.8802[1.1155],17.8788[1.12169],36,0_29
Pref0,0.90825[0.202995],0.902584[0.209024],0.913984[0.196539],36,0_29
Signal0,1[0],1[0],1[0],36,0_29
Hybridindex,17.8485[1.12241],17.8136[1.15809],17.8804[1.0878],37,0_29
Pref0,0.90775[0.205827],0.919372[0.188106],0.897129[0.220246],37,0_29
Signal0,1[0],1[0],1[0],37,0_29
Hybridindex,17.842[1.12396],17.8587[1.12248],17.8255[1.12518],38,0_29
Pref0,0.91125[0.20062],0.918008[0.19311],0.904573[0.207558],38,0_29
Signal0,1[0],1[0],1[0],38,0_29
Hybridindex,17.8603[1.13064],17.8652[1.1607],17.8554[1.10036],39,0_29
Pref0,0.90925[0.2077],0.907576[0.205464],0.910891[0.209857],39,0_29
Signal0,1[0],1[0],1[0],39,0_29
Hybridindex,17.8502[1.11868],17.8563[1.11522],17.8436[1.12241],40,0_29
Pref0,0.906[0.207759],0.90182[0.214839],0.910565[0.199642],40,0_29
Signal0,1[0],1[0],1[0],40,0_29
Hybridindex,17.8655[1.09871],17.8095[1.11734],17.9215[1.07684],41,0_29
Pref0,0.91425[0.198801],0.9165[0.200693],0.912[0.196865],41,0_29
Signal0,1[0],1[0],1[0],41,0_29
Hybridindex,17.8478[1.09348],17.8797[1.06633],17.8167[1.11833],42,0_29
Pref0,0.90875[0.205666],0.907107[0.205879],0.910345[0.205446],42,0_29
Signal0,1[0],1[0],1[0],42,0_29
Hybridindex,17.7865[1.11374],17.7907[1.11923],17.7821[1.1079],43,0_29
Pref0,0.8995[0.212485],0.902629[0.207604],0.896197[0.217469],43,0_29
Signal0,1[0],1[0],1[0],43,0_29
Hybridindex,17.7377[1.14939],17.7446[1.15014],17.7307[1.14858],44,0_29
Pref0,0.89875[0.212423],0.906805[0.206986],0.890467[0.217562],44,0_29
Signal0,1[0],1[0],1[0],44,0_29
Hybridindex,17.7488[1.14083],17.797[1.13591],17.704[1.14356],45,0_29
Pref0,0.901[0.212601],0.895639[0.215596],0.905979[0.209658],45,0_29
Signal0,1[0],1[0],1[0],45,0_29
Hybridindex,17.7868[1.13552],17.7832[1.12485],17.7904[1.14614],46,0_29
Pref0,0.8965[0.213396],0.895813[0.212666],0.897192[0.214125],46,0_29
Signal0,1[0],1[0],1[0],46,0_29
Hybridindex,17.811[1.11805],17.8465[1.09314],17.7771[1.1403],47,0_29
Pref0,0.895[0.217888],0.885875[0.228531],0.903715[0.206838],47,0_29
Signal0,1[0],1[0],1[0],47,0_29
Hybridindex,17.8362[1.09912],17.8332[1.10323],17.8396[1.09467],48,0_29
Pref0,0.89925[0.215579],0.905014[0.208068],0.893043[0.22322],48,0_29
Signal0,1[0],1[0],1[0],48,0_29
Hybridindex,17.868[1.13063],17.8281[1.16374],17.9072[1.09566],49,0_29
Pref0,0.90025[0.207786],0.90877[0.203284],0.891865[0.211789],49,0_29
Signal0,1[0],1[0],1[0],49,0_29
Hybridindex,17.8532[1.11213],17.8181[1.10905],17.8867[1.11403],50,0_29
Pref0,0.9045[0.205863],0.905225[0.204917],0.903809[0.206759],50,0_29
Signal0,1[0],1[0],1[0],50,0_29
Hybridindex,17.876[1.10516],17.9061[1.07843],17.8468[1.12973],51,0_29
Pref0,0.90225[0.209928],0.90203[0.208441],0.902463[0.211362],51,0_29
Signal0,1[0],1[0],1[0],51,0_29
Hybridindex,17.9222[1.05514],17.9384[1.06382],17.9062[1.04618],52,0_29
Pref0,0.905[0.207906],0.902305[0.206907],0.907685[0.208863],52,0_29
Signal0,1[0],1[0],1[0],52,0_29
Hybridindex,17.9295[1.05867],17.9279[1.08646],17.9311[1.02936],53,0_29
Pref0,0.9005[0.212367],0.898322[0.216604],0.902736[0.207905],53,0_29
Signal0,1[0],1[0],1[0],53,0_29
Hybridindex,17.8953[1.05577],17.9179[1.05473],17.8721[1.05634],54,0_29
Pref0,0.8965[0.209852],0.894659[0.212216],0.898382[0.20739],54,0_29
Signal0,1[0],1[0],1[0],54,0_29
Hybridindex,17.9307[1.0555],17.9428[1.06596],17.9184[1.04449],55,0_29
Pref0,0.89675[0.216713],0.897436[0.214911],0.896045[0.218548],55,0_29
Signal0,1[0],1[0],1[0],55,0_29
Hybridindex,17.9425[1.0565],17.9076[1.05284],17.9786[1.05907],56,0_29
Pref0,0.90125[0.208862],0.90118[0.207572],0.901322[0.210189],56,0_29
Signal0,1[0],1[0],1[0],56,0_29
Hybridindex,17.9535[1.09708],17.9247[1.11976],17.9836[1.07199],57,0_29
Pref0,0.89725[0.212291],0.884653[0.221937],0.91044[0.200852],57,0_29
Signal0,1[0],1[0],1[0],57,0_29
Hybridindex,17.9548[1.07637],17.9216[1.07567],17.9872[1.07608],58,0_29
Pref0,0.90525[0.20772],0.912449[0.200397],0.898221[0.214395],58,0_29
Signal0,1[0],1[0],1[0],58,0_29
Hybridindex,17.9743[1.06968],17.9974[1.05908],17.9523[1.07915],59,0_29
Pref0,0.9085[0.2028],0.915638[0.195322],0.901751[0.209402],59,0_29
Signal0,1[0],1[0],1[0],59,0_29
Hybridindex,17.9838[1.10345],18.0204[1.08087],17.9485[1.12364],60,0_29
Pref0,0.91475[0.195851],0.920489[0.186982],0.909225[0.203871],60,0_29
Signal0,1[0],1[0],1[0],60,0_29
Hybridindex,17.9803[1.06887],17.9773[1.06656],17.9833[1.07123],61,0_29
Pref0,0.91225[0.20168],0.910256[0.204325],0.9143[0.198903],61,0_29
Signal0,1[0],1[0],1[0],61,0_29
Hybridindex,18.0145[1.04333],17.993[1.03972],18.0357[1.04645],62,0_29
Pref0,0.9195[0.191101],0.915911[0.196209],0.923039[0.185859],62,0_29
Signal0,1[0],1[0],1[0],62,0_29
Hybridindex,18.011[1.05966],18.0069[1.0741],18.0153[1.04447],63,0_29
Pref0,0.91225[0.20168],0.909627[0.203568],0.914969[0.199669],63,0_29
Signal0,1[0],1[0],1[0],63,0_29
Hybridindex,17.9883[1.06512],18.0083[1.09461],17.9695[1.03647],64,0_29
Pref0,0.91375[0.196051],0.916149[0.193604],0.911509[0.198283],64,0_29
Signal0,1[0],1[0],1[0],64,0_29
Hybridindex,18.0072[1.08297],18.0095[1.08205],18.005[1.08387],65,0_29
Pref0,0.9055[0.207533],0.904116[0.209208],0.906873[0.205847],65,0_29
Signal0,1[0],1[0],1[0],65,0_29
Hybridindex,17.9967[1.0522],18.0146[1.02447],17.9779[1.08025],66,0_29
Pref0,0.90525[0.205298],0.902439[0.210096],0.908205[0.200088],66,0_29
Signal0,1[0],1[0],1[0],66,0_29
Hybridindex,18.0033[1.05753],18.0457[1.03268],17.9583[1.08142],67,0_29
Pref0,0.90875[0.205057],0.90379[0.209064],0.914006[0.20059],67,0_29
Signal0,1[0],1[0],1[0],67,0_29
Hybridindex,17.992[1.08221],18.0112[1.0708],17.9718[1.0937],68,0_29
Pref0,0.91525[0.195429],0.910645[0.199055],0.920082[0.191431],68,0_29
Signal0,1[0],1[0],1[0],68,0_29
Hybridindex,18.0055[1.08833],18.0289[1.07039],17.9819[1.1056],69,0_29
Pref0,0.924[0.183641],0.923729[0.182525],0.924273[0.184757],69,0_29
Signal0,1[0],1[0],1[0],69,0_29
Hybridindex,17.995[1.08914],18.005[1.06419],17.9851[1.11325],70,0_29
Pref0,0.92875[0.180412],0.925703[0.187464],0.931773[0.17308],70,0_29
Signal0,1[0],1[0],1[0],70,0_29
Hybridindex,17.963[1.08565],17.9289[1.08918],17.997[1.08104],71,0_29
Pref0,0.92725[0.181197],0.932866[0.17625],0.921657[0.185825],71,0_29
Signal0,1[0],1[0],1[0],71,0_29
Hybridindex,17.9833[1.04683],18.0089[1.06512],17.9572[1.02729],72,0_29
Pref0,0.92775[0.181397],0.927011[0.180712],0.928499[0.182087],72,0_29
Signal0,1[0],1[0],1[0],72,0_29
Hybridindex,18.021[1.02326],18.069[1.01258],17.9716[1.0318],73,0_29
Pref0,0.92825[0.181596],0.93146[0.176215],0.924949[0.18691],73,0_29
Signal0,1[0],1[0],1[0],73,0_29
Hybridindex,18.0385[1.02458],18.0076[1.02344],18.0729[1.02476],74,0_29
Pref0,0.93025[0.180997],0.936847[0.173096],0.922914[0.189126],74,0_29
Signal0,1[0],1[0],1[0],74,0_29
Hybridindex,18.066[1.00195],18.0761[0.976288],18.0562[1.02618],75,0_29
Pref0,0.9265[0.185331],0.923935[0.187854],0.928994[0.182811],75,0_29
Signal0,1[0],1[0],1[0],75,0_29
Hybridindex,18.072[1.03371],18.1224[1.03143],18.0194[1.03347],76,0_29
Pref0,0.93025[0.181686],0.926053[0.18559],0.934627[0.177418],76,0_29
Signal0,1[0],1[0],1[0],76,0_29
Hybridindex,18.0882[1.01813],18.0725[1.00349],18.104[1.03232],77,0_29
Pref0,0.9335[0.174149],0.932[0.175716],0.935[0.172554],77,0_29
Signal0,1[0],1[0],1[0],77,0_29
Hybridindex,18.0738[1.00682],18.0971[0.986674],18.0518[1.02487],78,0_29
Pref0,0.93625[0.169],0.93905[0.166713],0.933624[0.171075],78,0_29
Signal0,1[0],1[0],1[0],78,0_29
Hybridindex,18.0622[1.04235],18.0376[1.04781],18.0888[1.03579],79,0_29
Pref0,0.938[0.170018],0.941659[0.163497],0.93406[0.176686],79,0_29
Signal0,1[0],1[0],1[0],79,0_29
Hybridindex,18.0405[1.04874],18.0699[1.05333],18.011[1.0433],80,0_29
Pref0,0.9385[0.170199],0.93956[0.169011],0.937437[0.171374],80,0_29
Signal0,1[0],1[0],1[0],80,0_29
Hybridindex,18.0472[1.04266],18.0599[1.00236],18.0348[1.08087],81,0_29
Pref0,0.93675[0.169925],0.938632[0.167105],0.934891[0.172646],81,0_29
Signal0,1[0],1[0],1[0],81,0_29
Hybridindex,18.084[0.998846],18.0952[1.00425],18.0735[0.993652],82,0_29
Pref0,0.945[0.158824],0.94617[0.15828],0.943907[0.159322],82,0_29
Signal0,1[0],1[0],1[0],82,0_29
Hybridindex,18.0635[1.00447],18.033[0.987005],18.096[1.02173],83,0_29
Pref0,0.94375[0.163435],0.939379[0.169042],0.9484[0.157115],83,0_29
Signal0,1[0],1[0],1[0],83,0_29
Hybridindex,18.0987[1.00468],18.0468[1.04508],18.1479[0.962338],84,0_29
Pref0,0.94175[0.166529],0.947016[0.157205],0.93677[0.174743],84,0_29
Signal0,1[0],1[0],1[0],84,0_29
Hybridindex,18.0847[1.00259],18.0928[1.0113],18.0768[0.993794],85,0_29
Pref0,0.93725[0.171573],0.933801[0.17528],0.940678[0.167738],85,0_29
Signal0,1[0],1[0],1[0],85,0_29
Hybridindex,18.0835[1.02263],18.0785[1.01419],18.0884[1.03087],86,0_29
Pref0,0.93475[0.175691],0.937563[0.169796],0.931976[0.181274],86,0_29
Signal0,1[0],1[0],1[0],86,0_29
Hybridindex,18.1038[0.981764],18.1369[0.967667],18.0722[0.993961],87,0_29
Pref0,0.936[0.174367],0.931282[0.180869],0.940488[0.167826],87,0_29
Signal0,1[0],1[0],1[0],87,0_29
Hybridindex,18.089[1.00378],18.054[1.02739],18.1253[0.977389],88,0_29
Pref0,0.93175[0.179491],0.928291[0.183465],0.935336[0.175204],88,0_29
Signal0,1[0],1[0],1[0],88,0_29
Hybridindex,18.0852[1.02438],18.1182[1.02783],18.054[1.02012],89,0_29
Pref0,0.93125[0.179996],0.936793[0.173717],0.925998[0.185596],89,0_29
Signal0,1[0],1[0],1[0],89,0_29
Hybridindex,18.115[1.0165],18.1084[1.02051],18.1214[1.01254],90,0_29
Pref0,0.9275[0.179565],0.924519[0.181814],0.930405[0.177299],90,0_29
Signal0,1[0],1[0],1[0],90,0_29
Hybridindex,18.1575[1.01042],18.1863[0.989103],18.1266[1.03194],91,0_29
Pref0,0.9275[0.178868],0.93388[0.170794],0.920643[0.186914],91,0_29
Signal0,1[0],1[0],1[0],91,0_29
Hybridindex,18.11[1.03701],18.117[1.02091],18.1033[1.05203],92,0_29
Pref0,0.9235[0.186139],0.918378[0.188915],0.928363[0.183332],92,0_29
Signal0,1[0],1[0],1[0],92,0_29
Hybridindex,18.128[1.02439],18.174[1.00463],18.0838[1.04111],93,0_29
Pref0,0.932[0.177133],0.932653[0.176575],0.931373[0.177665],93,0_29
Signal0,1[0],1[0],1[0],93,0_29
Hybridindex,18.1373[1.01958],18.1212[1.01281],18.1539[1.02629],94,0_29
Pref0,0.927[0.180751],0.929342[0.175576],0.924567[0.185943],94,0_29
Signal0,1[0],1[0],1[0],94,0_29
Hybridindex,18.1068[1.00783],18.1031[0.999405],18.1107[1.01675],95,0_29
Pref0,0.91925[0.193273],0.924492[0.188257],0.91365[0.198338],95,0_29
Signal0,1[0],1[0],1[0],95,0_29
Hybridindex,18.1623[0.984657],18.1372[0.997348],18.1891[0.970143],96,0_29
Pref0,0.921[0.193026],0.923188[0.190711],0.918653[0.195452],96,0_29
Signal0,1[0],1[0],1[0],96,0_29
Hybridindex,18.1495[1.04242],18.133[1.03476],18.1654[1.0495],97,0_29
Pref0,0.92325[0.187708],0.925586[0.184981],0.921001[0.19027],97,0_29
Signal0,1[0],1[0],1[0],97,0_29
Hybridindex,18.1633[1.01327],18.1754[0.998661],18.1508[1.02797],98,0_29
Pref0,0.92075[0.191949],0.92266[0.191388],0.918782[0.192506],98,0_29
Signal0,1[0],1[0],1[0],98,0_29
Hybridindex,18.2033[0.991874],18.2206[0.986457],18.1867[0.996739],99,0_29
Pref0,0.92[0.193907],0.919652[0.191804],0.920332[0.195894],99,0_29
Signal0,1[0],1[0],1[0],99,0_29
Hybridindex,18.2162[0.998054],18.233[0.996255],18.2001[0.999523],100,0_29
Pref0,0.91125[0.19937],0.912004[0.200808],0.910521[0.197968],100,0_29
Signal0,1[0],1[0],1[0],100,0_29
Hybridindex,12.28[8.30672],12.3458[8.21585],12.2156[8.39416],1,0_3
Pref0,0.614[0.415336],0.61729[0.410793],0.610781[0.419708],1,0_3
Signal0,0.614[0.415336],0.61729[0.410793],0.610781[0.419708],1,0_3
Hybridindex,15.106[6.21585],15.0329[6.2216],15.1795[6.20919],2,0_3
Pref0,0.7595[0.337505],0.754237[0.337384],0.764794[0.337544],2,0_3
Signal0,0.75525[0.337228],0.747757[0.341077],0.762788[0.33314],2,0_3
Hybridindex,16.9815[3.8903],16.9855[3.90009],16.9772[3.87974],3,0_3
Pref0,0.851[0.257],0.849903[0.256028],0.852178[0.258036],3,0_3
Signal0,0.86675[0.244682],0.867761[0.245388],0.865664[0.243917],3,0_3
Hybridindex,17.687[2.53511],17.6692[2.51844],17.7042[2.55103],4,0_3
Pref0,0.87325[0.234114],0.873984[0.237222],0.872539[0.231062],4,0_3
Signal0,0.92475[0.182243],0.920732[0.188104],0.928642[0.176293],4,0_3
Hybridindex,17.9115[1.89372],17.8926[1.87204],17.9308[1.91538],5,0_3
Pref0,0.8975[0.21678],0.90297[0.209882],0.891919[0.223461],5,0_3
Signal0,0.9645[0.128412],0.961386[0.133476],0.967677[0.12295],5,0_3
Hybridindex,17.935[1.61764],18.0299[1.61714],17.8394[1.61251],6,0_3
Pref0,0.89975[0.211719],0.907371[0.203029],0.892068[0.219865],6,0_3
Signal0,0.98225[0.0925199],0.983068[0.0904402],0.981426[0.0945629],6,0_3
Hybridindex,17.9155[1.44831],17.9288[1.43214],17.9028[1.46345],7,0_3
Pref0,0.89375[0.220989],0.891393[0.224036],0.895996[0.21802],7,0_3
Signal0,0.98975[0.0708515],0.989754[0.0708376],0.989746[0.0708647],7,0_3
Hybridindex,17.9387[1.35236],17.9111[1.36096],17.9658[1.34333],8,0_3
Pref0,0.89575[0.219105],0.89697[0.217866],0.894554[0.220306],8,0_3
Signal0,0.995[0.0497494],0.99596[0.0447647],0.994059[0.0541757],8,0_3
Hybridindex,17.9025[1.37086],17.9215[1.38739],17.8838[1.35409],9,0_3
Pref0,0.90325[0.207399],0.905337[0.205909],0.901192[0.208838],9,0_3
Signal0,0.99675[0.0401801],0.996979[0.0387485],0.996524[0.0415422],9,0_3
Hybridindex,17.891[1.27911],17.8727[1.30678],17.9088[1.25136],10,0_3
Pref0,0.889[0.224007],0.880325[0.233759],0.897436[0.213761],10,0_3
Signal0,0.998[0.0315595],0.997972[0.0317818],0.998028[0.0313417],10,0_3
Hybridindex,17.8917[1.26082],17.851[1.27681],17.933[1.24303],11,0_3
Pref0,0.8875[0.229878],0.886792[0.234964],0.888218[0.2246],11,0_3
Signal0,0.999[0.0223383],0.99851[0.0272501],0.999496[0.015859],11,0_3
Hybridindex,17.8498[1.28103],17.8821[1.2928],17.812[1.26613],12,0_3
Pref0,0.90125[0.21065],0.901114[0.211592],0.901408[0.209545],12,0_3
Signal0,0.99925[0.0193504],0.998607[0.0263522],1[0],12,0_3
Hybridindex,17.8287[1.25042],17.8375[1.23258],17.8206[1.2669],13,0_3
Pref0,0.901[0.208444],0.897317[0.211957],0.904462[0.205028],13,0_3
Signal0,1[0],1[0],1[0],13,0_3
Hybridindex,17.8105[1.25004],17.7417[1.26182],17.8781[1.23462],14,0_3
Pref0,0.9[0.213892],0.90111[0.21145],0.89891[0.216259],14,0_3
Signal0,1[0],1[0],1[0],14,0_3
Hybridindex,17.8075[1.24808],17.8278[1.24817],17.7866[1.24763],15,0_3
Pref0,0.89425[0.218956],0.896654[0.219942],0.891768[0.217906],15,0_3
Signal0,1[0],1[0],1[0],15,0_3
Hybridindex,17.7895[1.25377],17.7196[1.26752],17.8577[1.23639],16,0_3
Pref0,0.89[0.218289],0.880567[0.223622],0.899209[0.212549],16,0_3
Signal0,1[0],1[0],1[0],16,0_3
Hybridindex,17.79[1.24254],17.768[1.24274],17.8126[1.24192],17,0_3
Pref0,0.88825[0.221669],0.88845[0.219698],0.888045[0.223672],17,0_3
Signal0,1[0],1[0],1[0],17,0_3
Hybridindex,17.7915[1.25051],17.776[1.24483],17.8065[1.25578],18,0_3
Pref0,0.896[0.217793],0.895621[0.218892],0.896365[0.216728],18,0_3
Signal0,1[0],1[0],1[0],18,0_3
Hybridindex,17.8065[1.24049],17.7229[1.28356],17.8957[1.18638],19,0_3
Pref0,0.9005[0.211187],0.906008[0.20738],0.894628[0.215015],19,0_3
Signal0,1[0],1[0],1[0],19,0_3
Hybridindex,17.8263[1.20372],17.8387[1.17749],17.8133[1.23028],20,0_3
Pref0,0.89775[0.210166],0.898529[0.21062],0.896939[0.209691],20,0_3
Signal0,1[0],1[0],1[0],20,0_3
Hybridindex,17.7853[1.23136],17.8165[1.25402],17.754[1.20747],21,0_3
Pref0,0.9005[0.211778],0.9005[0.211778],0.9005[0.211778],21,0_3
Signal0,1[0],1[0],1[0],21,0_3
Hybridindex,17.7987[1.21115],17.8056[1.21935],17.7921[1.20309],22,0_3
Pref0,0.896[0.212565],0.895431[0.214285],0.896552[0.210881],22,0_3
Signal0,1[0],1[0],1[0],22,0_3
Hybridindex,17.7688[1.19474],17.7301[1.19952],17.8078[1.1886],23,0_3
Pref0,0.89125[0.221469],0.890159[0.222074],0.892354[0.22085],23,0_3
Signal0,1[0],1[0],1[0],23,0_3
Hybridindex,17.7557[1.21046],17.7832[1.18526],17.7306[1.2325],24,0_3
Pref0,0.8835[0.225117],0.880628[0.229709],0.886124[0.220805],24,0_3
Signal0,1[0],1[0],1[0],24,0_3
Hybridindex,17.779[1.2242],17.8088[1.24452],17.7505[1.20374],25,0_3
Pref0,0.883[0.228169],0.877812[0.232019],0.887965[0.22431],25,0_3
Signal0,1[0],1[0],1[0],25,0_3
Hybridindex,17.7982[1.22441],17.8153[1.21104],17.7807[1.23779],26,0_3
Pref0,0.88575[0.226543],0.882759[0.229689],0.888832[0.223214],26,0_3
Signal0,1[0],1[0],1[0],26,0_3
Hybridindex,17.825[1.1545],17.8494[1.16997],17.8009[1.13853],27,0_3
Pref0,0.88475[0.221003],0.89426[0.21499],0.875372[0.226386],27,0_3
Signal0,1[0],1[0],1[0],27,0_3
Hybridindex,17.8747[1.13421],17.8821[1.09539],17.8674[1.17177],28,0_3
Pref0,0.87375[0.232779],0.869131[0.240413],0.878378[0.224774],28,0_3
Signal0,1[0],1[0],1[0],28,0_3
Hybridindex,17.877[1.15861],17.8484[1.15756],17.9036[1.15895],29,0_3
Pref0,0.8715[0.237145],0.866044[0.241619],0.876567[0.232799],29,0_3
Signal0,1[0],1[0],1[0],29,0_3
Hybridindex,17.8682[1.1677],17.8646[1.17861],17.8718[1.15698],30,0_3
Pref0,0.866[0.242475],0.859533[0.246261],0.872288[0.238568],30,0_3
Signal0,1[0],1[0],1[0],30,0_3
Hybridindex,17.842[1.17326],17.8537[1.21909],17.8298[1.12324],31,0_3
Pref0,0.85925[0.246606],0.860078[0.244291],0.858384[0.248999],31,0_3
Signal0,1[0],1[0],1[0],31,0_3
Hybridindex,17.8495[1.13428],17.8494[1.149],17.8496[1.1195],32,0_3
Pref0,0.84025[0.26049],0.84488[0.258944],0.835657[0.261933],32,0_3
Signal0,1[0],1[0],1[0],32,0_3
Hybridindex,17.843[1.09458],17.8132[1.10695],17.8715[1.08186],33,0_3
Pref0,0.84425[0.258103],0.839816[0.267061],0.848485[0.249173],33,0_3
Signal0,1[0],1[0],1[0],33,0_3
Hybridindex,17.825[1.13385],17.8116[1.16461],17.8385[1.10188],34,0_3
Pref0,0.84875[0.253965],0.844467[0.25698],0.853059[0.250822],34,0_3
Signal0,1[0],1[0],1[0],34,0_3
Hybridindex,17.8218[1.11472],17.8012[1.09537],17.8428[1.13377],35,0_3
Pref0,0.84225[0.261706],0.835312[0.266548],0.849343[0.256468],35,0_3
Signal0,1[0],1[0],1[0],35,0_3
Hybridindex,17.8167[1.12073],17.8101[1.09492],17.8236[1.14648],36,0_3
Pref0,0.84325[0.263732],0.844708[0.261471],0.841759[0.266015],36,0_3
Signal0,1[0],1[0],1[0],36,0_3
Hybridindex,17.8135[1.14115],17.7899[1.11274],17.8381[1.16954],37,0_3
Pref0,0.838[0.26269],0.850637[0.250312],0.824821[0.274386],37,0_3
Signal0,1[0],1[0],1[0],37,0_3
Hybridindex,17.8352[1.14137],17.8515[1.12572],17.8178[1.15774],38,0_3
Pref0,0.82475[0.270947],0.828833[0.270483],0.820353[0.271378],38,0_3
Signal0,1[0],1[0],1[0],38,0_3
Hybridindex,17.81[1.14767],17.817[1.15031],17.8029[1.14497],39,0_3
Pref0,0.8215[0.272282],0.81007[0.278989],0.832999[0.264868],39,0_3
Signal0,1[0],1[0],1[0],39,0_3
Hybridindex,17.8405[1.13405],17.8587[1.14325],17.8214[1.12395],40,0_3
Pref0,0.82325[0.271817],0.819688[0.27509],0.827002[0.268274],40,0_3
Signal0,1[0],1[0],1[0],40,0_3
Hybridindex,17.808[1.10165],17.8276[1.13012],17.7878[1.07115],41,0_3
Pref0,0.825[0.269026],0.824631[0.267785],0.825381[0.270299],41,0_3
Signal0,1[0],1[0],1[0],41,0_3
Hybridindex,17.7735[1.11779],17.8195[1.12012],17.7244[1.11319],42,0_3
Pref0,0.8215[0.271363],0.822846[0.274048],0.820062[0.268457],42,0_3
Signal0,1[0],1[0],1[0],42,0_3
Hybridindex,17.7778[1.09109],17.7261[1.09861],17.832[1.08049],43,0_3
Pref0,0.8135[0.274259],0.827637[0.270322],0.798668[0.277556],43,0_3
Signal0,1[0],1[0],1[0],43,0_3
Hybridindex,17.7492[1.13743],17.7392[1.15545],17.7596[1.1185],44,0_3
Pref0,0.80925[0.27792],0.802761[0.282725],0.815923[0.272729],44,0_3
Signal0,1[0],1[0],1[0],44,0_3
Hybridindex,17.7525[1.11579],17.7542[1.09263],17.7508[1.13852],45,0_3
Pref0,0.81075[0.273513],0.805694[0.274558],0.815816[0.272368],45,0_3
Signal0,1[0],1[0],1[0],45,0_3
Hybridindex,17.7233[1.11581],17.7036[1.13298],17.7426[1.09831],46,0_3
Pref0,0.80425[0.289062],0.806956[0.287126],0.801587[0.29093],46,0_3
Signal0,1[0],1[0],1[0],46,0_3
Hybridindex,17.7192[1.09444],17.6792[1.10671],17.7604[1.08016],47,0_3
Pref0,0.79725[0.283756],0.791708[0.281987],0.802938[0.285448],47,0_3
Signal0,1[0],1[0],1[0],47,0_3
Hybridindex,17.7278[1.1225],17.6948[1.1379],17.7623[1.10506],48,0_3
Pref0,0.796[0.282638],0.786621[0.298313],0.80584[0.26484],48,0_3
Signal0,1[0],1[0],1[0],48,0_3
Hybridindex,17.7222[1.1593],17.7688[1.15177],17.6735[1.16515],49,0_3
Pref0,0.78675[0.283548],0.788856[0.282069],0.784545[0.285071],49,0_3
Signal0,1[0],1[0],1[0],49,0_3
Hybridindex,17.6968[1.15657],17.6789[1.16267],17.7149[1.15005],50,0_3
Pref0,0.79275[0.28004],0.790882[0.279594],0.794652[0.280481],50,0_3
Signal0,1[0],1[0],1[0],50,0_3
Hybridindex,17.6848[1.17622],17.7599[1.12803],17.6075[1.21898],51,0_3
Pref0,0.7975[0.282832],0.79931[0.276298],0.795639[0.289385],51,0_3
Signal0,1[0],1[0],1[0],51,0_3
Hybridindex,17.7267[1.15031],17.728[1.18943],17.7255[1.10794],52,0_3
Pref0,0.7945[0.280659],0.791585[0.282579],0.797546[0.278607],52,0_3
Signal0,1[0],1[0],1[0],52,0_3
Hybridindex,17.6865[1.19068],17.7064[1.16762],17.6672[1.21237],53,0_3
Pref0,0.79275[0.290555],0.790061[0.285808],0.795365[0.295075],53,0_3
Signal0,1[0],1[0],1[0],53,0_3
Hybridindex,17.6537[1.1777],17.6623[1.1572],17.6449[1.19861],54,0_3
Pref0,0.7915[0.287276],0.787255[0.292612],0.795918[0.281548],54,0_3
Signal0,1[0],1[0],1[0],54,0_3
Hybridindex,17.6462[1.16822],17.6412[1.1621],17.6517[1.17471],55,0_3
Pref0,0.796[0.293486],0.794487[0.292687],0.797619[0.29433],55,0_3
Signal0,1[0],1[0],1[0],55,0_3
Hybridindex,17.6715[1.12687],17.6527[1.13354],17.6895[1.12015],56,0_3
Pref0,0.79725[0.286387],0.81001[0.278002],0.785015[0.293683],56,0_3
Signal0,1[0],1[0],1[0],56,0_3
Hybridindex,17.6995[1.15052],17.7336[1.14089],17.6627[1.1597],57,0_3
Pref0,0.78725[0.287424],0.794798[0.284967],0.779106[0.289831],57,0_3
Signal0,1[0],1[0],1[0],57,0_3
Hybridindex,17.6717[1.14242],17.6673[1.13866],17.676[1.14605],58,0_3
Pref0,0.7915[0.291166],0.786004[0.295069],0.796844[0.287219],58,0_3
Signal0,1[0],1[0],1[0],58,0_3
Hybridindex,17.672[1.15614],17.6611[1.17357],17.6826[1.13892],59,0_3
Pref0,0.782[0.29279],0.788618[0.28608],0.775591[0.299005],59,0_3
Signal0,1[0],1[0],1[0],59,0_3
Hybridindex,17.683[1.14314],17.66[1.16137],17.7074[1.1229],60,0_3
Pref0,0.7795[0.292626],0.769156[0.300435],0.790506[0.283667],60,0_3
Signal0,1[0],1[0],1[0],60,0_3
Hybridindex,17.6765[1.17669],17.6712[1.17823],17.6815[1.17523],61,0_3
Pref0,0.76825[0.294817],0.77749[0.289013],0.759653[0.299861],61,0_3
Signal0,1[0],1[0],1[0],61,0_3
Hybridindex,17.687[1.1906],17.668[1.18142],17.7061[1.19946],62,0_3
Pref0,0.763[0.294671],0.759721[0.298872],0.766299[0.290346],62,0_3
Signal0,1[0],1[0],1[0],62,0_3
Hybridindex,17.6935[1.17199],17.684[1.15928],17.7029[1.18429],63,0_3
Pref0,0.7575[0.304867],0.760081[0.302708],0.75496[0.306955],63,0_3
Signal0,1[0],1[0],1[0],63,0_3
Hybridindex,17.704[1.16109],17.6554[1.16589],17.7517[1.15437],64,0_3
Pref0,0.7645[0.289896],0.755802[0.29783],0.773043[0.281626],64,0_3
Signal0,1[0],1[0],1[0],64,0_3
Hybridindex,17.6973[1.18805],17.7412[1.17462],17.6533[1.1997],65,0_3
Pref0,0.762[0.304312],0.753754[0.306623],0.77023[0.301764],65,0_3
Signal0,1[0],1[0],1[0],65,0_3
Hybridindex,17.6863[1.18772],17.7071[1.20422],17.665[1.1703],66,0_3
Pref0,0.7605[0.301479],0.766601[0.296635],0.754289[0.306208],66,0_3
Signal0,1[0],1[0],1[0],66,0_3
Hybridindex,17.7432[1.14987],17.7638[1.15607],17.7243[1.14378],67,0_3
Pref0,0.75325[0.306577],0.763267[0.303283],0.743985[0.309304],67,0_3
Signal0,1[0],1[0],1[0],67,0_3
Hybridindex,17.7925[1.14354],17.7745[1.14371],17.8121[1.14305],68,0_3
Pref0,0.75525[0.298282],0.754319[0.29731],0.756263[0.299334],68,0_3
Signal0,1[0],1[0],1[0],68,0_3
Hybridindex,17.776[1.18462],17.7624[1.22144],17.7898[1.14583],69,0_3
Pref0,0.764[0.302992],0.765377[0.300069],0.762601[0.305927],69,0_3
Signal0,1[0],1[0],1[0],69,0_3
Hybridindex,17.7685[1.16979],17.7406[1.14782],17.7983[1.19209],70,0_3
Pref0,0.76525[0.307843],0.767667[0.308386],0.762668[0.307242],70,0_3
Signal0,1[0],1[0],1[0],70,0_3
Hybridindex,17.7432[1.15399],17.74[1.15106],17.7465[1.15689],71,0_3
Pref0,0.767[0.292337],0.772088[0.290865],0.761952[0.293703],71,0_3
Signal0,1[0],1[0],1[0],71,0_3
Hybridindex,17.7937[1.1471],17.8022[1.14067],17.7861[1.15287],72,0_3
Pref0,0.77675[0.298386],0.767576[0.307766],0.7851[0.289332],72,0_3
Signal0,1[0],1[0],1[0],72,0_3
Hybridindex,17.7903[1.12088],17.7622[1.08001],17.8172[1.15816],73,0_3
Pref0,0.7595[0.30399],0.759184[0.298239],0.759804[0.309414],73,0_3
Signal0,1[0],1[0],1[0],73,0_3
Hybridindex,17.7658[1.1338],17.7561[1.17158],17.776[1.09242],74,0_3
Pref0,0.75975[0.301919],0.760467[0.304262],0.758993[0.299424],74,0_3
Signal0,1[0],1[0],1[0],74,0_3
Hybridindex,17.7578[1.13046],17.7561[1.12794],17.7593[1.13289],75,0_3
Pref0,0.769[0.292641],0.764257[0.294511],0.773576[0.290753],75,0_3
Signal0,1[0],1[0],1[0],75,0_3
Hybridindex,17.714[1.12914],17.669[1.14843],17.7576[1.10836],76,0_3
Pref0,0.778[0.30202],0.785787[0.303618],0.770443[0.300268],76,0_3
Signal0,1[0],1[0],1[0],76,0_3
Hybridindex,17.6968[1.18202],17.6758[1.18084],17.717[1.1828],77,0_3
Pref0,0.76925[0.303528],0.778455[0.299395],0.760335[0.307216],77,0_3
Signal0,1[0],1[0],1[0],77,0_3
Hybridindex,17.7183[1.15888],17.6745[1.17119],17.7614[1.14494],78,0_3
Pref0,0.7815[0.291989],0.790744[0.281872],0.772366[0.301375],78,0_3
Signal0,1[0],1[0],1[0],78,0_3
Hybridindex,17.7003[1.20324],17.7135[1.18281],17.6872[1.2229],79,0_3
Pref0,0.776[0.291674],0.775428[0.299245],0.776564[0.284011],79,0_3
Signal0,1[0],1[0],1[0],79,0_3
Hybridindex,17.6608[1.16374],17.6714[1.16975],17.6503[1.1577],80,0_3
Pref0,0.76675[0.303677],0.771673[0.3021],0.761905[0.305143],80,0_3
Signal0,1[0],1[0],1[0],80,0_3
Hybridindex,17.6865[1.14213],17.6724[1.16952],17.7001[1.11485],81,0_3
Pref0,0.77225[0.299591],0.761953[0.300554],0.782203[0.29832],81,0_3
Signal0,1[0],1[0],1[0],81,0_3
Hybridindex,17.6752[1.13034],17.6464[1.14608],17.7042[1.11359],82,0_3
Pref0,0.77425[0.292253],0.773227[0.288858],0.775275[0.295612],82,0_3
Signal0,1[0],1[0],1[0],82,0_3
Hybridindex,17.6615[1.11014],17.6591[1.10016],17.664[1.12027],83,0_3
Pref0,0.7705[0.298462],0.768775[0.295542],0.772267[0.301414],83,0_3
Signal0,1[0],1[0],1[0],83,0_3
Hybridindex,17.6455[1.15069],17.6803[1.1198],17.6087[1.18142],84,0_3
Pref0,0.77325[0.296158],0.77794[0.29411],0.76828[0.298232],84,0_3
Signal0,1[0],1[0],1[0],84,0_3
Hybridindex,17.63[1.14809],17.5969[1.13687],17.6646[1.15868],85,0_3
Pref0,0.779[0.298176],0.78229[0.298085],0.775562[0.298233],85,0_3
Signal0,1[0],1[0],1[0],85,0_3
Hybridindex,17.615[1.13722],17.6423[1.1424],17.5866[1.13113],86,0_3
Pref0,0.78375[0.29302],0.771344[0.295905],0.796636[0.289431],86,0_3
Signal0,1[0],1[0],1[0],86,0_3
Hybridindex,17.6625[1.10943],17.6581[1.10448],17.6667[1.1141],87,0_3
Pref0,0.79825[0.280039],0.800821[0.278156],0.795809[0.281793],87,0_3
Signal0,1[0],1[0],1[0],87,0_3
Hybridindex,17.638[1.12081],17.5923[1.12858],17.6811[1.11171],88,0_3
Pref0,0.795[0.286749],0.791237[0.292475],0.798544[0.281204],88,0_3
Signal0,1[0],1[0],1[0],88,0_3
Hybridindex,17.6525[1.13666],17.6554[1.13621],17.6498[1.13707],89,0_3
Pref0,0.79125[0.286877],0.784615[0.29048],0.797561[0.283263],89,0_3
Signal0,1[0],1[0],1[0],89,0_3
Hybridindex,17.706[1.13283],17.7341[1.15614],17.6777[1.10813],90,0_3
Pref0,0.80075[0.288833],0.803287[0.289076],0.798193[0.288565],90,0_3
Signal0,1[0],1[0],1[0],90,0_3
Hybridindex,17.7135[1.07989],17.6856[1.07069],17.7411[1.0882],91,0_3
Pref0,0.789[0.290222],0.789738[0.289062],0.78827[0.291363],91,0_3
Signal0,1[0],1[0],1[0],91,0_3
Hybridindex,17.7035[1.10876],17.7505[1.10563],17.6576[1.10988],92,0_3
Pref0,0.78825[0.285984],0.795547[0.280436],0.781126[0.291123],92,0_3
Signal0,1[0],1[0],1[0],92,0_3
Hybridindex,17.705[1.10859],17.6949[1.12731],17.7151[1.08934],93,0_3
Pref0,0.79375[0.278991],0.800598[0.275485],0.786861[0.282307],93,0_3
Signal0,1[0],1[0],1[0],93,0_3
Hybridindex,17.702[1.11274],17.7186[1.1312],17.6856[1.09392],94,0_3
Pref0,0.79975[0.285088],0.792462[0.286888],0.806965[0.283109],94,0_3
Signal0,1[0],1[0],1[0],94,0_3
Hybridindex,17.6785[1.11899],17.7256[1.13924],17.6349[1.09809],95,0_3
Pref0,0.80575[0.282652],0.798857[0.286256],0.812139[0.279118],95,0_3
Signal0,1[0],1[0],1[0],95,0_3
Hybridindex,17.6805[1.0937],17.7007[1.09675],17.6595[1.09012],96,0_3
Pref0,0.79975[0.281114],0.801276[0.279331],0.798165[0.282945],96,0_3
Signal0,1[0],1[0],1[0],96,0_3
Hybridindex,17.6698[1.13449],17.6956[1.13733],17.6431[1.13093],97,0_3
Pref0,0.8005[0.287576],0.809852[0.283888],0.790863[0.291012],97,0_3
Signal0,1[0],1[0],1[0],97,0_3
Hybridindex,17.673[1.10434],17.6685[1.10167],17.6782[1.10741],98,0_3
Pref0,0.803[0.281853],0.802142[0.281664],0.803996[0.282069],98,0_3
Signal0,1[0],1[0],1[0],98,0_3
Hybridindex,17.6953[1.09522],17.7241[1.10397],17.6678[1.08612],99,0_3
Pref0,0.808[0.279528],0.805128[0.284604],0.810732[0.274585],99,0_3
Signal0,1[0],1[0],1[0],99,0_3
Hybridindex,17.6887[1.14105],17.6655[1.13946],17.712[1.14217],100,0_3
Pref0,0.8115[0.273345],0.813[0.276642],0.81[0.27],100,0_3
Signal0,1[0],1[0],1[0],100,0_3
Hybridindex,12.67[8.14685],12.6834[8.12808],12.6567[8.16537],1,0_30
Pref0,0.6335[0.407342],0.634171[0.406404],0.632836[0.408268],1,0_30
Signal0,0.6335[0.407342],0.634171[0.406404],0.632836[0.408268],1,0_30
Hybridindex,15.0687[6.20005],14.924[6.21828],15.2098[6.17898],2,0_30
Pref0,0.75475[0.338345],0.746201[0.340113],0.76308[0.336405],2,0_30
Signal0,0.754[0.337985],0.747214[0.34235],0.760612[0.333545],2,0_30
Hybridindex,16.8062[3.97613],16.8178[3.99497],16.7956[3.95852],3,0_30
Pref0,0.8405[0.269369],0.844756[0.265811],0.836548[0.272573],3,0_30
Signal0,0.86575[0.245666],0.85514[0.248656],0.875603[0.242442],3,0_30
Hybridindex,17.6227[2.60688],17.5685[2.64151],17.677[2.57064],4,0_30
Pref0,0.882[0.230382],0.883[0.22762],0.881[0.233107],4,0_30
Signal0,0.932[0.179237],0.928[0.181152],0.936[0.177212],4,0_30
Hybridindex,17.927[1.8356],17.9723[1.80694],17.8791[1.86423],5,0_30
Pref0,0.90525[0.20892],0.899805[0.215363],0.911008[0.201722],5,0_30
Signal0,0.96775[0.123834],0.96644[0.127044],0.969136[0.120331],5,0_30
Hybridindex,17.9855[1.51758],17.9688[1.5347],18.002[1.50025],6,0_30
Pref0,0.91125[0.205544],0.918593[0.196466],0.90398[0.213905],6,0_30
Signal0,0.988[0.0765245],0.986935[0.0797619],0.989055[0.0731631],6,0_30
Hybridindex,18.0445[1.35666],18.0415[1.34384],18.0474[1.36875],7,0_30
Pref0,0.91425[0.201921],0.914959[0.201026],0.913574[0.202767],7,0_30
Signal0,0.9945[0.0521512],0.994365[0.0527813],0.994629[0.0515432],7,0_30
Hybridindex,18.0693[1.29261],18.0246[1.30109],18.1119[1.28299],8,0_30
Pref0,0.91625[0.196497],0.914534[0.198803],0.917889[0.194254],8,0_30
Signal0,0.998[0.0315595],0.998465[0.027664],0.997556[0.0348701],8,0_30
Hybridindex,18.0693[1.24562],17.9979[1.28591],18.136[1.20287],9,0_30
Pref0,0.9115[0.201662],0.914685[0.193513],0.908519[0.20896],9,0_30
Signal0,0.9995[0.0158035],0.999483[0.0160706],0.999516[0.0155493],9,0_30
Hybridindex,18.064[1.21785],18.0418[1.24326],18.087[1.19055],10,0_30
Pref0,0.91475[0.197756],0.913963[0.202545],0.915565[0.192673],10,0_30
Signal0,0.9995[0.0158035],0.999508[0.015671],0.999491[0.0159394],10,0_30
Hybridindex,18.049[1.21227],18.1152[1.19927],17.9842[1.2214],11,0_30
Pref0,0.908[0.200714],0.90303[0.203978],0.912871[0.19734],11,0_30
Signal0,0.99975[0.0111775],0.999495[0.015883],1[0],11,0_30
Hybridindex,18.0735[1.21299],18.1021[1.20892],18.046[1.21625],12,0_30
Pref0,0.901[0.207844],0.901941[0.211001],0.900098[0.204767],12,0_30
Signal0,1[0],1[0],1[0],12,0_30
Hybridindex,18.0815[1.18305],18.0841[1.17711],18.0787[1.18946],13,0_30
Pref0,0.9025[0.206746],0.899135[0.211143],0.906152[0.2018],13,0_30
Signal0,1[0],1[0],1[0],13,0_30
Hybridindex,18.106[1.17314],18.0994[1.16976],18.1127[1.17651],14,0_30
Pref0,0.89625[0.214152],0.90159[0.212103],0.890845[0.216071],14,0_30
Signal0,1[0],1[0],1[0],14,0_30
Hybridindex,18.1388[1.16774],18.2229[1.13829],18.0628[1.18861],15,0_30
Pref0,0.8955[0.216402],0.900421[0.209972],0.891056[0.221954],15,0_30
Signal0,1[0],1[0],1[0],15,0_30
Hybridindex,18.102[1.17509],18.0876[1.19318],18.1166[1.15636],16,0_30
Pref0,0.9015[0.211063],0.903483[0.203545],0.899497[0.218376],16,0_30
Signal0,1[0],1[0],1[0],16,0_30
Hybridindex,18.091[1.17419],18.1233[1.17359],18.0578[1.17388],17,0_30
Pref0,0.9015[0.211063],0.899901[0.215499],0.903144[0.206389],17,0_30
Signal0,1[0],1[0],1[0],17,0_30
Hybridindex,18.078[1.16401],18.0538[1.17787],18.1006[1.15045],18,0_30
Pref0,0.90425[0.206051],0.906315[0.204179],0.902321[0.207766],18,0_30
Signal0,1[0],1[0],1[0],18,0_30
Hybridindex,18.0635[1.1594],18.0494[1.20382],18.078[1.11178],19,0_30
Pref0,0.9045[0.207074],0.902764[0.206442],0.906282[0.207706],19,0_30
Signal0,1[0],1[0],1[0],19,0_30
Hybridindex,18.0422[1.15286],18.0302[1.16308],18.0549[1.14189],20,0_30
Pref0,0.9[0.215058],0.905854[0.208747],0.893846[0.221332],20,0_30
Signal0,1[0],1[0],1[0],20,0_30
Hybridindex,18.0437[1.12404],18.0594[1.11978],18.0288[1.12789],21,0_30
Pref0,0.909[0.203025],0.907369[0.203266],0.910557[0.202781],21,0_30
Signal0,1[0],1[0],1[0],21,0_30
Hybridindex,18.0493[1.13587],18.0737[1.0876],18.0249[1.18139],22,0_30
Pref0,0.89775[0.213705],0.898195[0.21107],0.897308[0.216292],22,0_30
Signal0,1[0],1[0],1[0],22,0_30
Hybridindex,18.0725[1.13655],18.0681[1.13186],18.0771[1.1414],23,0_30
Pref0,0.89725[0.210517],0.897649[0.212384],0.896834[0.208551],23,0_30
Signal0,1[0],1[0],1[0],23,0_30
Hybridindex,18.0765[1.16088],18.0993[1.17912],18.0524[1.14082],24,0_30
Pref0,0.903[0.210573],0.902629[0.208773],0.903392[0.212456],24,0_30
Signal0,1[0],1[0],1[0],24,0_30
Hybridindex,18.1013[1.12378],18.1038[1.11365],18.0987[1.13405],25,0_30
Pref0,0.91275[0.202515],0.914032[0.197616],0.911437[0.207405],25,0_30
Signal0,1[0],1[0],1[0],25,0_30
Hybridindex,18.04[1.14002],18.0621[1.14916],18.0161[1.1296],26,0_30
Pref0,0.92125[0.191503],0.921002[0.190128],0.921518[0.192976],26,0_30
Signal0,1[0],1[0],1[0],26,0_30
Hybridindex,18.0035[1.1476],18.0036[1.14142],18.0034[1.15334],27,0_30
Pref0,0.922[0.191484],0.923316[0.191329],0.920773[0.19162],27,0_30
Signal0,1[0],1[0],1[0],27,0_30
Hybridindex,17.9943[1.14971],17.9724[1.14241],18.0176[1.15703],28,0_30
Pref0,0.92225[0.192562],0.924081[0.189906],0.92029[0.195345],28,0_30
Signal0,1[0],1[0],1[0],28,0_30
Hybridindex,18.0003[1.13109],17.9952[1.13737],18.0057[1.12427],29,0_30
Pref0,0.919[0.194137],0.909836[0.202014],0.928868[0.184772],29,0_30
Signal0,1[0],1[0],1[0],29,0_30
Hybridindex,18.0078[1.10739],17.9603[1.14042],18.0536[1.07251],30,0_30
Pref0,0.916[0.196708],0.909461[0.207788],0.922321[0.18515],30,0_30
Signal0,1[0],1[0],1[0],30,0_30
Hybridindex,18.0227[1.11472],17.9965[1.11508],18.0484[1.11378],31,0_30
Pref0,0.92175[0.190399],0.91692[0.196699],0.926456[0.183933],31,0_30
Signal0,1[0],1[0],1[0],31,0_30
Hybridindex,18.058[1.13265],18.001[1.15931],18.1132[1.10341],32,0_30
Pref0,0.92175[0.187088],0.920224[0.184478],0.923228[0.18957],32,0_30
Signal0,1[0],1[0],1[0],32,0_30
Hybridindex,18.048[1.11656],18.0238[1.09683],18.0715[1.13492],33,0_30
Pref0,0.922[0.189515],0.919371[0.191979],0.924556[0.187053],33,0_30
Signal0,1[0],1[0],1[0],33,0_30
Hybridindex,18.0625[1.1251],18.0477[1.14848],18.0778[1.10017],34,0_30
Pref0,0.92075[0.189326],0.92822[0.179478],0.913021[0.198707],34,0_30
Signal0,1[0],1[0],1[0],34,0_30
Hybridindex,18.0568[1.12379],18.0896[1.11929],18.0229[1.12742],35,0_30
Pref0,0.91575[0.197552],0.90502[0.210652],0.926829[0.182384],35,0_30
Signal0,1[0],1[0],1[0],35,0_30
Hybridindex,18.0715[1.07745],18.0595[1.07956],18.0838[1.07515],36,0_30
Pref0,0.915[0.19564],0.91328[0.194478],0.916751[0.196801],36,0_30
Signal0,1[0],1[0],1[0],36,0_30
Hybridindex,18.09[1.08],18.1193[1.04212],18.0616[1.11479],37,0_30
Pref0,0.91575[0.198814],0.916244[0.197292],0.915271[0.200279],37,0_30
Signal0,1[0],1[0],1[0],37,0_30
Hybridindex,18.0718[1.09326],18.0245[1.09162],18.1169[1.09293],38,0_30
Pref0,0.906[0.207759],0.91002[0.203702],0.902153[0.211497],38,0_30
Signal0,1[0],1[0],1[0],38,0_30
Hybridindex,18.0885[1.09484],18.0722[1.08148],18.1043[1.10739],39,0_30
Pref0,0.90525[0.204689],0.900407[0.210834],0.909941[0.198443],39,0_30
Signal0,1[0],1[0],1[0],39,0_30
Hybridindex,18.0933[1.08751],18.1009[1.09313],18.0858[1.08196],40,0_30
Pref0,0.90425[0.210254],0.898073[0.214831],0.910256[0.205528],40,0_30
Signal0,1[0],1[0],1[0],40,0_30
Hybridindex,18.0968[1.08778],18.0411[1.0965],18.1495[1.0768],41,0_30
Pref0,0.907[0.2064],0.910586[0.202048],0.903603[0.210384],41,0_30
Signal0,1[0],1[0],1[0],41,0_30
Hybridindex,18.0742[1.08403],18.0586[1.07226],18.0895[1.0952],42,0_30
Pref0,0.909[0.203025],0.897371[0.215274],0.920376[0.189591],42,0_30
Signal0,1[0],1[0],1[0],42,0_30
Hybridindex,18.062[1.08358],18.0287[1.09258],18.096[1.07327],43,0_30
Pref0,0.90225[0.204499],0.898515[0.210722],0.906061[0.197877],43,0_30
Signal0,1[0],1[0],1[0],43,0_30
Hybridindex,18.0795[1.10575],18.0609[1.09189],18.0979[1.11897],44,0_30
Pref0,0.905[0.203039],0.909457[0.200229],0.900596[0.205684],44,0_30
Signal0,1[0],1[0],1[0],44,0_30
Hybridindex,18.0735[1.10797],18.0914[1.11106],18.0565[1.10476],45,0_30
Pref0,0.9[0.214476],0.899384[0.216467],0.900585[0.212567],45,0_30
Signal0,1[0],1[0],1[0],45,0_30
Hybridindex,18.0925[1.09884],18.081[1.11408],18.1039[1.08344],46,0_30
Pref0,0.89625[0.214735],0.897384[0.21285],0.895129[0.216575],46,0_30
Signal0,1[0],1[0],1[0],46,0_30
Hybridindex,18.118[1.07846],18.0585[1.04914],18.1746[1.10265],47,0_30
Pref0,0.8945[0.218792],0.901026[0.214115],0.888293[0.222972],47,0_30
Signal0,1[0],1[0],1[0],47,0_30
Hybridindex,18.084[1.08464],18.0517[1.07242],18.1149[1.09529],48,0_30
Pref0,0.8985[0.21377],0.898669[0.21214],0.898338[0.215316],48,0_30
Signal0,1[0],1[0],1[0],48,0_30
Hybridindex,18.0775[1.0551],18.1242[1.01956],18.0331[1.08592],49,0_30
Pref0,0.9005[0.214126],0.899897[0.214921],0.901072[0.213366],49,0_30
Signal0,1[0],1[0],1[0],49,0_30
Hybridindex,18.0875[1.07242],18.0563[1.1037],18.1183[1.03968],50,0_30
Pref0,0.91375[0.201087],0.910463[0.206852],0.916998[0.195169],50,0_30
Signal0,1[0],1[0],1[0],50,0_30
Hybridindex,18.0505[1.0806],18.0535[1.07306],18.0477[1.08768],51,0_30
Pref0,0.91825[0.194144],0.920267[0.188591],0.916342[0.199234],51,0_30
Signal0,1[0],1[0],1[0],51,0_30
Hybridindex,18.0433[1.088],18.0774[1.04122],18.0103[1.13033],52,0_30
Pref0,0.9205[0.188228],0.924644[0.183104],0.916503[0.192957],52,0_30
Signal0,1[0],1[0],1[0],52,0_30
Hybridindex,18.0712[1.07415],18.0499[1.0789],18.0928[1.06892],53,0_30
Pref0,0.92025[0.189776],0.920239[0.183081],0.920261[0.196281],53,0_30
Signal0,1[0],1[0],1[0],53,0_30
Hybridindex,18.0458[1.07624],18.0799[1.06059],18.014[1.08963],54,0_30
Pref0,0.921[0.188438],0.927905[0.187081],0.914575[0.189467],54,0_30
Signal0,1[0],1[0],1[0],54,0_30
Hybridindex,18.0532[1.04525],18.0346[1.02245],18.0735[1.06908],55,0_30
Pref0,0.91875[0.188477],0.915946[0.189532],0.921794[0.187276],55,0_30
Signal0,1[0],1[0],1[0],55,0_30
Hybridindex,18.0188[1.08064],18.0273[1.08593],18.0097[1.07496],56,0_30
Pref0,0.923[0.188603],0.917561[0.193262],0.928718[0.183403],56,0_30
Signal0,1[0],1[0],1[0],56,0_30
Hybridindex,17.9937[1.09114],17.9798[1.09284],18.0081[1.0892],57,0_30
Pref0,0.9215[0.193876],0.926456[0.186597],0.916413[0.200945],57,0_30
Signal0,1[0],1[0],1[0],57,0_30
Hybridindex,17.9877[1.05805],17.9715[1.07095],18.004[1.04474],58,0_30
Pref0,0.91375[0.19984],0.9075[0.205411],0.92[0.193907],58,0_30
Signal0,1[0],1[0],1[0],58,0_30
Hybridindex,18.018[1.04889],18.0171[1.07065],18.019[1.02552],59,0_30
Pref0,0.9125[0.200234],0.905854[0.205212],0.919487[0.194619],59,0_30
Signal0,1[0],1[0],1[0],59,0_30
Hybridindex,17.9675[1.08821],17.9648[1.0815],17.9703[1.09497],60,0_30
Pref0,0.91275[0.199405],0.917659[0.190721],0.907762[0.207739],60,0_30
Signal0,1[0],1[0],1[0],60,0_30
Hybridindex,17.9503[1.09391],17.9704[1.0955],17.9315[1.09211],61,0_30
Pref0,0.9125[0.202716],0.917012[0.196866],0.908301[0.207924],61,0_30
Signal0,1[0],1[0],1[0],61,0_30
Hybridindex,17.9567[1.08617],17.9727[1.05315],17.9401[1.11952],62,0_30
Pref0,0.9205[0.190866],0.925781[0.184506],0.914959[0.197166],62,0_30
Signal0,1[0],1[0],1[0],62,0_30
Hybridindex,17.9728[1.0971],17.9454[1.09962],18.001[1.09377],63,0_30
Pref0,0.92225[0.191911],0.923304[0.194612],0.92116[0.18907],63,0_30
Signal0,1[0],1[0],1[0],63,0_30
Hybridindex,18.0025[1.08432],18.0087[1.08577],17.9966[1.08288],64,0_30
Pref0,0.92275[0.189493],0.928717[0.180546],0.916994[0.197569],64,0_30
Signal0,1[0],1[0],1[0],64,0_30
Hybridindex,18.007[1.11005],17.9878[1.12667],18.0256[1.09334],65,0_30
Pref0,0.92[0.19],0.923858[0.186578],0.916256[0.193189],65,0_30
Signal0,1[0],1[0],1[0],65,0_30
Hybridindex,18.003[1.1159],17.9832[1.10281],18.0233[1.12885],66,0_30
Pref0,0.91575[0.197552],0.920611[0.18936],0.910751[0.205517],66,0_30
Signal0,1[0],1[0],1[0],66,0_30
Hybridindex,18.0347[1.11632],18.0423[1.09105],18.0268[1.14243],67,0_30
Pref0,0.90925[0.203444],0.911079[0.207052],0.907312[0.199531],67,0_30
Signal0,1[0],1[0],1[0],67,0_30
Hybridindex,18.0263[1.08071],18.007[1.08816],18.0456[1.07284],68,0_30
Pref0,0.9045[0.208278],0.901198[0.213605],0.907816[0.202734],68,0_30
Signal0,1[0],1[0],1[0],68,0_30
Hybridindex,18.0035[1.11926],18.0264[1.12518],17.9813[1.11301],69,0_30
Pref0,0.901[0.212601],0.900101[0.209825],0.901874[0.215262],69,0_30
Signal0,1[0],1[0],1[0],69,0_30
Hybridindex,17.9545[1.11296],17.9662[1.11786],17.9431[1.10802],70,0_30
Pref0,0.89925[0.209701],0.90404[0.205686],0.894554[0.213458],70,0_30
Signal0,1[0],1[0],1[0],70,0_30
Hybridindex,17.969[1.09466],17.9372[1.08859],17.999[1.09952],71,0_30
Pref0,0.89325[0.217898],0.88517[0.222213],0.900875[0.213466],71,0_30
Signal0,1[0],1[0],1[0],71,0_30
Hybridindex,17.994[1.07108],18.0381[1.05839],17.9524[1.08125],72,0_30
Pref0,0.89125[0.222033],0.894845[0.213643],0.887864[0.229601],72,0_30
Signal0,1[0],1[0],1[0],72,0_30
Hybridindex,17.9525[1.09327],17.9794[1.06306],17.9246[1.12311],73,0_30
Pref0,0.897[0.212464],0.898921[0.212672],0.895005[0.212229],73,0_30
Signal0,1[0],1[0],1[0],73,0_30
Hybridindex,17.9733[1.09278],18.0066[1.1048],17.9408[1.07995],74,0_30
Pref0,0.89975[0.212309],0.900203[0.212144],0.899309[0.212468],74,0_30
Signal0,1[0],1[0],1[0],74,0_30
Hybridindex,17.955[1.085],17.9956[1.07315],17.913[1.09554],75,0_30
Pref0,0.9005[0.208806],0.895772[0.216006],0.905392[0.200968],75,0_30
Signal0,1[0],1[0],1[0],75,0_30
Hybridindex,17.9275[1.05309],17.928[1.06089],17.9269[1.04465],76,0_30
Pref0,0.89975[0.20994],0.904348[0.207424],0.894819[0.212496],76,0_30
Signal0,1[0],1[0],1[0],76,0_30
Hybridindex,17.944[1.06495],17.9849[1.05799],17.9039[1.07022],77,0_30
Pref0,0.90025[0.214301],0.897578[0.218596],0.902874[0.209964],77,0_30
Signal0,1[0],1[0],1[0],77,0_30
Hybridindex,17.9112[1.11085],17.8912[1.1039],17.9312[1.11737],78,0_30
Pref0,0.8945[0.214172],0.897693[0.206622],0.891326[0.221376],78,0_30
Signal0,1[0],1[0],1[0],78,0_30
Hybridindex,17.8945[1.11663],17.9412[1.08178],17.845[1.15035],79,0_30
Pref0,0.8875[0.223816],0.881438[0.230214],0.893924[0.216646],79,0_30
Signal0,1[0],1[0],1[0],79,0_30
Hybridindex,17.949[1.08312],17.9594[1.06821],17.9384[1.098],80,0_30
Pref0,0.885[0.229183],0.880575[0.235289],0.889506[0.222704],80,0_30
Signal0,1[0],1[0],1[0],80,0_30
Hybridindex,17.951[1.10277],17.9695[1.06879],17.9325[1.13543],81,0_30
Pref0,0.8865[0.225539],0.885[0.227541],0.888[0.223508],81,0_30
Signal0,1[0],1[0],1[0],81,0_30
Hybridindex,17.9945[1.0873],18.0193[1.0854],17.9692[1.08865],82,0_30
Pref0,0.88625[0.220649],0.878713[0.224474],0.893939[0.216407],82,0_30
Signal0,1[0],1[0],1[0],82,0_30
Hybridindex,17.9743[1.07713],18.0056[1.08163],17.9437[1.07185],83,0_30
Pref0,0.88325[0.22471],0.882472[0.224774],0.884008[0.224644],83,0_30
Signal0,1[0],1[0],1[0],83,0_30
Hybridindex,17.9877[1.05959],17.9743[1.05513],18.0005[1.06364],84,0_30
Pref0,0.88325[0.229662],0.88655[0.225922],0.880117[0.233113],84,0_30
Signal0,1[0],1[0],1[0],84,0_30
Hybridindex,18.009[1.04123],18.0485[1.03834],17.967[1.04266],85,0_30
Pref0,0.87325[0.234647],0.8613[0.242573],0.885965[0.225214],85,0_30
Signal0,1[0],1[0],1[0],85,0_30
Hybridindex,17.9937[1.06974],17.9985[1.06084],17.9891[1.07845],86,0_30
Pref0,0.88175[0.231067],0.870854[0.23544],0.892537[0.226138],86,0_30
Signal0,1[0],1[0],1[0],86,0_30
Hybridindex,18.0205[1.05562],17.9811[1.07014],18.0602[1.03929],87,0_30
Pref0,0.8805[0.228516],0.881356[0.225231],0.879639[0.231771],87,0_30
Signal0,1[0],1[0],1[0],87,0_30
Hybridindex,18.0373[1.04307],18.0171[1.03464],18.0582[1.05138],88,0_30
Pref0,0.87625[0.234117],0.871205[0.235892],0.881512[0.232136],88,0_30
Signal0,1[0],1[0],1[0],88,0_30
Hybridindex,18.0512[1.02798],18.0245[1.03754],18.0782[1.01758],89,0_30
Pref0,0.872[0.234235],0.879741[0.228373],0.864228[0.239725],89,0_30
Signal0,1[0],1[0],1[0],89,0_30
Hybridindex,18.029[1.02684],18.0121[1.02502],18.0457[1.02837],90,0_30
Pref0,0.86175[0.245483],0.857646[0.246927],0.865805[0.243981],90,0_30
Signal0,1[0],1[0],1[0],90,0_30
Hybridindex,17.9907[1.04871],17.9845[1.04661],17.9974[1.05089],91,0_30
Pref0,0.85775[0.248777],0.854369[0.249573],0.86134[0.247878],91,0_30
Signal0,1[0],1[0],1[0],91,0_30
Hybridindex,17.987[1.0555],17.9959[1.0422],17.9783[1.0682],92,0_30
Pref0,0.86075[0.247456],0.869675[0.237258],0.852071[0.256687],92,0_30
Signal0,1[0],1[0],1[0],92,0_30
Hybridindex,17.9932[1.06915],18.003[1.05023],17.9834[1.08784],93,0_30
Pref0,0.849[0.251891],0.846269[0.252349],0.851759[0.251397],93,0_30
Signal0,1[0],1[0],1[0],93,0_30
Hybridindex,18.0027[1.07535],18.0349[1.07057],17.9722[1.07898],94,0_30
Pref0,0.85475[0.250055],0.848049[0.253338],0.861111[0.24673],94,0_30
Signal0,1[0],1[0],1[0],94,0_30
Hybridindex,17.9883[1.05711],17.9428[1.09055],18.0326[1.02147],95,0_30
Pref0,0.8495[0.255636],0.862348[0.245978],0.836957[0.264123],95,0_30
Signal0,1[0],1[0],1[0],95,0_30
Hybridindex,17.984[1.05356],17.9614[1.05185],18.0077[1.05483],96,0_30
Pref0,0.8525[0.248483],0.855675[0.245233],0.849182[0.251792],96,0_30
Signal0,1[0],1[0],1[0],96,0_30
Hybridindex,18.0023[1.05836],18.0334[1.08617],17.9709[1.02872],97,0_30
Pref0,0.85425[0.247249],0.852794[0.24478],0.855711[0.249694],97,0_30
Signal0,1[0],1[0],1[0],97,0_30
Hybridindex,18.0055[1.05781],17.9915[1.0416],18.0194[1.07351],98,0_30
Pref0,0.85175[0.253766],0.85005[0.258908],0.85344[0.248536],98,0_30
Signal0,1[0],1[0],1[0],98,0_30
Hybridindex,17.9537[1.06313],17.9533[1.06283],17.9542[1.06342],99,0_30
Pref0,0.84975[0.253574],0.847892[0.250913],0.851594[0.256174],99,0_30
Signal0,1[0],1[0],1[0],99,0_30
Hybridindex,17.953[1.07949],17.9425[1.10165],17.9631[1.05752],100,0_30
Pref0,0.84625[0.251468],0.839776[0.257175],0.852507[0.245663],100,0_30
Signal0,1[0],1[0],1[0],100,0_30
Hybridindex,12.65[8.25697],12.8684[8.24623],12.4236[8.26199],1,0_31
Pref0,0.6325[0.412848],0.643418[0.412312],0.621181[0.413099],1,0_31
Signal0,0.6325[0.412848],0.643418[0.412312],0.621181[0.413099],1,0_31
Hybridindex,15.3918[5.92384],15.2678[5.92945],15.5193[5.91536],2,0_31
Pref0,0.7735[0.322797],0.769231[0.324083],0.77789[0.32141],2,0_31
Signal0,0.77375[0.325478],0.77071[0.328526],0.776876[0.322284],2,0_31
Hybridindex,17.001[3.78236],17.1573[3.72344],16.8453[3.83381],3,0_31
Pref0,0.848[0.260569],0.853707[0.256462],0.842315[0.264473],3,0_31
Signal0,0.87725[0.235175],0.890281[0.227683],0.864271[0.241711],3,0_31
Hybridindex,17.604[2.47895],17.6757[2.42808],17.53[2.52827],4,0_31
Pref0,0.87575[0.240181],0.872539[0.245519],0.879065[0.234496],4,0_31
Signal0,0.929[0.176661],0.925197[0.179717],0.932927[0.173361],4,0_31
Hybridindex,17.828[1.87681],17.8002[1.9385],17.8559[1.81246],5,0_31
Pref0,0.8895[0.221449],0.88961[0.220235],0.889389[0.222659],5,0_31
Signal0,0.9675[0.124273],0.970529[0.119859],0.964464[0.128472],5,0_31
Hybridindex,17.895[1.6258],17.8353[1.6751],17.9583[1.56939],6,0_31
Pref0,0.89825[0.211594],0.891642[0.216358],0.905252[0.206195],6,0_31
Signal0,0.9795[0.0991451],0.97862[0.101158],0.980433[0.0969579],6,0_31
Hybridindex,17.8867[1.45527],17.9107[1.40574],17.864[1.50042],7,0_31
Pref0,0.8985[0.209637],0.903491[0.208712],0.893762[0.210402],7,0_31
Signal0,0.991[0.0664756],0.98922[0.0726218],0.99269[0.0600128],7,0_31
Hybridindex,17.9183[1.35663],17.8966[1.35919],17.9408[1.35359],8,0_31
Pref0,0.899[0.207483],0.893137[0.212021],0.905102[0.202471],8,0_31
Signal0,0.99725[0.0369789],0.996078[0.0441068],0.998469[0.0276218],8,0_31
Hybridindex,17.8732[1.35925],17.8801[1.39596],17.8661[1.31976],9,0_31
Pref0,0.9005[0.209999],0.894814[0.214318],0.906442[0.205222],9,0_31
Signal0,0.9995[0.0158035],0.999511[0.0156326],0.999489[0.0159801],9,0_31
Hybridindex,17.8697[1.33441],17.8781[1.3016],17.8618[1.36491],10,0_31
Pref0,0.90875[0.20322],0.902152[0.213301],0.915039[0.192913],10,0_31
Signal0,1[0],1[0],1[0],10,0_31
Hybridindex,17.8205[1.3396],17.8223[1.33705],17.8187[1.34213],11,0_31
Pref0,0.9045[0.208278],0.896084[0.21837],0.912849[0.197404],11,0_31
Signal0,1[0],1[0],1[0],11,0_31
Hybridindex,17.8888[1.2818],17.9384[1.26975],17.8399[1.29166],12,0_31
Pref0,0.9085[0.199694],0.902119[0.209525],0.914767[0.189334],12,0_31
Signal0,1[0],1[0],1[0],12,0_31
Hybridindex,17.8865[1.24212],17.8886[1.23906],17.8845[1.24515],13,0_31
Pref0,0.91025[0.20511],0.915663[0.197666],0.90488[0.212099],13,0_31
Signal0,1[0],1[0],1[0],13,0_31
Hybridindex,17.8783[1.21955],17.8865[1.21907],17.87[1.21997],14,0_31
Pref0,0.901[0.2161],0.907129[0.209367],0.89492[0.22241],14,0_31
Signal0,1[0],1[0],1[0],14,0_31
Hybridindex,17.9165[1.21913],17.9366[1.21871],17.8963[1.21922],15,0_31
Pref0,0.90375[0.206424],0.905689[0.207969],0.901804[0.204843],15,0_31
Signal0,1[0],1[0],1[0],15,0_31
Hybridindex,17.875[1.22337],17.8287[1.22858],17.9195[1.21667],16,0_31
Pref0,0.90675[0.204155],0.900612[0.213126],0.912659[0.194948],16,0_31
Signal0,1[0],1[0],1[0],16,0_31
Hybridindex,17.839[1.24893],17.8164[1.26761],17.8618[1.22935],17,0_31
Pref0,0.907[0.203349],0.898507[0.2084],0.915578[0.197747],17,0_31
Signal0,1[0],1[0],1[0],17,0_31
Hybridindex,17.8117[1.20993],17.8418[1.21035],17.7804[1.2087],18,0_31
Pref0,0.90725[0.203156],0.910872[0.197658],0.903473[0.208669],18,0_31
Signal0,1[0],1[0],1[0],18,0_31
Hybridindex,17.7943[1.21595],17.7699[1.2426],17.8172[1.18991],19,0_31
Pref0,0.907[0.202734],0.910217[0.201103],0.903977[0.204208],19,0_31
Signal0,1[0],1[0],1[0],19,0_31
Hybridindex,17.8158[1.19182],17.7997[1.19337],17.8314[1.1901],20,0_31
Pref0,0.90675[0.20659],0.900609[0.211868],0.912722[0.201145],20,0_31
Signal0,1[0],1[0],1[0],20,0_31
Hybridindex,17.8468[1.16196],17.8424[1.16034],17.851[1.16352],21,0_31
Pref0,0.9045[0.20647],0.903535[0.206064],0.905446[0.206863],21,0_31
Signal0,1[0],1[0],1[0],21,0_31
Hybridindex,17.868[1.15837],17.8595[1.13557],17.8765[1.18068],22,0_31
Pref0,0.901[0.212012],0.8955[0.21984],0.9065[0.203735],22,0_31
Signal0,1[0],1[0],1[0],22,0_31
Hybridindex,17.866[1.17241],17.8998[1.17909],17.8317[1.16458],23,0_31
Pref0,0.90625[0.209967],0.904762[0.209774],0.907762[0.210151],23,0_31
Signal0,1[0],1[0],1[0],23,0_31
Hybridindex,17.8863[1.17927],17.8911[1.17791],17.881[1.18072],24,0_31
Pref0,0.91075[0.202261],0.903661[0.204398],0.918399[0.199647],24,0_31
Signal0,1[0],1[0],1[0],24,0_31
Hybridindex,17.8768[1.19507],17.8818[1.18907],17.8718[1.20099],25,0_31
Pref0,0.915[0.198179],0.920842[0.191886],0.909182[0.204089],25,0_31
Signal0,1[0],1[0],1[0],25,0_31
Hybridindex,17.892[1.16397],17.9198[1.16551],17.8656[1.1619],26,0_31
Pref0,0.91775[0.193287],0.912641[0.19911],0.92259[0.187475],26,0_31
Signal0,1[0],1[0],1[0],26,0_31
Hybridindex,17.8777[1.1835],17.8557[1.21886],17.8986[1.14855],27,0_31
Pref0,0.91325[0.200872],0.922485[0.193311],0.904483[0.207415],27,0_31
Signal0,1[0],1[0],1[0],27,0_31
Hybridindex,17.8953[1.1492],17.8638[1.16366],17.9276[1.13325],28,0_31
Pref0,0.91225[0.203531],0.912142[0.205263],0.912361[0.201738],28,0_31
Signal0,1[0],1[0],1[0],28,0_31
Hybridindex,17.8573[1.12827],17.8483[1.14008],17.8659[1.11669],29,0_31
Pref0,0.91125[0.201242],0.911914[0.203409],0.910609[0.199127],29,0_31
Signal0,1[0],1[0],1[0],29,0_31
Hybridindex,17.8885[1.11145],17.8832[1.1233],17.8941[1.09865],30,0_31
Pref0,0.9115[0.202898],0.910368[0.202836],0.912707[0.202958],30,0_31
Signal0,1[0],1[0],1[0],30,0_31
Hybridindex,17.831[1.1466],17.8064[1.19282],17.8551[1.09897],31,0_31
Pref0,0.9065[0.204958],0.909505[0.200229],0.903561[0.209439],31,0_31
Signal0,1[0],1[0],1[0],31,0_31
Hybridindex,17.8783[1.1304],17.9482[1.11465],17.8048[1.14209],32,0_31
Pref0,0.9085[0.201563],0.909668[0.204668],0.907275[0.198246],32,0_31
Signal0,1[0],1[0],1[0],32,0_31
Hybridindex,17.873[1.14143],17.8869[1.10326],17.8595[1.17721],33,0_31
Pref0,0.911[0.197684],0.918357[0.188884],0.903846[0.205628],33,0_31
Signal0,1[0],1[0],1[0],33,0_31
Hybridindex,17.8735[1.14761],17.9067[1.14704],17.8397[1.14719],34,0_31
Pref0,0.9135[0.197529],0.916171[0.193307],0.910786[0.201693],34,0_31
Signal0,1[0],1[0],1[0],34,0_31
Hybridindex,17.8535[1.16942],17.8809[1.17411],17.8264[1.16412],35,0_31
Pref0,0.915[0.201308],0.909548[0.205109],0.920398[0.197325],35,0_31
Signal0,1[0],1[0],1[0],35,0_31
Hybridindex,17.8867[1.15685],17.8499[1.18932],17.9263[1.11955],36,0_31
Pref0,0.91675[0.194793],0.919884[0.1886],0.913382[0.201183],36,0_31
Signal0,1[0],1[0],1[0],36,0_31
Hybridindex,17.9037[1.10865],17.9273[1.11762],17.8786[1.09845],37,0_31
Pref0,0.913[0.200452],0.901647[0.214013],0.925103[0.184133],37,0_31
Signal0,1[0],1[0],1[0],37,0_31
Hybridindex,17.9108[1.10901],17.94[1.10914],17.8795[1.10803],38,0_31
Pref0,0.90575[0.203081],0.915779[0.190969],0.895036[0.214751],38,0_31
Signal0,1[0],1[0],1[0],38,0_31
Hybridindex,17.8805[1.11242],17.8822[1.07878],17.8788[1.14519],39,0_31
Pref0,0.89475[0.215749],0.892715[0.221627],0.896794[0.209661],39,0_31
Signal0,1[0],1[0],1[0],39,0_31
Hybridindex,17.8438[1.13069],17.8444[1.1424],17.8431[1.11857],40,0_31
Pref0,0.88775[0.225887],0.888834[0.225025],0.88664[0.226761],40,0_31
Signal0,1[0],1[0],1[0],40,0_31
Hybridindex,17.868[1.1023],17.8495[1.08841],17.8856[1.11513],41,0_31
Pref0,0.887[0.222443],0.892528[0.217494],0.88172[0.226944],41,0_31
Signal0,1[0],1[0],1[0],41,0_31
Hybridindex,17.85[1.09818],17.8815[1.1064],17.8163[1.0883],42,0_31
Pref0,0.889[0.221199],0.89265[0.220085],0.885093[0.222319],42,0_31
Signal0,1[0],1[0],1[0],42,0_31
Hybridindex,17.879[1.10594],17.9038[1.1356],17.8545[1.07533],43,0_31
Pref0,0.88825[0.22447],0.897281[0.21761],0.879345[0.23069],43,0_31
Signal0,1[0],1[0],1[0],43,0_31
Hybridindex,17.872[1.11708],17.8858[1.13874],17.8574[1.09347],44,0_31
Pref0,0.89025[0.220975],0.889699[0.218731],0.890834[0.223327],44,0_31
Signal0,1[0],1[0],1[0],44,0_31
Hybridindex,17.8965[1.12552],17.8889[1.12551],17.9045[1.12547],45,0_31
Pref0,0.90175[0.210884],0.903007[0.207289],0.900413[0.214634],45,0_31
Signal0,1[0],1[0],1[0],45,0_31
Hybridindex,17.8992[1.09965],17.933[1.07579],17.8669[1.12105],46,0_31
Pref0,0.89175[0.219447],0.889059[0.220876],0.894325[0.218039],46,0_31
Signal0,1[0],1[0],1[0],46,0_31
Hybridindex,17.8755[1.10159],17.8675[1.11826],17.8841[1.08324],47,0_31
Pref0,0.8965[0.218032],0.896917[0.216092],0.89605[0.220104],47,0_31
Signal0,1[0],1[0],1[0],47,0_31
Hybridindex,17.8723[1.05691],17.8478[1.06712],17.8957[1.04649],48,0_31
Pref0,0.89675[0.214393],0.900919[0.209306],0.892752[0.219085],48,0_31
Signal0,1[0],1[0],1[0],48,0_31
Hybridindex,17.8755[1.08005],17.8807[1.08186],17.8706[1.0783],49,0_31
Pref0,0.9055[0.206324],0.897634[0.211706],0.912938[0.20082],49,0_31
Signal0,1[0],1[0],1[0],49,0_31
Hybridindex,17.892[1.10254],17.865[1.12329],17.919[1.08071],50,0_31
Pref0,0.90775[0.207038],0.91[0.20347],0.9055[0.210523],50,0_31
Signal0,1[0],1[0],1[0],50,0_31
Hybridindex,17.8897[1.10373],17.9001[1.10136],17.88[1.10588],51,0_31
Pref0,0.903[0.211166],0.903193[0.210194],0.902818[0.212079],51,0_31
Signal0,1[0],1[0],1[0],51,0_31
Hybridindex,17.9093[1.09881],17.9117[1.08756],17.9067[1.11026],52,0_31
Pref0,0.90875[0.203834],0.914694[0.195792],0.902637[0.211613],52,0_31
Signal0,1[0],1[0],1[0],52,0_31
Hybridindex,17.986[1.05193],17.9707[1.05177],18.001[1.05187],53,0_31
Pref0,0.909[0.198038],0.913131[0.195993],0.90495[0.199939],53,0_31
Signal0,1[0],1[0],1[0],53,0_31
Hybridindex,18.0222[1.05659],17.9902[1.07018],18.0555[1.04127],54,0_31
Pref0,0.89575[0.219675],0.903733[0.213875],0.887475[0.225231],54,0_31
Signal0,1[0],1[0],1[0],54,0_31
Hybridindex,18.03[1.05409],18.025[1.04942],18.035[1.05872],55,0_31
Pref0,0.892[0.217568],0.88961[0.220235],0.894394[0.214837],55,0_31
Signal0,1[0],1[0],1[0],55,0_31
Hybridindex,17.9902[1.06561],17.9646[1.06308],18.0168[1.06757],56,0_31
Pref0,0.887[0.227993],0.876476[0.234243],0.897866[0.22083],56,0_31
Signal0,1[0],1[0],1[0],56,0_31
Hybridindex,17.996[1.04534],17.9975[1.04432],17.9944[1.04639],57,0_31
Pref0,0.893[0.223161],0.896857[0.218654],0.889002[0.227671],57,0_31
Signal0,1[0],1[0],1[0],57,0_31
Hybridindex,17.9683[1.02353],17.9684[1.00934],17.9681[1.03787],58,0_31
Pref0,0.896[0.215485],0.899209[0.212549],0.892713[0.218403],58,0_31
Signal0,1[0],1[0],1[0],58,0_31
Hybridindex,18.01[1.03762],18.02[1.04244],18[1.03268],59,0_31
Pref0,0.904[0.210438],0.896897[0.220065],0.911089[0.200117],59,0_31
Signal0,1[0],1[0],1[0],59,0_31
Hybridindex,18.0003[1.01704],17.9894[0.99906],18.0109[1.03429],60,0_31
Pref0,0.90975[0.198065],0.907164[0.198275],0.912289[0.197827],60,0_31
Signal0,1[0],1[0],1[0],60,0_31
Hybridindex,17.9833[1.04216],17.9683[1.02423],17.998[1.05937],61,0_31
Pref0,0.90975[0.203052],0.907948[0.207571],0.911531[0.198469],61,0_31
Signal0,1[0],1[0],1[0],61,0_31
Hybridindex,17.9548[1.07055],17.9291[1.05486],17.9831[1.08696],62,0_31
Pref0,0.9115[0.202281],0.913892[0.20099],0.908851[0.203669],62,0_31
Signal0,1[0],1[0],1[0],62,0_31
Hybridindex,17.9627[1.08039],18.0169[1.08098],17.9109[1.07727],63,0_31
Pref0,0.91525[0.197971],0.906537[0.20389],0.923604[0.191752],63,0_31
Signal0,1[0],1[0],1[0],63,0_31
Hybridindex,17.9892[1.03948],17.988[1.05179],17.9904[1.02796],64,0_31
Pref0,0.921[0.187107],0.924037[0.18797],0.918191[0.186261],64,0_31
Signal0,1[0],1[0],1[0],64,0_31
Hybridindex,17.9857[1.05258],17.9487[1.03827],18.0196[1.06436],65,0_31
Pref0,0.921[0.18976],0.912042[0.203662],0.929187[0.1757],65,0_31
Signal0,1[0],1[0],1[0],65,0_31
Hybridindex,17.9773[1.06752],17.9743[1.07022],17.9803[1.06475],66,0_31
Pref0,0.92225[0.191911],0.918317[0.195269],0.926263[0.18834],66,0_31
Signal0,1[0],1[0],1[0],66,0_31
Hybridindex,17.9838[1.05741],17.9636[1.04981],18.0024[1.06406],67,0_31
Pref0,0.9275[0.180952],0.924636[0.184611],0.930154[0.177453],67,0_31
Signal0,1[0],1[0],1[0],67,0_31
Hybridindex,17.998[1.05499],17.9832[1.08082],18.0123[1.02915],68,0_31
Pref0,0.9235[0.187477],0.925305[0.186593],0.921752[0.188313],68,0_31
Signal0,1[0],1[0],1[0],68,0_31
Hybridindex,18.0038[1.03301],18.0149[1.00088],17.9924[1.06455],69,0_31
Pref0,0.9215[0.190625],0.924107[0.184854],0.918851[0.19628],69,0_31
Signal0,1[0],1[0],1[0],69,0_31
Hybridindex,18.0003[1.02219],18.0336[1.0226],17.9671[1.0207],70,0_31
Pref0,0.92575[0.18537],0.928357[0.184921],0.923154[0.185779],70,0_31
Signal0,1[0],1[0],1[0],70,0_31
Hybridindex,18.0098[0.996885],17.9829[1.0155],18.0379[0.976227],71,0_31
Pref0,0.92325[0.189036],0.919844[0.191274],0.926817[0.186596],71,0_31
Signal0,1[0],1[0],1[0],71,0_31
Hybridindex,18.0075[1.01818],18.012[0.978489],18.003[1.05651],72,0_31
Pref0,0.91975[0.192834],0.919661[0.192894],0.91984[0.192773],72,0_31
Signal0,1[0],1[0],1[0],72,0_31
Hybridindex,18.043[1.01385],18.0025[1.03339],18.0821[0.993041],73,0_31
Pref0,0.915[0.198809],0.922686[0.193022],0.907571[0.203972],73,0_31
Signal0,1[0],1[0],1[0],73,0_31
Hybridindex,18.0398[1.01368],18.0437[1.01017],18.036[1.01698],74,0_31
Pref0,0.9155[0.199022],0.920349[0.193887],0.910906[0.203661],74,0_31
Signal0,1[0],1[0],1[0],74,0_31
Hybridindex,18.0227[1.0436],18.0165[1.06956],18.0295[1.01509],75,0_31
Pref0,0.9095[0.204474],0.912391[0.203601],0.906412[0.205358],75,0_31
Signal0,1[0],1[0],1[0],75,0_31
Hybridindex,18.0525[1.02066],18.0517[1.01252],18.0533[1.02853],76,0_31
Pref0,0.91075[0.201021],0.916413[0.194541],0.905232[0.206991],76,0_31
Signal0,1[0],1[0],1[0],76,0_31
Hybridindex,18.0365[1.01878],18.0322[1.0102],18.0409[1.02745],77,0_31
Pref0,0.90625[0.202697],0.905941[0.202862],0.906566[0.202528],77,0_31
Signal0,1[0],1[0],1[0],77,0_31
Hybridindex,18.0212[1.01362],18.0176[1.03133],18.0249[0.995692],78,0_31
Pref0,0.9045[0.204645],0.905216[0.208382],0.903789[0.20086],78,0_31
Signal0,1[0],1[0],1[0],78,0_31
Hybridindex,18.0285[0.986883],18.0572[0.991175],17.999[0.981574],79,0_31
Pref0,0.91025[0.203887],0.908777[0.205477],0.911765[0.202228],79,0_31
Signal0,1[0],1[0],1[0],79,0_31
Hybridindex,18.0205[0.992008],18.0423[0.983887],17.999[0.999502],80,0_31
Pref0,0.9055[0.203887],0.895875[0.211522],0.91501[0.195586],80,0_31
Signal0,1[0],1[0],1[0],80,0_31
Hybridindex,17.9563[0.999605],17.9873[1.01959],17.9259[0.978747],81,0_31
Pref0,0.90325[0.208001],0.913462[0.1983],0.893281[0.21659],81,0_31
Signal0,1[0],1[0],1[0],81,0_31
Hybridindex,17.922[1.0083],17.936[1.00795],17.9066[1.00846],82,0_31
Pref0,0.9145[0.198594],0.917861[0.192842],0.910808[0.204664],82,0_31
Signal0,1[0],1[0],1[0],82,0_31
Hybridindex,17.9425[1.02259],17.9389[1.00923],17.9459[1.03488],83,0_31
Pref0,0.90825[0.202995],0.907772[0.204336],0.908696[0.201736],83,0_31
Signal0,1[0],1[0],1[0],83,0_31
Hybridindex,17.935[1.00537],17.9349[1.01454],17.9351[0.996136],84,0_31
Pref0,0.907[0.203963],0.904905[0.203734],0.909091[0.20417],84,0_31
Signal0,1[0],1[0],1[0],84,0_31
Hybridindex,17.9703[1.01538],17.9876[1.015],17.9538[1.01546],85,0_31
Pref0,0.907[0.203963],0.907827[0.204231],0.90622[0.203708],85,0_31
Signal0,1[0],1[0],1[0],85,0_31
Hybridindex,17.947[1.00359],17.962[0.953009],17.9323[1.05042],86,0_31
Pref0,0.90725[0.203156],0.913968[0.194008],0.900692[0.211501],86,0_31
Signal0,1[0],1[0],1[0],86,0_31
Hybridindex,17.919[1.00072],17.8939[1.01852],17.9452[0.981049],87,0_31
Pref0,0.906[0.204729],0.915445[0.19634],0.896111[0.212711],87,0_31
Signal0,1[0],1[0],1[0],87,0_31
Hybridindex,17.9232[1.03428],17.9087[1.04956],17.9389[1.01741],88,0_31
Pref0,0.90325[0.206796],0.896618[0.217447],0.910363[0.194474],88,0_31
Signal0,1[0],1[0],1[0],88,0_31
Hybridindex,17.9438[1.0108],17.922[1.0065],17.9658[1.01466],89,0_31
Pref0,0.8985[0.214937],0.892254[0.219595],0.904834[0.209917],89,0_31
Signal0,1[0],1[0],1[0],89,0_31
Hybridindex,17.902[1.05518],17.8486[1.07325],17.9548[1.0343],90,0_31
Pref0,0.90575[0.209743],0.906439[0.207502],0.90507[0.211931],90,0_31
Signal0,1[0],1[0],1[0],90,0_31
Hybridindex,17.9165[1.0512],17.9402[1.07726],17.893[1.02421],91,0_31
Pref0,0.90075[0.212778],0.899497[0.216063],0.90199[0.209468],91,0_31
Signal0,1[0],1[0],1[0],91,0_31
Hybridindex,17.8888[1.06724],17.9281[1.05816],17.8498[1.07473],92,0_31
Pref0,0.90775[0.207038],0.909548[0.20633],0.90597[0.207722],92,0_31
Signal0,1[0],1[0],1[0],92,0_31
Hybridindex,17.9032[1.04929],17.9101[1.04021],17.8963[1.05837],93,0_31
Pref0,0.90875[0.199495],0.915591[0.189928],0.901813[0.208521],93,0_31
Signal0,1[0],1[0],1[0],93,0_31
Hybridindex,17.9305[1.02172],17.9222[1.02304],17.939[1.02029],94,0_31
Pref0,0.906[0.205947],0.906988[0.20801],0.90498[0.203789],94,0_31
Signal0,1[0],1[0],1[0],94,0_31
Hybridindex,17.9475[0.998496],17.9595[1.01901],17.9358[0.977955],95,0_31
Pref0,0.90575[0.206741],0.908308[0.199929],0.903258[0.21314],95,0_31
Signal0,1[0],1[0],1[0],95,0_31
Hybridindex,17.9653[0.985098],17.9362[0.999991],17.9936[0.969499],96,0_31
Pref0,0.9075[0.20419],0.909919[0.202422],0.905138[0.205875],96,0_31
Signal0,1[0],1[0],1[0],96,0_31
Hybridindex,17.9977[0.999185],17.9949[0.986388],18.0005[1.01134],97,0_31
Pref0,0.908[0.208053],0.907747[0.210337],0.908243[0.20583],97,0_31
Signal0,1[0],1[0],1[0],97,0_31
Hybridindex,18.0095[1.01127],18.0216[1.0231],17.9969[0.998723],98,0_31
Pref0,0.91275[0.197516],0.919862[0.187408],0.905392[0.207199],98,0_31
Signal0,1[0],1[0],1[0],98,0_31
Hybridindex,18.014[0.991995],18.0075[0.97851],18.0204[1.00513],99,0_31
Pref0,0.919[0.196059],0.922111[0.189455],0.91592[0.202338],99,0_31
Signal0,1[0],1[0],1[0],99,0_31
Hybridindex,18.0182[1.00314],18.0321[1.00499],18.0045[1.00111],100,0_31
Pref0,0.91575[0.195645],0.914744[0.198422],0.91675[0.192839],100,0_31
Signal0,1[0],1[0],1[0],100,0_31
Hybridindex,12.55[8.30045],12.6923[8.17402],12.4037[8.42599],1,0_32
Pref0,0.6275[0.415023],0.634615[0.408701],0.620183[0.4213],1,0_32
Signal0,0.6275[0.415023],0.634615[0.408701],0.620183[0.4213],1,0_32
Hybridindex,15.2758[5.9665],15.2677[5.79678],15.2835[6.12419],2,0_32
Pref0,0.766[0.327863],0.765097[0.320471],0.766862[0.334767],2,0_32
Signal0,0.76275[0.32686],0.762027[0.322987],0.763441[0.330515],2,0_32
Hybridindex,16.968[3.75473],16.8865[3.77344],17.0539[3.73299],3,0_32
Pref0,0.84475[0.264145],0.835283[0.267948],0.854723[0.259705],3,0_32
Signal0,0.87275[0.240692],0.863548[0.243626],0.882444[0.237176],3,0_32
Hybridindex,17.6878[2.54497],17.6565[2.55069],17.72[2.53865],4,0_32
Pref0,0.88075[0.232711],0.876476[0.236335],0.885163[0.228826],4,0_32
Signal0,0.93775[0.168819],0.935531[0.170477],0.940041[0.16706],4,0_32
Hybridindex,17.897[1.88266],17.8853[1.89367],17.9094[1.87084],5,0_32
Pref0,0.90275[0.207768],0.904276[0.206364],0.901133[0.209233],5,0_32
Signal0,0.97075[0.117343],0.97036[0.118075],0.971164[0.116562],5,0_32
Hybridindex,17.866[1.58802],17.8242[1.61911],17.9065[1.55623],6,0_32
Pref0,0.9055[0.203273],0.900407[0.20841],0.910433[0.198045],6,0_32
Signal0,0.98675[0.0803084],0.986789[0.0801945],0.986713[0.0804186],6,0_32
Hybridindex,17.8618[1.44707],17.8482[1.48758],17.8748[1.40709],7,0_32
Pref0,0.90425[0.209062],0.899796[0.214933],0.908513[0.203194],7,0_32
Signal0,0.992[0.0627375],0.99182[0.0634277],0.992172[0.0620695],7,0_32
Hybridindex,17.8695[1.35682],17.8261[1.35547],17.912[1.3568],8,0_32
Pref0,0.9065[0.204347],0.906977[0.207157],0.906034[0.20156],8,0_32
Signal0,0.996[0.0445421],0.997472[0.0354614],0.99456[0.0518699],8,0_32
Hybridindex,17.934[1.32548],17.9468[1.32847],17.9218[1.3225],9,0_32
Pref0,0.89675[0.216713],0.884852[0.226892],0.908113[0.205883],9,0_32
Signal0,0.99775[0.0334655],0.997441[0.0356774],0.998045[0.0312041],9,0_32
Hybridindex,17.9525[1.3069],17.9512[1.31755],17.9538[1.29606],10,0_32
Pref0,0.89775[0.21661],0.894527[0.21927],0.901005[0.21384],10,0_32
Signal0,0.999[0.0223383],0.998507[0.0272771],0.999497[0.0158431],10,0_32
Hybridindex,17.9647[1.26358],17.933[1.27975],17.997[1.24614],11,0_32
Pref0,0.898[0.214117],0.891261[0.22136],0.904834[0.206288],11,0_32
Signal0,0.9995[0.0158035],0.999503[0.0157485],0.999496[0.015859],11,0_32
Hybridindex,18.0123[1.25796],17.9508[1.27937],18.072[1.23387],12,0_32
Pref0,0.8985[0.213185],0.892495[0.220879],0.904339[0.205259],12,0_32
Signal0,0.99975[0.0111775],1[0],0.999507[0.0156941],12,0_32
Hybridindex,17.9887[1.26046],17.9479[1.25154],18.0295[1.26798],13,0_32
Pref0,0.89775[0.211353],0.887888[0.217924],0.907592[0.204109],13,0_32
Signal0,1[0],1[0],1[0],13,0_32
Hybridindex,17.995[1.23763],17.9601[1.23522],18.0309[1.23907],14,0_32
Pref0,0.90075[0.210415],0.911243[0.201111],0.889959[0.219049],14,0_32
Signal0,1[0],1[0],1[0],14,0_32
Hybridindex,17.986[1.20158],17.9546[1.18748],18.0197[1.21566],15,0_32
Pref0,0.898[0.211178],0.894788[0.214197],0.901452[0.207829],15,0_32
Signal0,1[0],1[0],1[0],15,0_32
Hybridindex,17.983[1.21808],17.9956[1.21839],17.9701[1.21762],16,0_32
Pref0,0.8995[0.218288],0.906404[0.215435],0.892386[0.220964],16,0_32
Signal0,1[0],1[0],1[0],16,0_32
Hybridindex,17.9498[1.18136],17.9729[1.16886],17.9268[1.19318],17,0_32
Pref0,0.90075[0.20682],0.903112[0.201402],0.898406[0.212032],17,0_32
Signal0,1[0],1[0],1[0],17,0_32
Hybridindex,17.927[1.17959],17.9305[1.15551],17.9233[1.20422],18,0_32
Pref0,0.9085[0.2028],0.909491[0.202426],0.907464[0.203184],18,0_32
Signal0,1[0],1[0],1[0],18,0_32
Hybridindex,17.913[1.206],17.9157[1.19847],17.9103[1.21359],19,0_32
Pref0,0.9085[0.203415],0.900794[0.207927],0.916331[0.19842],19,0_32
Signal0,1[0],1[0],1[0],19,0_32
Hybridindex,17.943[1.18227],17.9137[1.1893],17.9708[1.17488],20,0_32
Pref0,0.91025[0.205718],0.908016[0.209039],0.912366[0.202499],20,0_32
Signal0,1[0],1[0],1[0],20,0_32
Hybridindex,17.961[1.17249],17.998[1.16045],17.9229[1.18353],21,0_32
Pref0,0.91675[0.192209],0.918639[0.189824],0.914807[0.194613],21,0_32
Signal0,1[0],1[0],1[0],21,0_32
Hybridindex,17.964[1.18119],17.9909[1.17484],17.9379[1.18675],22,0_32
Pref0,0.9165[0.195007],0.924442[0.188732],0.908777[0.20062],22,0_32
Signal0,1[0],1[0],1[0],22,0_32
Hybridindex,17.9655[1.13746],18[1.13235],17.9325[1.14135],23,0_32
Pref0,0.912[0.199389],0.910532[0.202038],0.913405[0.19681],23,0_32
Signal0,1[0],1[0],1[0],23,0_32
Hybridindex,17.9907[1.09774],17.9856[1.09365],17.996[1.10184],24,0_32
Pref0,0.91325[0.197103],0.918905[0.189634],0.907538[0.204211],24,0_32
Signal0,1[0],1[0],1[0],24,0_32
Hybridindex,18.0008[1.11876],17.9494[1.149],18.0539[1.08403],25,0_32
Pref0,0.91825[0.192852],0.918879[0.192171],0.917599[0.193552],25,0_32
Signal0,1[0],1[0],1[0],25,0_32
Hybridindex,18.0003[1.12633],17.9611[1.1462],18.0367[1.10624],26,0_32
Pref0,0.92125[0.186878],0.919689[0.190516],0.922705[0.18341],26,0_32
Signal0,1[0],1[0],1[0],26,0_32
Hybridindex,17.9992[1.13154],18.0423[1.10602],17.9568[1.15457],27,0_32
Pref0,0.9155[0.194576],0.913897[0.195334],0.91708[0.193812],27,0_32
Signal0,1[0],1[0],1[0],27,0_32
Hybridindex,18.005[1.12226],17.9995[1.13744],18.0104[1.10722],28,0_32
Pref0,0.901[0.210829],0.899291[0.211581],0.902668[0.210079],28,0_32
Signal0,1[0],1[0],1[0],28,0_32
Hybridindex,18.018[1.1385],18.001[1.13786],18.0366[1.1389],29,0_32
Pref0,0.9085[0.204029],0.906699[0.203211],0.910471[0.204901],29,0_32
Signal0,1[0],1[0],1[0],29,0_32
Hybridindex,17.983[1.14922],17.948[1.16073],18.0167[1.13704],30,0_32
Pref0,0.9045[0.209475],0.904082[0.210644],0.904902[0.208344],30,0_32
Signal0,1[0],1[0],1[0],30,0_32
Hybridindex,18.0255[1.07998],18.0244[1.09151],18.0266[1.06823],31,0_32
Pref0,0.904[0.210438],0.90239[0.210374],0.905622[0.210489],31,0_32
Signal0,1[0],1[0],1[0],31,0_32
Hybridindex,18.0323[1.12242],18.0481[1.14005],18.0161[1.10395],32,0_32
Pref0,0.905[0.206095],0.901883[0.207124],0.908174[0.204993],32,0_32
Signal0,1[0],1[0],1[0],32,0_32
Hybridindex,18.0508[1.0825],18.0535[1.04086],18.048[1.12258],33,0_32
Pref0,0.903[0.210573],0.899[0.211658],0.907[0.209406],33,0_32
Signal0,1[0],1[0],1[0],33,0_32
Hybridindex,18.0448[1.09903],18.0416[1.11934],18.0481[1.07739],34,0_32
Pref0,0.902[0.210109],0.90998[0.197138],0.893661[0.222554],34,0_32
Signal0,1[0],1[0],1[0],34,0_32
Hybridindex,18.079[1.09693],18.091[1.05779],18.0678[1.13223],35,0_32
Pref0,0.90025[0.213131],0.902792[0.212977],0.89787[0.213248],35,0_32
Signal0,1[0],1[0],1[0],35,0_32
Hybridindex,18.1035[1.07914],18.1069[1.09359],18.1[1.06388],36,0_32
Pref0,0.9005[0.211187],0.892647[0.220282],0.908673[0.200958],36,0_32
Signal0,1[0],1[0],1[0],36,0_32
Hybridindex,18.109[1.07651],18.1035[1.08076],18.1145[1.07221],37,0_32
Pref0,0.894[0.215091],0.893[0.219205],0.895[0.210891],37,0_32
Signal0,1[0],1[0],1[0],37,0_32
Hybridindex,18.1352[1.02559],18.1568[1.02997],18.1138[1.02076],38,0_32
Pref0,0.89225[0.221957],0.892285[0.223092],0.892216[0.220821],38,0_32
Signal0,1[0],1[0],1[0],38,0_32
Hybridindex,18.1355[1.03592],18.1196[1.05577],18.1518[1.01493],39,0_32
Pref0,0.886[0.225286],0.887846[0.216696],0.884109[0.233744],39,0_32
Signal0,1[0],1[0],1[0],39,0_32
Hybridindex,18.183[1.04128],18.1756[1.05146],18.1905[1.03077],40,0_32
Pref0,0.89025[0.220975],0.887401[0.219284],0.893145[0.222643],40,0_32
Signal0,1[0],1[0],1[0],40,0_32
Hybridindex,18.19[1.06602],18.1953[1.0545],18.1848[1.07719],41,0_32
Pref0,0.8815[0.225184],0.882947[0.224444],0.880079[0.225899],41,0_32
Signal0,1[0],1[0],1[0],41,0_32
Hybridindex,18.204[1.06402],18.2006[1.05832],18.2073[1.06959],42,0_32
Pref0,0.89[0.222823],0.893649[0.216576],0.886409[0.228747],42,0_32
Signal0,1[0],1[0],1[0],42,0_32
Hybridindex,18.203[1.05358],18.177[1.05952],18.2283[1.04716],43,0_32
Pref0,0.8915[0.224673],0.898073[0.217179],0.885108[0.231548],43,0_32
Signal0,1[0],1[0],1[0],43,0_32
Hybridindex,18.242[1.0232],18.2526[1.0234],18.2322[1.02291],44,0_32
Pref0,0.8895[0.21918],0.895094[0.216025],0.884357[0.221916],44,0_32
Signal0,1[0],1[0],1[0],44,0_32
Hybridindex,18.1867[1.05],18.2054[1.07675],18.1686[1.02299],45,0_32
Pref0,0.88875[0.22192],0.883367[0.228735],0.893984[0.214957],45,0_32
Signal0,1[0],1[0],1[0],45,0_32
Hybridindex,18.2177[1.00782],18.1805[1.01527],18.2566[0.998507],46,0_32
Pref0,0.88925[0.226626],0.891389[0.227606],0.887014[0.225576],46,0_32
Signal0,1[0],1[0],1[0],46,0_32
Hybridindex,18.2425[1.00955],18.2404[1.03098],18.2446[0.988267],47,0_32
Pref0,0.8895[0.220317],0.892495[0.218571],0.886588[0.221964],47,0_32
Signal0,1[0],1[0],1[0],47,0_32
Hybridindex,18.275[1.0058],18.2811[0.994602],18.2692[1.01644],48,0_32
Pref0,0.8865[0.22275],0.894603[0.218403],0.878684[0.226591],48,0_32
Signal0,1[0],1[0],1[0],48,0_32
Hybridindex,18.2715[1.00301],18.241[1.0127],18.3022[0.992206],49,0_32
Pref0,0.8845[0.228385],0.87002[0.24606],0.899096[0.208044],49,0_32
Signal0,1[0],1[0],1[0],49,0_32
Hybridindex,18.2922[0.969002],18.2795[0.971855],18.3054[0.965872],50,0_32
Pref0,0.8785[0.230733],0.874508[0.233195],0.882622[0.22809],50,0_32
Signal0,1[0],1[0],1[0],50,0_32
Hybridindex,18.2785[0.980147],18.2554[1.00619],18.3002[0.954513],51,0_32
Pref0,0.878[0.23209],0.879773[0.229963],0.876334[0.23406],51,0_32
Signal0,1[0],1[0],1[0],51,0_32
Hybridindex,18.2583[1.00806],18.2683[1.01492],18.2483[1.00109],52,0_32
Pref0,0.878[0.23583],0.876128[0.239005],0.87986[0.232617],52,0_32
Signal0,1[0],1[0],1[0],52,0_32
Hybridindex,18.2775[0.997368],18.3204[0.978232],18.2351[1.01414],53,0_32
Pref0,0.8795[0.232335],0.879779[0.230657],0.879225[0.233981],53,0_32
Signal0,1[0],1[0],1[0],53,0_32
Hybridindex,18.303[0.964982],18.3249[0.940645],18.2818[0.987564],54,0_32
Pref0,0.87925[0.231397],0.881726[0.229701],0.876847[0.233005],54,0_32
Signal0,1[0],1[0],1[0],54,0_32
Hybridindex,18.293[0.995189],18.2769[1.00745],18.3088[0.982696],55,0_32
Pref0,0.88525[0.226291],0.890735[0.218469],0.879841[0.233621],55,0_32
Signal0,1[0],1[0],1[0],55,0_32
Hybridindex,18.3105[0.980734],18.3042[0.979117],18.3169[0.982327],56,0_32
Pref0,0.886[0.228591],0.884692[0.228715],0.887324[0.228459],56,0_32
Signal0,1[0],1[0],1[0],56,0_32
Hybridindex,18.3603[0.995035],18.3687[1.01378],18.3515[0.975183],57,0_32
Pref0,0.8835[0.23006],0.879548[0.233596],0.887589[0.226272],57,0_32
Signal0,1[0],1[0],1[0],57,0_32
Hybridindex,18.3735[0.988685],18.3834[0.962347],18.3633[1.01506],58,0_32
Pref0,0.885[0.224778],0.88435[0.226583],0.885671[0.222897],58,0_32
Signal0,1[0],1[0],1[0],58,0_32
Hybridindex,18.3558[1.00651],18.3741[1.00114],18.3376[1.01146],59,0_32
Pref0,0.887[0.22579],0.885196[0.225317],0.888779[0.226241],59,0_32
Signal0,1[0],1[0],1[0],59,0_32
Hybridindex,18.3788[0.964973],18.3811[0.970736],18.3764[0.959111],60,0_32
Pref0,0.88775[0.218575],0.885572[0.221575],0.88995[0.21548],60,0_32
Signal0,1[0],1[0],1[0],60,0_32
Hybridindex,18.419[0.956655],18.4209[0.978353],18.4171[0.934223],61,0_32
Pref0,0.88775[0.22085],0.88607[0.224617],0.889447[0.216967],61,0_32
Signal0,1[0],1[0],1[0],61,0_32
Hybridindex,18.4082[0.952605],18.399[0.958245],18.4179[0.946604],62,0_32
Pref0,0.889[0.220633],0.885294[0.221579],0.892857[0.219578],62,0_32
Signal0,1[0],1[0],1[0],62,0_32
Hybridindex,18.4108[0.972579],18.426[0.983801],18.3951[0.960674],63,0_32
Pref0,0.8955[0.214079],0.903258[0.204875],0.887538[0.22285],63,0_32
Signal0,1[0],1[0],1[0],63,0_32
Hybridindex,18.4123[0.950092],18.3922[0.963092],18.4328[0.936173],64,0_32
Pref0,0.887[0.221317],0.889713[0.216649],0.884226[0.225955],64,0_32
Signal0,1[0],1[0],1[0],64,0_32
Hybridindex,18.3992[0.978634],18.3985[0.979614],18.4[0.977672],65,0_32
Pref0,0.8765[0.230755],0.872727[0.236694],0.880198[0.22472],65,0_32
Signal0,1[0],1[0],1[0],65,0_32
Hybridindex,18.3845[0.952318],18.3342[0.957729],18.4308[0.94494],66,0_32
Pref0,0.87975[0.230575],0.872263[0.236419],0.886647[0.224837],66,0_32
Signal0,1[0],1[0],1[0],66,0_32
Hybridindex,18.3315[0.983416],18.3619[0.959783],18.2998[1.0065],67,0_32
Pref0,0.885[0.219146],0.883937[0.221288],0.886108[0.216885],67,0_32
Signal0,1[0],1[0],1[0],67,0_32
Hybridindex,18.2898[0.997582],18.3178[0.986568],18.2617[1.00768],68,0_32
Pref0,0.87625[0.23035],0.871371[0.230813],0.881119[0.229783],68,0_32
Signal0,1[0],1[0],1[0],68,0_32
Hybridindex,18.2995[0.986179],18.3296[1.01399],18.2671[0.954335],69,0_32
Pref0,0.87025[0.240395],0.878378[0.23286],0.861515[0.247942],69,0_32
Signal0,1[0],1[0],1[0],69,0_32
Hybridindex,18.268[0.990796],18.2616[0.992656],18.2746[0.988839],70,0_32
Pref0,0.86975[0.238558],0.8692[0.237041],0.870314[0.240103],70,0_32
Signal0,1[0],1[0],1[0],70,0_32
Hybridindex,18.2288[0.971236],18.2455[0.967979],18.2117[0.974237],71,0_32
Pref0,0.868[0.236804],0.862599[0.240329],0.873488[0.233039],71,0_32
Signal0,1[0],1[0],1[0],71,0_32
Hybridindex,18.2615[0.990514],18.2833[0.989095],18.2398[0.991451],72,0_32
Pref0,0.8565[0.247301],0.853854[0.249449],0.859141[0.24511],72,0_32
Signal0,1[0],1[0],1[0],72,0_32
Hybridindex,18.2955[0.99984],18.2471[1.0093],18.3401[0.988949],73,0_32
Pref0,0.85275[0.247876],0.846194[0.253369],0.85879[0.242549],73,0_32
Signal0,1[0],1[0],1[0],73,0_32
Hybridindex,18.2508[1.01304],18.2492[0.996074],18.2522[1.02911],74,0_32
Pref0,0.84775[0.24989],0.851172[0.245803],0.844455[0.253719],74,0_32
Signal0,1[0],1[0],1[0],74,0_32
Hybridindex,18.287[0.985713],18.2753[0.96334],18.2985[1.00703],75,0_32
Pref0,0.854[0.247354],0.855051[0.24194],0.85297[0.252544],75,0_32
Signal0,1[0],1[0],1[0],75,0_32
Hybridindex,18.268[0.990291],18.271[1.01711],18.2648[0.960679],76,0_32
Pref0,0.85675[0.248706],0.857971[0.249873],0.85544[0.247441],76,0_32
Signal0,1[0],1[0],1[0],76,0_32
Hybridindex,18.2605[0.993801],18.2814[0.946598],18.2408[1.0359],77,0_32
Pref0,0.85275[0.252868],0.856701[0.250939],0.849029[0.254616],77,0_32
Signal0,1[0],1[0],1[0],77,0_32
Hybridindex,18.2862[0.964202],18.2935[0.948373],18.2789[0.979876],78,0_32
Pref0,0.859[0.241079],0.852736[0.243737],0.865327[0.238196],78,0_32
Signal0,1[0],1[0],1[0],78,0_32
Hybridindex,18.28[0.992648],18.3317[0.974529],18.227[1.00815],79,0_32
Pref0,0.866[0.242475],0.863277[0.241977],0.868794[0.242953],79,0_32
Signal0,1[0],1[0],1[0],79,0_32
Hybridindex,18.289[0.9406],18.3036[0.940646],18.273[0.94029],80,0_32
Pref0,0.86025[0.243095],0.859674[0.248929],0.860879[0.236557],80,0_32
Signal0,1[0],1[0],1[0],80,0_32
Hybridindex,18.2858[0.966939],18.3256[0.943288],18.2452[0.988794],81,0_32
Pref0,0.85675[0.244652],0.858276[0.239204],0.855197[0.250067],81,0_32
Signal0,1[0],1[0],1[0],81,0_32
Hybridindex,18.3002[0.97441],18.2629[0.978647],18.3379[0.968667],82,0_32
Pref0,0.869[0.235242],0.876992[0.229885],0.860944[0.240253],82,0_32
Signal0,1[0],1[0],1[0],82,0_32
Hybridindex,18.2653[0.994116],18.2246[1.01809],18.3047[0.968609],83,0_32
Pref0,0.8625[0.243092],0.862069[0.24615],0.862919[0.240081],83,0_32
Signal0,1[0],1[0],1[0],83,0_32
Hybridindex,18.2722[0.983364],18.2513[1.00457],18.2922[0.962333],84,0_32
Pref0,0.86425[0.240202],0.865641[0.23729],0.862927[0.242932],84,0_32
Signal0,1[0],1[0],1[0],84,0_32
Hybridindex,18.281[0.991483],18.2974[0.971369],18.2638[1.01187],85,0_32
Pref0,0.8565[0.244761],0.866699[0.238105],0.845799[0.25111],85,0_32
Signal0,1[0],1[0],1[0],85,0_32
Hybridindex,18.3077[1.00407],18.3109[1.03258],18.3045[0.974125],86,0_32
Pref0,0.8595[0.243946],0.858416[0.242212],0.860606[0.245698],86,0_32
Signal0,1[0],1[0],1[0],86,0_32
Hybridindex,18.304[0.997664],18.2743[0.98168],18.3342[1.01276],87,0_32
Pref0,0.8625[0.241026],0.86756[0.237942],0.857359[0.244014],87,0_32
Signal0,1[0],1[0],1[0],87,0_32
Hybridindex,18.3255[0.995515],18.33[0.97963],18.3209[1.01132],88,0_32
Pref0,0.85[0.248998],0.841948[0.24999],0.858149[0.247724],88,0_32
Signal0,1[0],1[0],1[0],88,0_32
Hybridindex,18.3195[0.973997],18.3299[0.995942],18.3087[0.950497],89,0_32
Pref0,0.843[0.253675],0.847549[0.247624],0.838265[0.259739],89,0_32
Signal0,1[0],1[0],1[0],89,0_32
Hybridindex,18.3095[0.969257],18.2905[0.953799],18.3293[0.984669],90,0_32
Pref0,0.85025[0.251396],0.857213[0.244617],0.843017[0.25805],90,0_32
Signal0,1[0],1[0],1[0],90,0_32
Hybridindex,18.2742[0.977452],18.2985[0.965364],18.2495[0.989018],91,0_32
Pref0,0.842[0.255511],0.843069[0.252466],0.840909[0.258576],91,0_32
Signal0,1[0],1[0],1[0],91,0_32
Hybridindex,18.285[0.960091],18.2564[0.959716],18.3127[0.959641],92,0_32
Pref0,0.84575[0.25755],0.839268[0.256362],0.852016[0.258538],92,0_32
Signal0,1[0],1[0],1[0],92,0_32
Hybridindex,18.2645[0.981728],18.2759[0.981864],18.2523[0.981437],93,0_32
Pref0,0.83975[0.257769],0.836883[0.258008],0.842813[0.257479],93,0_32
Signal0,1[0],1[0],1[0],93,0_32
Hybridindex,18.2638[0.99439],18.2701[0.992792],18.2575[0.995926],94,0_32
Pref0,0.83375[0.265021],0.832495[0.266998],0.83499[0.263046],94,0_32
Signal0,1[0],1[0],1[0],94,0_32
Hybridindex,18.268[0.998712],18.2994[1.00725],18.2352[0.988642],95,0_32
Pref0,0.82825[0.264342],0.822896[0.263471],0.833845[0.265134],95,0_32
Signal0,1[0],1[0],1[0],95,0_32
Hybridindex,18.2745[1.00369],18.2898[1.03419],18.2596[0.972956],96,0_32
Pref0,0.828[0.267705],0.830964[0.263914],0.825123[0.271303],96,0_32
Signal0,1[0],1[0],1[0],96,0_32
Hybridindex,18.2772[0.996247],18.2846[0.99126],18.2701[1.00107],97,0_32
Pref0,0.8275[0.266447],0.838547[0.261308],0.81665[0.27096],97,0_32
Signal0,1[0],1[0],1[0],97,0_32
Hybridindex,18.2405[0.99557],18.2067[1.01414],18.275[0.975013],98,0_32
Pref0,0.82875[0.269348],0.827893[0.265104],0.829626[0.273616],98,0_32
Signal0,1[0],1[0],1[0],98,0_32
Hybridindex,18.1855[0.987086],18.1536[1.00513],18.2154[0.968939],99,0_32
Pref0,0.828[0.272334],0.833506[0.267499],0.822846[0.276685],99,0_32
Signal0,1[0],1[0],1[0],99,0_32
Hybridindex,18.152[1.01656],18.1503[1.01341],18.1536[1.01956],100,0_32
Pref0,0.837[0.262547],0.845603[0.252161],0.828767[0.271861],100,0_32
Signal0,1[0],1[0],1[0],100,0_32
Hybridindex,12.27[8.2187],12.6485[8.08654],11.8967[8.33016],1,0_33
Pref0,0.6135[0.410935],0.632427[0.404327],0.594836[0.416508],1,0_33
Signal0,0.6135[0.410935],0.632427[0.404327],0.594836[0.416508],1,0_33
Hybridindex,14.9802[6.12648],14.8986[6.16547],15.0723[6.08089],2,0_33
Pref0,0.7475[0.337259],0.739151[0.343573],0.756915[0.32974],2,0_33
Signal0,0.7495[0.335037],0.739151[0.338734],0.76117[0.33043],2,0_33
Hybridindex,17.0862[3.64924],17.0429[3.71225],17.1279[3.58716],3,0_33
Pref0,0.856[0.25202],0.860204[0.25324],0.851961[0.250775],3,0_33
Signal0,0.87575[0.232243],0.865816[0.239269],0.885294[0.224873],3,0_33
Hybridindex,17.7435[2.33033],17.7345[2.31009],17.7531[2.3516],4,0_33
Pref0,0.8835[0.232761],0.884466[0.229502],0.882474[0.236168],4,0_33
Signal0,0.94325[0.161723],0.93932[0.167673],0.947423[0.155048],4,0_33
Hybridindex,17.8343[1.8684],17.8618[1.83057],17.807[1.90471],5,0_33
Pref0,0.88225[0.226407],0.886432[0.222292],0.878109[0.230333],5,0_33
Signal0,0.96925[0.122186],0.970854[0.117147],0.967662[0.126958],5,0_33
Hybridindex,17.9013[1.56736],17.8754[1.56378],17.9277[1.57058],6,0_33
Pref0,0.88025[0.232454],0.882789[0.230813],0.877654[0.234092],6,0_33
Signal0,0.984[0.0894092],0.984174[0.0903164],0.983822[0.0884718],6,0_33
Hybridindex,17.9413[1.41029],17.9445[1.43533],17.938[1.38479],7,0_33
Pref0,0.8825[0.22626],0.8805[0.226869],0.8845[0.225632],7,0_33
Signal0,0.99075[0.0673753],0.989[0.0733417],0.9925[0.0607762],7,0_33
Hybridindex,17.9825[1.34003],17.945[1.35367],18.0214[1.32463],8,0_33
Pref0,0.88225[0.226958],0.883104[0.226204],0.881365[0.227733],8,0_33
Signal0,0.995[0.0497494],0.993615[0.0561406],0.996436[0.0420639],8,0_33
Hybridindex,17.9845[1.29161],17.9457[1.31136],18.0243[1.26979],9,0_33
Pref0,0.8825[0.225153],0.877098[0.227542],0.888045[0.222537],9,0_33
Signal0,0.99725[0.0369789],0.998026[0.0313571],0.996454[0.041958],9,0_33
Hybridindex,17.983[1.29217],17.9907[1.2999],17.9757[1.28479],10,0_33
Pref0,0.88125[0.233503],0.880144[0.235236],0.882296[0.231846],10,0_33
Signal0,0.999[0.0223383],0.998971[0.0226571],0.999027[0.0220326],10,0_33
Hybridindex,17.947[1.2764],17.9247[1.22728],17.9688[1.32232],11,0_33
Pref0,0.876[0.232108],0.87361[0.230841],0.878338[0.233317],11,0_33
Signal0,0.99925[0.0193504],0.998989[0.0224619],0.999505[0.0157174],11,0_33
Hybridindex,17.9657[1.25068],17.9781[1.22652],17.9538[1.27344],12,0_33
Pref0,0.88025[0.229205],0.882892[0.227965],0.877701[0.230366],12,0_33
Signal0,0.99975[0.0111775],0.999491[0.0159475],1[0],12,0_33
Hybridindex,17.9458[1.23458],17.9358[1.26901],17.9559[1.19812],13,0_33
Pref0,0.885[0.223103],0.894373[0.214706],0.87538[0.23101],13,0_33
Signal0,1[0],1[0],1[0],13,0_33
Hybridindex,17.9752[1.25937],17.9727[1.26758],17.9778[1.25099],14,0_33
Pref0,0.8865[0.224428],0.889772[0.223417],0.883182[0.225399],14,0_33
Signal0,1[0],1[0],1[0],14,0_33
Hybridindex,17.9662[1.24086],17.9301[1.23968],18[1.24101],15,0_33
Pref0,0.8885[0.225428],0.887047[0.231436],0.889855[0.219669],15,0_33
Signal0,1[0],1[0],1[0],15,0_33
Hybridindex,17.9225[1.26412],17.8659[1.26945],17.9765[1.25663],16,0_33
Pref0,0.87775[0.233302],0.876663[0.232665],0.878788[0.233905],16,0_33
Signal0,1[0],1[0],1[0],16,0_33
Hybridindex,17.8915[1.21449],17.8934[1.23825],17.8897[1.1912],17,0_33
Pref0,0.873[0.232639],0.877041[0.234593],0.869118[0.230679],17,0_33
Signal0,1[0],1[0],1[0],17,0_33
Hybridindex,17.919[1.19224],17.8985[1.23435],17.9399[1.14732],18,0_33
Pref0,0.8765[0.235048],0.886139[0.227787],0.866667[0.241836],18,0_33
Signal0,1[0],1[0],1[0],18,0_33
Hybridindex,17.9355[1.18979],17.9488[1.20746],17.9218[1.17113],19,0_33
Pref0,0.8755[0.229673],0.878325[0.226829],0.872589[0.232532],19,0_33
Signal0,1[0],1[0],1[0],19,0_33
Hybridindex,17.8742[1.2429],17.9102[1.21104],17.8385[1.27278],20,0_33
Pref0,0.87575[0.231704],0.881645[0.224019],0.86989[0.238955],20,0_33
Signal0,1[0],1[0],1[0],20,0_33
Hybridindex,17.912[1.19206],17.8972[1.18856],17.9276[1.19554],21,0_33
Pref0,0.88275[0.226114],0.875244[0.234731],0.890657[0.216385],21,0_33
Signal0,1[0],1[0],1[0],21,0_33
Hybridindex,17.9365[1.15854],17.9024[1.14444],17.9698[1.17121],22,0_33
Pref0,0.879[0.230996],0.876138[0.229469],0.8818[0.232445],22,0_33
Signal0,1[0],1[0],1[0],22,0_33
Hybridindex,17.9443[1.15705],17.9497[1.13094],17.9386[1.18328],23,0_33
Pref0,0.872[0.237415],0.871302[0.241124],0.872718[0.233537],23,0_33
Signal0,1[0],1[0],1[0],23,0_33
Hybridindex,17.9112[1.18901],17.8836[1.19028],17.9389[1.18709],24,0_33
Pref0,0.875[0.23372],0.881119[0.227599],0.868869[0.23954],24,0_33
Signal0,1[0],1[0],1[0],24,0_33
Hybridindex,17.87[1.16097],17.8812[1.17387],17.8586[1.14755],25,0_33
Pref0,0.875[0.232648],0.868812[0.23624],0.881313[0.228752],25,0_33
Signal0,1[0],1[0],1[0],25,0_33
Hybridindex,17.8645[1.17106],17.8438[1.20295],17.8851[1.13798],26,0_33
Pref0,0.874[0.233718],0.881882[0.230467],0.866134[0.236656],26,0_33
Signal0,1[0],1[0],1[0],26,0_33
Hybridindex,17.8403[1.18695],17.8107[1.15147],17.8695[1.22043],27,0_33
Pref0,0.876[0.231028],0.869478[0.239293],0.88247[0.222337],27,0_33
Signal0,1[0],1[0],1[0],27,0_33
Hybridindex,17.8098[1.15896],17.7853[1.13929],17.8342[1.17775],28,0_33
Pref0,0.86375[0.23835],0.860861[0.237099],0.866633[0.239558],28,0_33
Signal0,1[0],1[0],1[0],28,0_33
Hybridindex,17.804[1.20326],17.8042[1.20381],17.8038[1.20269],29,0_33
Pref0,0.86325[0.238064],0.868989[0.230756],0.857288[0.245282],29,0_33
Signal0,1[0],1[0],1[0],29,0_33
Hybridindex,17.7907[1.22253],17.8301[1.20103],17.7497[1.24324],30,0_33
Pref0,0.862[0.246893],0.857493[0.246454],0.866701[0.247262],30,0_33
Signal0,1[0],1[0],1[0],30,0_33
Hybridindex,17.7575[1.20994],17.7566[1.2362],17.7583[1.18425],31,0_33
Pref0,0.867[0.237299],0.867587[0.239509],0.866438[0.235164],31,0_33
Signal0,1[0],1[0],1[0],31,0_33
Hybridindex,17.7665[1.18584],17.7814[1.16302],17.7522[1.20715],32,0_33
Pref0,0.87125[0.234091],0.871297[0.231095],0.871205[0.236927],32,0_33
Signal0,1[0],1[0],1[0],32,0_33
Hybridindex,17.7682[1.20142],17.7787[1.19292],17.7583[1.20935],33,0_33
Pref0,0.87[0.235266],0.872177[0.237276],0.867934[0.233323],33,0_33
Signal0,1[0],1[0],1[0],33,0_33
Hybridindex,17.765[1.18544],17.7936[1.16539],17.7359[1.20486],34,0_33
Pref0,0.8625[0.247677],0.858416[0.255152],0.866667[0.239739],34,0_33
Signal0,1[0],1[0],1[0],34,0_33
Hybridindex,17.7655[1.17888],17.7783[1.18299],17.7523[1.17447],35,0_33
Pref0,0.864[0.239278],0.866765[0.24024],0.861139[0.238245],35,0_33
Signal0,1[0],1[0],1[0],35,0_33
Hybridindex,17.7488[1.2053],17.7315[1.19746],17.766[1.21282],36,0_33
Pref0,0.865[0.242436],0.870741[0.23862],0.859281[0.246044],36,0_33
Signal0,1[0],1[0],1[0],36,0_33
Hybridindex,17.773[1.19957],17.759[1.1722],17.7869[1.22607],37,0_33
Pref0,0.86725[0.240317],0.865731[0.239003],0.868762[0.24161],37,0_33
Signal0,1[0],1[0],1[0],37,0_33
Hybridindex,17.751[1.21099],17.7878[1.18991],17.7153[1.23005],38,0_33
Pref0,0.8685[0.236554],0.870051[0.231671],0.866995[0.241188],38,0_33
Signal0,1[0],1[0],1[0],38,0_33
Hybridindex,17.7335[1.20467],17.7066[1.21159],17.7608[1.19696],39,0_33
Pref0,0.87525[0.22981],0.874628[0.23324],0.875883[0.226262],39,0_33
Signal0,1[0],1[0],1[0],39,0_33
Hybridindex,17.7293[1.1705],17.7187[1.1795],17.7401[1.16108],40,0_33
Pref0,0.869[0.242052],0.868707[0.246472],0.869301[0.237429],40,0_33
Signal0,1[0],1[0],1[0],40,0_33
Hybridindex,17.7553[1.16779],17.7756[1.16932],17.7347[1.16587],41,0_33
Pref0,0.8725[0.233974],0.861692[0.245912],0.883417[0.220726],41,0_33
Signal0,1[0],1[0],1[0],41,0_33
Hybridindex,17.7665[1.15822],17.7698[1.17178],17.763[1.1439],42,0_33
Pref0,0.87125[0.240932],0.882468[0.231877],0.859551[0.24949],42,0_33
Signal0,1[0],1[0],1[0],42,0_33
Hybridindex,17.7392[1.14821],17.7263[1.14223],17.7523[1.15402],43,0_33
Pref0,0.87575[0.227348],0.875125[0.224366],0.876376[0.230294],43,0_33
Signal0,1[0],1[0],1[0],43,0_33
Hybridindex,17.7285[1.12563],17.7324[1.11174],17.7246[1.13952],44,0_33
Pref0,0.875[0.228309],0.876365[0.224731],0.873615[0.231873],44,0_33
Signal0,1[0],1[0],1[0],44,0_33
Hybridindex,17.7425[1.13653],17.7421[1.13951],17.7429[1.13363],45,0_33
Pref0,0.882[0.230924],0.883756[0.229632],0.880296[0.232158],45,0_33
Signal0,1[0],1[0],1[0],45,0_33
Hybridindex,17.693[1.13534],17.7137[1.13841],17.6714[1.13173],46,0_33
Pref0,0.87775[0.233302],0.882843[0.231681],0.872449[0.23486],46,0_33
Signal0,1[0],1[0],1[0],46,0_33
Hybridindex,17.6923[1.1432],17.6411[1.15184],17.743[1.13229],47,0_33
Pref0,0.87925[0.232475],0.883534[0.22847],0.875[0.236303],47,0_33
Signal0,1[0],1[0],1[0],47,0_33
Hybridindex,17.6612[1.12088],17.6801[1.11096],17.6422[1.13049],48,0_33
Pref0,0.87725[0.234643],0.887562[0.22811],0.866834[0.240614],48,0_33
Signal0,1[0],1[0],1[0],48,0_33
Hybridindex,17.6475[1.13578],17.6096[1.14208],17.6867[1.12788],49,0_33
Pref0,0.87525[0.236247],0.878564[0.2299],0.871821[0.24259],49,0_33
Signal0,1[0],1[0],1[0],49,0_33
Hybridindex,17.6388[1.15958],17.6577[1.15497],17.6181[1.16423],50,0_33
Pref0,0.875[0.235319],0.87488[0.238688],0.875131[0.231591],50,0_33
Signal0,1[0],1[0],1[0],50,0_33
Hybridindex,17.615[1.18428],17.6142[1.18515],17.6158[1.18347],51,0_33
Pref0,0.86825[0.238258],0.873967[0.229813],0.862888[0.245795],51,0_33
Signal0,1[0],1[0],1[0],51,0_33
Hybridindex,17.6133[1.15933],17.5972[1.21189],17.6284[1.10713],52,0_33
Pref0,0.8545[0.25215],0.85751[0.25259],0.851654[0.251701],52,0_33
Signal0,1[0],1[0],1[0],52,0_33
Hybridindex,17.5867[1.18241],17.5861[1.21576],17.5874[1.14697],53,0_33
Pref0,0.85625[0.243846],0.85876[0.241961],0.853659[0.24575],53,0_33
Signal0,1[0],1[0],1[0],53,0_33
Hybridindex,17.605[1.16896],17.5931[1.1832],17.6173[1.15399],54,0_33
Pref0,0.852[0.255629],0.839901[0.263986],0.864467[0.246099],54,0_33
Signal0,1[0],1[0],1[0],54,0_33
Hybridindex,17.5875[1.19754],17.6044[1.17371],17.5703[1.22118],55,0_33
Pref0,0.84725[0.2565],0.851137[0.256172],0.843276[0.256774],55,0_33
Signal0,1[0],1[0],1[0],55,0_33
Hybridindex,17.6013[1.19221],17.6068[1.20441],17.596[1.18049],56,0_33
Pref0,0.843[0.260002],0.838809[0.258715],0.846979[0.261156],56,0_33
Signal0,1[0],1[0],1[0],56,0_33
Hybridindex,17.599[1.17237],17.5924[1.16399],17.6061[1.18123],57,0_33
Pref0,0.847[0.256595],0.85058[0.255812],0.843168[0.257375],57,0_33
Signal0,1[0],1[0],1[0],57,0_33
Hybridindex,17.5993[1.211],17.5773[1.20782],17.6212[1.21379],58,0_33
Pref0,0.839[0.263304],0.83483[0.2613],0.843186[0.265235],58,0_33
Signal0,1[0],1[0],1[0],58,0_33
Hybridindex,17.5667[1.19475],17.5731[1.18102],17.5608[1.20735],59,0_33
Pref0,0.8365[0.258878],0.839212[0.262801],0.833977[0.255148],59,0_33
Signal0,1[0],1[0],1[0],59,0_33
Hybridindex,17.5525[1.17153],17.5485[1.15552],17.5564[1.18729],60,0_33
Pref0,0.8445[0.255088],0.851852[0.250273],0.837163[0.259596],60,0_33
Signal0,1[0],1[0],1[0],60,0_33
Hybridindex,17.555[1.16296],17.5746[1.13372],17.5365[1.18964],61,0_33
Pref0,0.849[0.251891],0.850823[0.247143],0.847276[0.256287],61,0_33
Signal0,1[0],1[0],1[0],61,0_33
Hybridindex,17.5323[1.20492],17.5199[1.18769],17.5435[1.22035],62,0_33
Pref0,0.84075[0.254489],0.836126[0.260092],0.844976[0.249183],62,0_33
Signal0,1[0],1[0],1[0],62,0_33
Hybridindex,17.5495[1.21122],17.5124[1.22924],17.5869[1.19157],63,0_33
Pref0,0.8435[0.260783],0.850249[0.254731],0.836683[0.266583],63,0_33
Signal0,1[0],1[0],1[0],63,0_33
Hybridindex,17.564[1.18021],17.5201[1.1894],17.6075[1.16943],64,0_33
Pref0,0.85425[0.244708],0.844221[0.250335],0.864179[0.238591],64,0_33
Signal0,1[0],1[0],1[0],64,0_33
Hybridindex,17.59[1.17053],17.5749[1.19713],17.6053[1.14267],65,0_33
Pref0,0.8495[0.256124],0.849206[0.257967],0.849798[0.254238],65,0_33
Signal0,1[0],1[0],1[0],65,0_33
Hybridindex,17.6417[1.17187],17.6152[1.154],17.6703[1.19016],66,0_33
Pref0,0.8405[0.257992],0.839441[0.257045],0.841641[0.259002],66,0_33
Signal0,1[0],1[0],1[0],66,0_33
Hybridindex,17.6445[1.192],17.5658[1.2342],17.7285[1.13922],67,0_33
Pref0,0.84175[0.259484],0.845595[0.255856],0.837642[0.263242],67,0_33
Signal0,1[0],1[0],1[0],67,0_33
Hybridindex,17.6408[1.15848],17.6485[1.17541],17.6334[1.14215],68,0_33
Pref0,0.84775[0.256797],0.844296[0.259775],0.851022[0.253901],68,0_33
Signal0,1[0],1[0],1[0],68,0_33
Hybridindex,17.651[1.13378],17.6888[1.13462],17.6137[1.13171],69,0_33
Pref0,0.84325[0.259431],0.830816[0.267541],0.855511[0.250574],69,0_33
Signal0,1[0],1[0],1[0],69,0_33
Hybridindex,17.6365[1.17276],17.5986[1.17927],17.6747[1.16492],70,0_33
Pref0,0.84725[0.250584],0.841135[0.25622],0.853414[0.244618],70,0_33
Signal0,1[0],1[0],1[0],70,0_33
Hybridindex,17.677[1.15528],17.632[1.15101],17.7203[1.15772],71,0_33
Pref0,0.849[0.252387],0.841488[0.257609],0.856232[0.247039],71,0_33
Signal0,1[0],1[0],1[0],71,0_33
Hybridindex,17.6635[1.15597],17.6878[1.1463],17.6403[1.16466],72,0_33
Pref0,0.8455[0.256671],0.849028[0.255906],0.842131[0.257354],72,0_33
Signal0,1[0],1[0],1[0],72,0_33
Hybridindex,17.62[1.14241],17.6039[1.14185],17.6345[1.14272],73,0_33
Pref0,0.8355[0.262087],0.834916[0.260668],0.836027[0.263359],73,0_33
Signal0,1[0],1[0],1[0],73,0_33
Hybridindex,17.615[1.13865],17.6306[1.13493],17.6007[1.14187],74,0_33
Pref0,0.8395[0.262659],0.833333[0.265908],0.845158[0.259513],74,0_33
Signal0,1[0],1[0],1[0],74,0_33
Hybridindex,17.5615[1.1441],17.5554[1.16209],17.5678[1.12507],75,0_33
Pref0,0.84925[0.253277],0.846909[0.251819],0.851682[0.25476],75,0_33
Signal0,1[0],1[0],1[0],75,0_33
Hybridindex,17.581[1.12325],17.5796[1.14519],17.5825[1.10005],76,0_33
Pref0,0.8535[0.251073],0.863949[0.239529],0.842668[0.262066],76,0_33
Signal0,1[0],1[0],1[0],76,0_33
Hybridindex,17.583[1.17116],17.5933[1.16145],17.5722[1.18116],77,0_33
Pref0,0.845[0.26024],0.846191[0.258687],0.84375[0.261854],77,0_33
Signal0,1[0],1[0],1[0],77,0_33
Hybridindex,17.5957[1.17684],17.6251[1.18116],17.5667[1.17182],78,0_33
Pref0,0.8535[0.245026],0.859296[0.236816],0.847761[0.252761],78,0_33
Signal0,1[0],1[0],1[0],78,0_33
Hybridindex,17.567[1.1416],17.577[1.14221],17.5575[1.14095],79,0_33
Pref0,0.85475[0.249053],0.858316[0.246011],0.851365[0.251861],79,0_33
Signal0,1[0],1[0],1[0],79,0_33
Hybridindex,17.5655[1.17152],17.565[1.16454],17.566[1.17857],80,0_33
Pref0,0.8525[0.248985],0.855159[0.247714],0.849798[0.250242],80,0_33
Signal0,1[0],1[0],1[0],80,0_33
Hybridindex,17.592[1.15121],17.5933[1.14739],17.5906[1.15507],81,0_33
Pref0,0.85175[0.251291],0.854518[0.248005],0.848943[0.254549],81,0_33
Signal0,1[0],1[0],1[0],81,0_33
Hybridindex,17.5835[1.15857],17.5799[1.14106],17.5869[1.175],82,0_33
Pref0,0.8515[0.252384],0.842725[0.259271],0.859863[0.245348],82,0_33
Signal0,1[0],1[0],1[0],82,0_33
Hybridindex,17.5912[1.14118],17.5726[1.13106],17.6101[1.15101],83,0_33
Pref0,0.8475[0.252475],0.849751[0.251982],0.845226[0.252952],83,0_33
Signal0,1[0],1[0],1[0],83,0_33
Hybridindex,17.592[1.16363],17.5884[1.16494],17.5958[1.16222],84,0_33
Pref0,0.8485[0.258453],0.855685[0.256725],0.840886[0.260054],84,0_33
Signal0,1[0],1[0],1[0],84,0_33
Hybridindex,17.5993[1.17027],17.6317[1.18482],17.5666[1.15455],85,0_33
Pref0,0.83975[0.254843],0.848802[0.252421],0.830661[0.256931],85,0_33
Signal0,1[0],1[0],1[0],85,0_33
Hybridindex,17.5697[1.17538],17.565[1.1618],17.5745[1.18878],86,0_33
Pref0,0.841[0.264989],0.854[0.260161],0.828[0.269102],86,0_33
Signal0,1[0],1[0],1[0],86,0_33
Hybridindex,17.5862[1.16595],17.6249[1.12408],17.55[1.20284],87,0_33
Pref0,0.83475[0.262331],0.831269[0.265223],0.838021[0.259541],87,0_33
Signal0,1[0],1[0],1[0],87,0_33
Hybridindex,17.5508[1.17646],17.5558[1.18153],17.5461[1.17175],88,0_33
Pref0,0.851[0.251593],0.855057[0.247728],0.847262[0.255045],88,0_33
Signal0,1[0],1[0],1[0],88,0_33
Hybridindex,17.5385[1.18343],17.511[1.15725],17.5657[1.20823],89,0_33
Pref0,0.84575[0.250164],0.841867[0.253181],0.849602[0.247074],89,0_33
Signal0,1[0],1[0],1[0],89,0_33
Hybridindex,17.5278[1.19493],17.5715[1.21637],17.4858[1.17247],90,0_33
Pref0,0.839[0.258996],0.837589[0.259009],0.840353[0.258977],90,0_33
Signal0,1[0],1[0],1[0],90,0_33
Hybridindex,17.5222[1.17287],17.5326[1.15255],17.5123[1.19206],91,0_33
Pref0,0.8315[0.264306],0.84165[0.256537],0.821709[0.271231],91,0_33
Signal0,1[0],1[0],1[0],91,0_33
Hybridindex,17.573[1.15073],17.5643[1.16513],17.5817[1.13598],92,0_33
Pref0,0.83325[0.26138],0.833001[0.260909],0.833501[0.261853],92,0_33
Signal0,1[0],1[0],1[0],92,0_33
Hybridindex,17.5388[1.13891],17.5215[1.16348],17.5552[1.1147],93,0_33
Pref0,0.8345[0.260978],0.838792[0.255662],0.830401[0.265892],93,0_33
Signal0,1[0],1[0],1[0],93,0_33
Hybridindex,17.5083[1.19689],17.5132[1.17226],17.5034[1.22022],94,0_33
Pref0,0.8305[0.266026],0.821465[0.277903],0.839233[0.253713],94,0_33
Signal0,1[0],1[0],1[0],94,0_33
Hybridindex,17.4962[1.16484],17.4857[1.167],17.5064[1.16268],95,0_33
Pref0,0.8195[0.2728],0.826353[0.271153],0.812929[0.274209],95,0_33
Signal0,1[0],1[0],1[0],95,0_33
Hybridindex,17.4992[1.16892],17.5147[1.14914],17.4842[1.18764],96,0_33
Pref0,0.828[0.262994],0.827586[0.259094],0.828402[0.266732],96,0_33
Signal0,1[0],1[0],1[0],96,0_33
Hybridindex,17.4743[1.15865],17.4372[1.19593],17.5115[1.11865],97,0_33
Pref0,0.83575[0.267669],0.826022[0.277776],0.845537[0.25673],97,0_33
Signal0,1[0],1[0],1[0],97,0_33
Hybridindex,17.5197[1.13478],17.5211[1.13724],17.5184[1.13235],98,0_33
Pref0,0.8355[0.264933],0.83501[0.265262],0.835984[0.264608],98,0_33
Signal0,1[0],1[0],1[0],98,0_33
Hybridindex,17.529[1.14112],17.5442[1.17288],17.5136[1.10777],99,0_33
Pref0,0.83625[0.262794],0.838133[0.262929],0.83434[0.262644],99,0_33
Signal0,1[0],1[0],1[0],99,0_33
Hybridindex,17.5087[1.14457],17.5456[1.13198],17.4712[1.15605],100,0_33
Pref0,0.82175[0.272217],0.823092[0.27204],0.820383[0.272389],100,0_33
Signal0,1[0],1[0],1[0],100,0_33
Hybridindex,12.765[8.24044],12.6468[8.25945],12.8844[8.21946],1,0_34
Pref0,0.63825[0.412022],0.632338[0.412972],0.644221[0.410973],1,0_34
Signal0,0.63825[0.412022],0.632338[0.412972],0.644221[0.410973],1,0_34
Hybridindex,15.32[5.97857],15.2074[5.97568],15.4372[5.97933],2,0_34
Pref0,0.77175[0.323693],0.764216[0.323952],0.779592[0.323236],2,0_34
Signal0,0.76925[0.325391],0.767157[0.326823],0.771429[0.32388],2,0_34
Hybridindex,16.958[3.83481],16.8874[3.89889],17.0317[3.7654],3,0_34
Pref0,0.855[0.255392],0.86239[0.24526],0.847293[0.265328],3,0_34
Signal0,0.877[0.240044],0.870715[0.250239],0.883555[0.228744],3,0_34
Hybridindex,17.5708[2.59781],17.5756[2.55469],17.5661[2.63793],4,0_34
Pref0,0.87625[0.23251],0.865741[0.240518],0.886187[0.224223],4,0_34
Signal0,0.9365[0.171662],0.939815[0.16427],0.933366[0.178312],4,0_34
Hybridindex,17.8395[1.90597],17.8319[1.90031],17.8477[1.91203],5,0_34
Pref0,0.89075[0.220657],0.895472[0.218174],0.885655[0.223193],5,0_34
Signal0,0.969[0.120578],0.973507[0.112003],0.964137[0.129016],5,0_34
Hybridindex,17.8775[1.61516],17.9016[1.61621],17.8522[1.61366],6,0_34
Pref0,0.89775[0.212532],0.896199[0.208716],0.899384[0.216467],6,0_34
Signal0,0.98575[0.0831982],0.984405[0.0869142],0.987166[0.0790704],6,0_34
Hybridindex,17.8908[1.47333],17.8699[1.4635],17.9117[1.48284],7,0_34
Pref0,0.89675[0.216135],0.899801[0.212238],0.893681[0.219944],7,0_34
Signal0,0.99625[0.0431386],0.994516[0.052074],0.997994[0.0316067],7,0_34
Hybridindex,17.8975[1.35932],17.9128[1.37783],17.8821[1.34026],8,0_34
Pref0,0.8945[0.216494],0.892822[0.216996],0.896189[0.215976],8,0_34
Signal0,1[0],1[0],1[0],8,0_34
Hybridindex,17.8995[1.29698],17.8656[1.29472],17.9317[1.2983],9,0_34
Pref0,0.893[0.218634],0.880513[0.227201],0.904878[0.209472],9,0_34
Signal0,1[0],1[0],1[0],9,0_34
Hybridindex,17.9285[1.27147],17.964[1.29738],17.893[1.24401],10,0_34
Pref0,0.89575[0.215655],0.897[0.215386],0.8945[0.215916],10,0_34
Signal0,1[0],1[0],1[0],10,0_34
Hybridindex,17.9217[1.28666],17.9011[1.30538],17.9424[1.2673],11,0_34
Pref0,0.89425[0.221228],0.890609[0.225213],0.897898[0.217101],11,0_34
Signal0,1[0],1[0],1[0],11,0_34
Hybridindex,17.9052[1.23345],17.8905[1.21681],17.9204[1.25015],12,0_34
Pref0,0.90125[0.208263],0.900888[0.208992],0.901623[0.20751],12,0_34
Signal0,1[0],1[0],1[0],12,0_34
Hybridindex,17.8795[1.23227],17.8815[1.24245],17.8776[1.22234],13,0_34
Pref0,0.90275[0.209565],0.910987[0.197804],0.894789[0.220044],13,0_34
Signal0,1[0],1[0],1[0],13,0_34
Hybridindex,17.8893[1.26811],17.9228[1.25246],17.8567[1.28227],14,0_34
Pref0,0.906[0.207157],0.907107[0.204642],0.904926[0.209563],14,0_34
Signal0,1[0],1[0],1[0],14,0_34
Hybridindex,17.8553[1.25923],17.8467[1.24526],17.8639[1.27322],15,0_34
Pref0,0.89975[0.214651],0.897817[0.219295],0.901714[0.209808],15,0_34
Signal0,1[0],1[0],1[0],15,0_34
Hybridindex,17.8425[1.27512],17.7798[1.29067],17.908[1.25534],16,0_34
Pref0,0.9015[0.208081],0.900685[0.210231],0.902352[0.205807],16,0_34
Signal0,1[0],1[0],1[0],16,0_34
Hybridindex,17.8125[1.29377],17.7592[1.31959],17.8668[1.26464],17,0_34
Pref0,0.9[0.214476],0.902874[0.208781],0.897074[0.220085],17,0_34
Signal0,1[0],1[0],1[0],17,0_34
Hybridindex,17.7978[1.2849],17.7554[1.33854],17.8409[1.22627],18,0_34
Pref0,0.89975[0.209344],0.892079[0.217403],0.907576[0.200487],18,0_34
Signal0,1[0],1[0],1[0],18,0_34
Hybridindex,17.7353[1.25041],17.7616[1.21635],17.7071[1.28513],19,0_34
Pref0,0.89925[0.213833],0.891957[0.221655],0.907025[0.204879],19,0_34
Signal0,1[0],1[0],1[0],19,0_34
Hybridindex,17.6642[1.25375],17.6394[1.27218],17.6886[1.23494],20,0_34
Pref0,0.8965[0.218032],0.900505[0.216608],0.892574[0.219347],20,0_34
Signal0,1[0],1[0],1[0],20,0_34
Hybridindex,17.678[1.26256],17.654[1.27186],17.7014[1.253],21,0_34
Pref0,0.906[0.207157],0.903749[0.208376],0.908193[0.205938],21,0_34
Signal0,1[0],1[0],1[0],21,0_34
Hybridindex,17.67[1.28505],17.6608[1.28085],17.6796[1.28931],22,0_34
Pref0,0.90625[0.205149],0.907571[0.206368],0.904883[0.20387],22,0_34
Signal0,1[0],1[0],1[0],22,0_34
Hybridindex,17.7005[1.26434],17.7134[1.2643],17.6871[1.26424],23,0_34
Pref0,0.90775[0.20091],0.910697[0.200278],0.904689[0.201519],23,0_34
Signal0,1[0],1[0],1[0],23,0_34
Hybridindex,17.748[1.22841],17.7787[1.22049],17.7178[1.23541],24,0_34
Pref0,0.906[0.207759],0.921371[0.188818],0.890873[0.22382],24,0_34
Signal0,1[0],1[0],1[0],24,0_34
Hybridindex,17.761[1.20078],17.7981[1.18537],17.7244[1.21468],25,0_34
Pref0,0.904[0.206843],0.903323[0.207413],0.904667[0.206277],25,0_34
Signal0,1[0],1[0],1[0],25,0_34
Hybridindex,17.75[1.18849],17.757[1.18304],17.7435[1.19353],26,0_34
Pref0,0.90725[0.20254],0.909514[0.1991],0.905131[0.205686],26,0_34
Signal0,1[0],1[0],1[0],26,0_34
Hybridindex,17.7785[1.14496],17.7635[1.14077],17.7929[1.1488],27,0_34
Pref0,0.90725[0.204383],0.909276[0.20174],0.905299[0.206877],27,0_34
Signal0,1[0],1[0],1[0],27,0_34
Hybridindex,17.7568[1.16101],17.7599[1.17351],17.7535[1.14807],28,0_34
Pref0,0.90125[0.215345],0.90415[0.21367],0.898279[0.217007],28,0_34
Signal0,1[0],1[0],1[0],28,0_34
Hybridindex,17.7297[1.17083],17.6942[1.15917],17.7652[1.18129],29,0_34
Pref0,0.9045[0.202805],0.905906[0.201732],0.903097[0.20386],29,0_34
Signal0,1[0],1[0],1[0],29,0_34
Hybridindex,17.7145[1.16961],17.689[1.15717],17.7404[1.18156],30,0_34
Pref0,0.909[0.205473],0.90377[0.211677],0.914315[0.198829],30,0_34
Signal0,1[0],1[0],1[0],30,0_34
Hybridindex,17.6795[1.18323],17.6954[1.16177],17.6623[1.20577],31,0_34
Pref0,0.909[0.204863],0.905197[0.205581],0.913111[0.204005],31,0_34
Signal0,1[0],1[0],1[0],31,0_34
Hybridindex,17.6657[1.18497],17.6265[1.1664],17.706[1.20237],32,0_34
Pref0,0.90575[0.206136],0.905632[0.205502],0.90587[0.206783],32,0_34
Signal0,1[0],1[0],1[0],32,0_34
Hybridindex,17.6708[1.1651],17.6874[1.16258],17.655[1.16727],33,0_34
Pref0,0.90275[0.207768],0.907827[0.204231],0.897959[0.210939],33,0_34
Signal0,1[0],1[0],1[0],33,0_34
Hybridindex,17.689[1.16909],17.6829[1.19362],17.6951[1.14411],34,0_34
Pref0,0.905[0.206095],0.900802[0.212767],0.909182[0.199139],34,0_34
Signal0,1[0],1[0],1[0],34,0_34
Hybridindex,17.668[1.19207],17.7132[1.19586],17.6218[1.1864],35,0_34
Pref0,0.90175[0.213242],0.910485[0.20897],0.892821[0.217158],35,0_34
Signal0,1[0],1[0],1[0],35,0_34
Hybridindex,17.6977[1.16502],17.667[1.15546],17.7291[1.17384],36,0_34
Pref0,0.904[0.208648],0.90783[0.203848],0.900101[0.213353],36,0_34
Signal0,1[0],1[0],1[0],36,0_34
Hybridindex,17.7213[1.17895],17.7589[1.15015],17.6865[1.20388],37,0_34
Pref0,0.903[0.205161],0.9[0.207666],0.905769[0.202782],37,0_34
Signal0,1[0],1[0],1[0],37,0_34
Hybridindex,17.7593[1.17693],17.7625[1.16669],17.7559[1.18746],38,0_34
Pref0,0.897[0.213638],0.899902[0.210821],0.893986[0.216483],38,0_34
Signal0,1[0],1[0],1[0],38,0_34
Hybridindex,17.754[1.16178],17.7377[1.15932],17.7689[1.16382],39,0_34
Pref0,0.894[0.213925],0.896335[0.212778],0.891866[0.214946],39,0_34
Signal0,1[0],1[0],1[0],39,0_34
Hybridindex,17.762[1.13715],17.7461[1.12495],17.7786[1.14952],40,0_34
Pref0,0.89[0.222823],0.886497[0.22951],0.893661[0.215552],40,0_34
Signal0,1[0],1[0],1[0],40,0_34
Hybridindex,17.7548[1.14236],17.7444[1.16572],17.7647[1.11936],41,0_34
Pref0,0.89225[0.223081],0.895918[0.219888],0.888725[0.226049],41,0_34
Signal0,1[0],1[0],1[0],41,0_34
Hybridindex,17.7785[1.13344],17.7603[1.13312],17.7974[1.13346],42,0_34
Pref0,0.89375[0.216416],0.895588[0.217224],0.891837[0.215555],42,0_34
Signal0,1[0],1[0],1[0],42,0_34
Hybridindex,17.7455[1.12059],17.7611[1.11459],17.7302[1.12626],43,0_34
Pref0,0.89775[0.214289],0.890121[0.222303],0.905258[0.205823],43,0_34
Signal0,1[0],1[0],1[0],43,0_34
Hybridindex,17.7015[1.16925],17.6802[1.19035],17.7223[1.1479],44,0_34
Pref0,0.89325[0.22244],0.892206[0.225567],0.894269[0.219339],44,0_34
Signal0,1[0],1[0],1[0],44,0_34
Hybridindex,17.6867[1.14313],17.6941[1.08334],17.6795[1.19869],45,0_34
Pref0,0.895[0.217313],0.897371[0.211722],0.892681[0.222622],45,0_34
Signal0,1[0],1[0],1[0],45,0_34
Hybridindex,17.6743[1.15651],17.6618[1.15951],17.6875[1.15316],46,0_34
Pref0,0.8935[0.219449],0.89874[0.218275],0.887913[0.220557],46,0_34
Signal0,1[0],1[0],1[0],46,0_34
Hybridindex,17.7003[1.13491],17.7104[1.11273],17.6893[1.15841],47,0_34
Pref0,0.89775[0.214289],0.898655[0.210343],0.896767[0.218488],47,0_34
Signal0,1[0],1[0],1[0],47,0_34
Hybridindex,17.7132[1.13618],17.7238[1.1343],17.7026[1.13796],48,0_34
Pref0,0.907[0.205794],0.912263[0.200396],0.901705[0.210952],48,0_34
Signal0,1[0],1[0],1[0],48,0_34
Hybridindex,17.6848[1.1726],17.7069[1.17838],17.663[1.16648],49,0_34
Pref0,0.8965[0.214564],0.900101[0.213353],0.892963[0.215688],49,0_34
Signal0,1[0],1[0],1[0],49,0_34
Hybridindex,17.6717[1.18528],17.6594[1.18735],17.6843[1.18304],50,0_34
Pref0,0.894[0.215671],0.886792[0.226353],0.901309[0.204009],50,0_34
Signal0,1[0],1[0],1[0],50,0_34
Hybridindex,17.6513[1.17473],17.6739[1.20645],17.6278[1.14045],51,0_34
Pref0,0.89275[0.219937],0.893418[0.217564],0.892057[0.222369],51,0_34
Signal0,1[0],1[0],1[0],51,0_34
Hybridindex,17.6215[1.15043],17.6332[1.16301],17.6086[1.13631],52,0_34
Pref0,0.897[0.215965],0.897803[0.21089],0.896118[0.221404],52,0_34
Signal0,1[0],1[0],1[0],52,0_34
Hybridindex,17.617[1.14676],17.6137[1.12268],17.6203[1.17067],53,0_34
Pref0,0.90225[0.208734],0.897219[0.21399],0.907351[0.203138],53,0_34
Signal0,1[0],1[0],1[0],53,0_34
Hybridindex,17.5852[1.12009],17.5546[1.11921],17.6174[1.12012],54,0_34
Pref0,0.9045[0.208278],0.902927[0.209741],0.906154[0.206716],54,0_34
Signal0,1[0],1[0],1[0],54,0_34
Hybridindex,17.5685[1.13548],17.5231[1.16518],17.6177[1.10028],55,0_34
Pref0,0.89875[0.21301],0.901442[0.209505],0.895833[0.216707],55,0_34
Signal0,1[0],1[0],1[0],55,0_34
Hybridindex,17.5343[1.12559],17.5262[1.13616],17.5422[1.11501],56,0_34
Pref0,0.902[0.213063],0.902316[0.211751],0.901688[0.214349],56,0_34
Signal0,1[0],1[0],1[0],56,0_34
Hybridindex,17.5673[1.15903],17.5764[1.1631],17.558[1.15481],57,0_34
Pref0,0.895[0.217313],0.892857[0.218055],0.897177[0.216535],57,0_34
Signal0,1[0],1[0],1[0],57,0_34
Hybridindex,17.555[1.19247],17.5402[1.2058],17.57[1.1786],58,0_34
Pref0,0.88625[0.228989],0.883813[0.230293],0.888721[0.227632],58,0_34
Signal0,1[0],1[0],1[0],58,0_34
Hybridindex,17.5448[1.18675],17.5406[1.14999],17.5491[1.22397],59,0_34
Pref0,0.89375[0.217568],0.888454[0.222914],0.899284[0.211697],59,0_34
Signal0,1[0],1[0],1[0],59,0_34
Hybridindex,17.5655[1.16037],17.5495[1.22168],17.5812[1.09673],60,0_34
Pref0,0.895[0.214418],0.89899[0.214144],0.891089[0.214614],60,0_34
Signal0,1[0],1[0],1[0],60,0_34
Hybridindex,17.4985[1.16865],17.5045[1.17537],17.4925[1.16189],61,0_34
Pref0,0.89875[0.211243],0.901804[0.210869],0.895709[0.21157],61,0_34
Signal0,1[0],1[0],1[0],61,0_34
Hybridindex,17.5437[1.16499],17.5662[1.13379],17.5214[1.19478],62,0_34
Pref0,0.904[0.205631],0.905216[0.203512],0.902792[0.207708],62,0_34
Signal0,1[0],1[0],1[0],62,0_34
Hybridindex,17.5297[1.14203],17.5171[1.15883],17.5431[1.12395],63,0_34
Pref0,0.89975[0.210535],0.899512[0.214476],0.9[0.206311],63,0_34
Signal0,1[0],1[0],1[0],63,0_34
Hybridindex,17.5287[1.1723],17.5279[1.16143],17.5296[1.18242],64,0_34
Pref0,0.89875[0.212423],0.901343[0.213995],0.896318[0.210909],64,0_34
Signal0,1[0],1[0],1[0],64,0_34
Hybridindex,17.5435[1.16441],17.5746[1.13013],17.5129[1.1964],65,0_34
Pref0,0.9035[0.210803],0.900202[0.212084],0.906746[0.209483],65,0_34
Signal0,1[0],1[0],1[0],65,0_34
Hybridindex,17.5398[1.11054],17.5591[1.11083],17.5198[1.10988],66,0_34
Pref0,0.9005[0.211778],0.89803[0.215635],0.903046[0.207697],66,0_34
Signal0,1[0],1[0],1[0],66,0_34
Hybridindex,17.6032[1.12204],17.6088[1.12374],17.598[1.12039],67,0_34
Pref0,0.90125[0.208862],0.897331[0.211897],0.904971[0.205871],67,0_34
Signal0,1[0],1[0],1[0],67,0_34
Hybridindex,17.6343[1.11326],17.6177[1.13286],17.6505[1.09347],68,0_34
Pref0,0.89625[0.216474],0.894949[0.215732],0.897525[0.217191],68,0_34
Signal0,1[0],1[0],1[0],68,0_34
Hybridindex,17.5813[1.12806],17.5394[1.12498],17.6213[1.12955],69,0_34
Pref0,0.89775[0.214872],0.888037[0.22036],0.907045[0.209064],69,0_34
Signal0,1[0],1[0],1[0],69,0_34
Hybridindex,17.6062[1.15036],17.6294[1.15058],17.582[1.14964],70,0_34
Pref0,0.8905[0.219111],0.897949[0.213293],0.882684[0.224789],70,0_34
Signal0,1[0],1[0],1[0],70,0_34
Hybridindex,17.594[1.15495],17.6085[1.11287],17.5796[1.19499],71,0_34
Pref0,0.896[0.218367],0.892462[0.220765],0.899502[0.215909],71,0_34
Signal0,1[0],1[0],1[0],71,0_34
Hybridindex,17.5935[1.13645],17.581[1.13861],17.6055[1.13423],72,0_34
Pref0,0.8995[0.213658],0.904179[0.209346],0.894995[0.217634],72,0_34
Signal0,1[0],1[0],1[0],72,0_34
Hybridindex,17.606[1.12139],17.6142[1.11951],17.5984[1.12308],73,0_34
Pref0,0.90125[0.206454],0.903427[0.203854],0.899229[0.20882],73,0_34
Signal0,1[0],1[0],1[0],73,0_34
Hybridindex,17.6193[1.11766],17.6265[1.11579],17.6117[1.11956],74,0_34
Pref0,0.9075[0.207831],0.901855[0.215118],0.913422[0.199729],74,0_34
Signal0,1[0],1[0],1[0],74,0_34
Hybridindex,17.6013[1.09641],17.5758[1.10385],17.6271[1.08818],75,0_34
Pref0,0.90425[0.204834],0.901388[0.212209],0.907164[0.196998],75,0_34
Signal0,1[0],1[0],1[0],75,0_34
Hybridindex,17.6212[1.09769],17.6246[1.11521],17.6179[1.07977],76,0_34
Pref0,0.90575[0.207345],0.908275[0.209594],0.90321[0.205026],76,0_34
Signal0,1[0],1[0],1[0],76,0_34
Hybridindex,17.631[1.09777],17.6724[1.10903],17.5912[1.08534],77,0_34
Pref0,0.90225[0.207533],0.891837[0.217909],0.912255[0.196531],77,0_34
Signal0,1[0],1[0],1[0],77,0_34
Hybridindex,17.6645[1.09815],17.6622[1.10074],17.6668[1.09546],78,0_34
Pref0,0.892[0.213509],0.89823[0.209689],0.885554[0.217202],78,0_34
Signal0,1[0],1[0],1[0],78,0_34
Hybridindex,17.639[1.0658],17.6094[1.07063],17.6701[1.05982],79,0_34
Pref0,0.8895[0.223136],0.890625[0.220418],0.88832[0.225947],79,0_34
Signal0,1[0],1[0],1[0],79,0_34
Hybridindex,17.633[1.09044],17.6655[1.06938],17.5999[1.1105],80,0_34
Pref0,0.8835[0.225672],0.878097[0.232422],0.889001[0.218448],80,0_34
Signal0,1[0],1[0],1[0],80,0_34
Hybridindex,17.64[1.09859],17.6184[1.101],17.6602[1.09595],81,0_34
Pref0,0.88225[0.222508],0.890383[0.214231],0.874637[0.229726],81,0_34
Signal0,1[0],1[0],1[0],81,0_34
Hybridindex,17.666[1.08418],17.7033[1.08724],17.6283[1.07976],82,0_34
Pref0,0.8775[0.234507],0.87326[0.235073],0.881791[0.233856],82,0_34
Signal0,1[0],1[0],1[0],82,0_34
Hybridindex,17.62[1.14274],17.6037[1.17207],17.6355[1.11396],83,0_34
Pref0,0.87425[0.236774],0.880903[0.230357],0.867934[0.24254],83,0_34
Signal0,1[0],1[0],1[0],83,0_34
Hybridindex,17.5805[1.1274],17.5829[1.13933],17.578[1.11485],84,0_34
Pref0,0.87225[0.234638],0.866045[0.237474],0.878695[0.23148],84,0_34
Signal0,1[0],1[0],1[0],84,0_34
Hybridindex,17.6397[1.11],17.6574[1.09483],17.6211[1.12545],85,0_34
Pref0,0.858[0.248668],0.85575[0.24711],0.86037[0.250278],85,0_34
Signal0,1[0],1[0],1[0],85,0_34
Hybridindex,17.6335[1.09644],17.6363[1.09675],17.6308[1.09613],86,0_34
Pref0,0.86225[0.244233],0.859053[0.248846],0.865272[0.239751],86,0_34
Signal0,1[0],1[0],1[0],86,0_34
Hybridindex,17.6262[1.11745],17.6011[1.09343],17.6503[1.13948],87,0_34
Pref0,0.8625[0.244118],0.862615[0.248122],0.86239[0.240217],87,0_34
Signal0,1[0],1[0],1[0],87,0_34
Hybridindex,17.6435[1.08243],17.6531[1.10382],17.6343[1.0614],88,0_34
Pref0,0.86375[0.244563],0.863265[0.245734],0.864216[0.243431],88,0_34
Signal0,1[0],1[0],1[0],88,0_34
Hybridindex,17.6313[1.06895],17.6672[1.06663],17.5962[1.07004],89,0_34
Pref0,0.844[0.250827],0.844478[0.253401],0.843534[0.248292],89,0_34
Signal0,1[0],1[0],1[0],89,0_34
Hybridindex,17.6655[1.05977],17.6416[1.06702],17.6909[1.0514],90,0_34
Pref0,0.8555[0.255186],0.855965[0.259375],0.855005[0.250651],90,0_34
Signal0,1[0],1[0],1[0],90,0_34
Hybridindex,17.6562[1.06358],17.6621[1.06061],17.6501[1.06668],91,0_34
Pref0,0.86[0.246779],0.865628[0.242626],0.85406[0.250952],91,0_34
Signal0,1[0],1[0],1[0],91,0_34
Hybridindex,17.6468[1.07487],17.6891[1.04655],17.6066[1.09952],92,0_34
Pref0,0.86175[0.242409],0.859198[0.24354],0.864167[0.241307],92,0_34
Signal0,1[0],1[0],1[0],92,0_34
Hybridindex,17.7072[1.07572],17.7057[1.08911],17.7088[1.06186],93,0_34
Pref0,0.86275[0.244003],0.861523[0.242826],0.864004[0.245194],93,0_34
Signal0,1[0],1[0],1[0],93,0_34
Hybridindex,17.7082[1.06161],17.7084[1.04983],17.7081[1.07332],94,0_34
Pref0,0.85625[0.24892],0.861416[0.238884],0.851053[0.258519],94,0_34
Signal0,1[0],1[0],1[0],94,0_34
Hybridindex,17.7258[1.04111],17.7151[1.04104],17.7369[1.04107],95,0_34
Pref0,0.85625[0.247408],0.85435[0.249727],0.85824[0.244941],95,0_34
Signal0,1[0],1[0],1[0],95,0_34
Hybridindex,17.7215[1.03026],17.7094[1.03068],17.7343[1.02966],96,0_34
Pref0,0.862[0.242809],0.865889[0.23842],0.857878[0.247307],96,0_34
Signal0,1[0],1[0],1[0],96,0_34
Hybridindex,17.707[1.05884],17.7416[1.03912],17.6756[1.07549],97,0_34
Pref0,0.86825[0.239305],0.868697[0.242724],0.867844[0.236155],97,0_34
Signal0,1[0],1[0],1[0],97,0_34
Hybridindex,17.6998[1.06699],17.6993[1.08947],17.7002[1.04422],98,0_34
Pref0,0.8615[0.244065],0.861446[0.242103],0.861554[0.245996],98,0_34
Signal0,1[0],1[0],1[0],98,0_34
Hybridindex,17.6457[1.09311],17.6503[1.09437],17.6407[1.09167],99,0_34
Pref0,0.86875[0.242174],0.871456[0.242112],0.865711[0.242209],99,0_34
Signal0,1[0],1[0],1[0],99,0_34
Hybridindex,17.6288[1.09524],17.6138[1.09869],17.6438[1.09156],100,0_34
Pref0,0.866[0.239883],0.875749[0.230596],0.856212[0.248475],100,0_34
Signal0,1[0],1[0],1[0],100,0_34
Hybridindex,12.21[8.27743],12.3447[8.13916],12.0758[8.41075],1,0_35
Pref0,0.6105[0.413872],0.617234[0.406958],0.603792[0.420538],1,0_35
Signal0,0.6105[0.413872],0.617234[0.406958],0.603792[0.420538],1,0_35
Hybridindex,14.996[6.26849],15.0303[6.35166],14.9612[6.18264],2,0_35
Pref0,0.7465[0.340937],0.742063[0.346377],0.751008[0.335258],2,0_35
Signal0,0.74775[0.34168],0.750496[0.345032],0.74496[0.338216],2,0_35
Hybridindex,16.6885[3.98123],16.6465[4.03508],16.7341[3.92144],3,0_35
Pref0,0.8245[0.274681],0.817003[0.278753],0.832638[0.269956],3,0_35
Signal0,0.853[0.250282],0.848703[0.252596],0.857664[0.247661],3,0_35
Hybridindex,17.45[2.51366],17.3711[2.5796],17.5334[2.43921],4,0_35
Pref0,0.8645[0.24164],0.863813[0.242462],0.865226[0.240765],4,0_35
Signal0,0.9245[0.183847],0.917802[0.190495],0.931584[0.176268],4,0_35
Hybridindex,17.6837[1.88822],17.6899[1.85856],17.6769[1.92083],5,0_35
Pref0,0.875[0.232648],0.871212[0.234329],0.879237[0.230679],5,0_35
Signal0,0.96825[0.12193],0.968277[0.121883],0.96822[0.121983],5,0_35
Hybridindex,17.7225[1.60802],17.667[1.67591],17.776[1.53781],6,0_35
Pref0,0.876[0.24005],0.875255[0.232249],0.876719[0.24734],6,0_35
Signal0,0.98125[0.0949918],0.981161[0.0952084],0.981336[0.0947823],6,0_35
Hybridindex,17.7425[1.47299],17.7382[1.45972],17.7466[1.48541],7,0_35
Pref0,0.87525[0.23305],0.87963[0.231111],0.871109[0.234794],7,0_35
Signal0,0.99025[0.0691371],0.994342[0.0528886],0.986381[0.0813872],7,0_35
Hybridindex,17.7615[1.38071],17.7635[1.3846],17.7595[1.3768],8,0_35
Pref0,0.8825[0.222921],0.87475[0.230055],0.890281[0.21524],8,0_35
Signal0,0.99325[0.0577013],0.992515[0.0607165],0.993988[0.0544965],8,0_35
Hybridindex,17.7188[1.3209],17.7[1.31237],17.7359[1.32842],9,0_35
Pref0,0.8845[0.222845],0.887435[0.218633],0.881818[0.226592],9,0_35
Signal0,0.99675[0.0401801],0.996335[0.0426501],0.997129[0.0377778],9,0_35
Hybridindex,17.6953[1.32354],17.6955[1.34314],17.695[1.30364],10,0_35
Pref0,0.89575[0.221939],0.888[0.226839],0.9035[0.216651],10,0_35
Signal0,0.99925[0.0193504],0.9995[0.0158035],0.999[0.0223383],10,0_35
Hybridindex,17.6307[1.35288],17.6355[1.35937],17.6261[1.34654],11,0_35
Pref0,0.9[0.214476],0.901523[0.212425],0.898522[0.216437],11,0_35
Signal0,1[0],1[0],1[0],11,0_35
Hybridindex,17.6815[1.3137],17.6993[1.34167],17.664[1.28539],12,0_35
Pref0,0.89075[0.222911],0.890515[0.216315],0.890981[0.229205],12,0_35
Signal0,1[0],1[0],1[0],12,0_35
Hybridindex,17.6603[1.29197],17.6636[1.27188],17.6569[1.31137],13,0_35
Pref0,0.89275[0.218798],0.894949[0.21806],0.890594[0.219497],13,0_35
Signal0,1[0],1[0],1[0],13,0_35
Hybridindex,17.6517[1.29609],17.652[1.27797],17.6515[1.31361],14,0_35
Pref0,0.8935[0.221715],0.894949[0.222644],0.892079[0.220792],14,0_35
Signal0,1[0],1[0],1[0],14,0_35
Hybridindex,17.6803[1.28185],17.7149[1.30216],17.6473[1.26134],15,0_35
Pref0,0.89475[0.220901],0.89641[0.219644],0.893171[0.222079],15,0_35
Signal0,1[0],1[0],1[0],15,0_35
Hybridindex,17.6358[1.29757],17.6058[1.31509],17.665[1.27957],16,0_35
Pref0,0.89425[0.218956],0.893725[0.218897],0.894763[0.219013],16,0_35
Signal0,1[0],1[0],1[0],16,0_35
Hybridindex,17.611[1.31679],17.6175[1.30467],17.6042[1.32928],17,0_35
Pref0,0.8945[0.215336],0.895201[0.212919],0.893769[0.217827],17,0_35
Signal0,1[0],1[0],1[0],17,0_35
Hybridindex,17.6487[1.28773],17.6198[1.32802],17.6793[1.24305],18,0_35
Pref0,0.894[0.215091],0.900195[0.208205],0.887461[0.221939],18,0_35
Signal0,1[0],1[0],1[0],18,0_35
Hybridindex,17.6525[1.30336],17.6057[1.31665],17.6991[1.2883],19,0_35
Pref0,0.893[0.218062],0.895291[0.215408],0.890719[0.22065],19,0_35
Signal0,1[0],1[0],1[0],19,0_35
Hybridindex,17.6938[1.22069],17.7251[1.20554],17.6627[1.23472],20,0_35
Pref0,0.89425[0.214341],0.901508[0.207516],0.887065[0.220654],20,0_35
Signal0,1[0],1[0],1[0],20,0_35
Hybridindex,17.6898[1.25035],17.7249[1.24568],17.6522[1.25424],21,0_35
Pref0,0.9005[0.217025],0.904255[0.21438],0.89648[0.21975],21,0_35
Signal0,1[0],1[0],1[0],21,0_35
Hybridindex,17.7097[1.25494],17.665[1.28996],17.7564[1.2156],22,0_35
Pref0,0.897[0.21712],0.899119[0.218196],0.894791[0.21597],22,0_35
Signal0,1[0],1[0],1[0],22,0_35
Hybridindex,17.6887[1.2523],17.7128[1.25992],17.6652[1.24434],23,0_35
Pref0,0.90125[0.210056],0.899393[0.2103],0.903066[0.209801],23,0_35
Signal0,1[0],1[0],1[0],23,0_35
Hybridindex,17.6827[1.21952],17.6783[1.2007],17.6876[1.23981],24,0_35
Pref0,0.907[0.2064],0.91109[0.202119],0.902516[0.210903],24,0_35
Signal0,1[0],1[0],1[0],24,0_35
Hybridindex,17.7057[1.2078],17.7297[1.20681],17.6826[1.20831],25,0_35
Pref0,0.90275[0.210754],0.90752[0.208031],0.89813[0.213258],25,0_35
Signal0,1[0],1[0],1[0],25,0_35
Hybridindex,17.7142[1.18183],17.6922[1.18115],17.7368[1.18209],26,0_35
Pref0,0.91525[0.200481],0.913043[0.204562],0.91751[0.196186],26,0_35
Signal0,1[0],1[0],1[0],26,0_35
Hybridindex,17.7645[1.16931],17.8099[1.14609],17.7212[1.18941],27,0_35
Pref0,0.9165[0.196285],0.910861[0.203063],0.921875[0.189443],27,0_35
Signal0,1[0],1[0],1[0],27,0_35
Hybridindex,17.7635[1.16074],17.7639[1.16076],17.7631[1.16072],28,0_35
Pref0,0.9165[0.192426],0.916751[0.192917],0.916254[0.191942],28,0_35
Signal0,1[0],1[0],1[0],28,0_35
Hybridindex,17.7355[1.17411],17.7126[1.16515],17.7582[1.18248],29,0_35
Pref0,0.92425[0.18678],0.928643[0.17774],0.9199[0.195221],29,0_35
Signal0,1[0],1[0],1[0],29,0_35
Hybridindex,17.6848[1.18184],17.6876[1.16177],17.6818[1.20197],30,0_35
Pref0,0.92775[0.18277],0.923762[0.186499],0.931818[0.178794],30,0_35
Signal0,1[0],1[0],1[0],30,0_35
Hybridindex,17.6405[1.18733],17.6375[1.1629],17.6435[1.21126],31,0_35
Pref0,0.92975[0.182181],0.933[0.180308],0.9265[0.183978],31,0_35
Signal0,1[0],1[0],1[0],31,0_35
Hybridindex,17.6543[1.1805],17.6112[1.17875],17.6992[1.18065],32,0_35
Pref0,0.928[0.187259],0.928012[0.188968],0.927988[0.18546],32,0_35
Signal0,1[0],1[0],1[0],32,0_35
Hybridindex,17.6722[1.20767],17.6631[1.2045],17.6818[1.21087],33,0_35
Pref0,0.922[0.188191],0.923379[0.189414],0.92057[0.186904],33,0_35
Signal0,1[0],1[0],1[0],33,0_35
Hybridindex,17.635[1.21574],17.665[1.20116],17.605[1.22942],34,0_35
Pref0,0.9165[0.194365],0.913[0.199827],0.92[0.18868],34,0_35
Signal0,1[0],1[0],1[0],34,0_35
Hybridindex,17.6672[1.21394],17.6846[1.21458],17.6481[1.21295],35,0_35
Pref0,0.92225[0.190604],0.918893[0.194401],0.925945[0.186265],35,0_35
Signal0,1[0],1[0],1[0],35,0_35
Hybridindex,17.687[1.23543],17.6705[1.21303],17.7019[1.25516],36,0_35
Pref0,0.923[0.187273],0.920526[0.189875],0.925238[0.184858],36,0_35
Signal0,1[0],1[0],1[0],36,0_35
Hybridindex,17.6795[1.21255],17.6508[1.19723],17.7074[1.22659],37,0_35
Pref0,0.91925[0.193273],0.917766[0.201111],0.92069[0.185338],37,0_35
Signal0,1[0],1[0],1[0],37,0_35
Hybridindex,17.6902[1.23296],17.6527[1.24805],17.7264[1.21713],38,0_35
Pref0,0.91875[0.191764],0.924134[0.18497],0.913556[0.197958],38,0_35
Signal0,1[0],1[0],1[0],38,0_35
Hybridindex,17.6893[1.22456],17.6798[1.22959],17.6993[1.21914],39,0_35
Pref0,0.9165[0.193074],0.907677[0.201379],0.92585[0.183403],39,0_35
Signal0,1[0],1[0],1[0],39,0_35
Hybridindex,17.6537[1.20871],17.6794[1.20395],17.6276[1.21299],40,0_35
Pref0,0.91375[0.194129],0.911298[0.197384],0.916246[0.190724],40,0_35
Signal0,1[0],1[0],1[0],40,0_35
Hybridindex,17.666[1.17758],17.6628[1.19825],17.6692[1.15674],41,0_35
Pref0,0.92175[0.193008],0.924623[0.189807],0.918905[0.196083],41,0_35
Signal0,1[0],1[0],1[0],41,0_35
Hybridindex,17.5963[1.21464],17.5759[1.26084],17.6159[1.16802],42,0_35
Pref0,0.91525[0.197338],0.917006[0.197968],0.913556[0.196714],42,0_35
Signal0,1[0],1[0],1[0],42,0_35
Hybridindex,17.5733[1.22393],17.5526[1.21874],17.5943[1.22883],43,0_35
Pref0,0.91475[0.195851],0.918651[0.191147],0.910786[0.20044],43,0_35
Signal0,1[0],1[0],1[0],43,0_35
Hybridindex,17.5505[1.19904],17.5852[1.14687],17.5179[1.24511],44,0_35
Pref0,0.914[0.200883],0.913223[0.205077],0.914729[0.196865],44,0_35
Signal0,1[0],1[0],1[0],44,0_35
Hybridindex,17.5643[1.17047],17.5231[1.19468],17.6052[1.14443],45,0_35
Pref0,0.916[0.197342],0.909228[0.202876],0.922732[0.191446],45,0_35
Signal0,1[0],1[0],1[0],45,0_35
Hybridindex,17.5562[1.18257],17.5485[1.20903],17.5638[1.15604],46,0_35
Pref0,0.9125[0.200234],0.903943[0.211821],0.92087[0.187834],46,0_35
Signal0,1[0],1[0],1[0],46,0_35
Hybridindex,17.5267[1.20806],17.5[1.20428],17.5533[1.21121],47,0_35
Pref0,0.91025[0.203273],0.913153[0.202241],0.907371[0.204251],47,0_35
Signal0,1[0],1[0],1[0],47,0_35
Hybridindex,17.5195[1.22009],17.4965[1.21484],17.5427[1.22492],48,0_35
Pref0,0.912[0.199389],0.914343[0.197427],0.909639[0.20132],48,0_35
Signal0,1[0],1[0],1[0],48,0_35
Hybridindex,17.5505[1.22176],17.5493[1.24403],17.5517[1.19979],49,0_35
Pref0,0.9135[0.194981],0.91565[0.192594],0.911417[0.197244],49,0_35
Signal0,1[0],1[0],1[0],49,0_35
Hybridindex,17.535[1.21018],17.5747[1.18814],17.4976[1.22939],50,0_35
Pref0,0.92575[0.182653],0.924227[0.184951],0.927184[0.180449],50,0_35
Signal0,1[0],1[0],1[0],50,0_35
Hybridindex,17.5358[1.20513],17.5778[1.18991],17.494[1.21862],51,0_35
Pref0,0.9355[0.173464],0.934237[0.170466],0.936753[0.176379],51,0_35
Signal0,1[0],1[0],1[0],51,0_35
Hybridindex,17.5487[1.23308],17.5359[1.21909],17.5621[1.24728],52,0_35
Pref0,0.938[0.170751],0.932711[0.177686],0.943483[0.16307],52,0_35
Signal0,1[0],1[0],1[0],52,0_35
Hybridindex,17.5132[1.22819],17.5648[1.23166],17.4637[1.22281],53,0_35
Pref0,0.929[0.182918],0.925[0.192294],0.932843[0.173346],53,0_35
Signal0,1[0],1[0],1[0],53,0_35
Hybridindex,17.5353[1.17798],17.5633[1.1702],17.5075[1.18498],54,0_35
Pref0,0.934[0.176477],0.935678[0.173302],0.932338[0.179549],54,0_35
Signal0,1[0],1[0],1[0],54,0_35
Hybridindex,17.5523[1.18918],17.5157[1.19318],17.588[1.18416],55,0_35
Pref0,0.93625[0.170473],0.940849[0.161482],0.931751[0.178716],55,0_35
Signal0,1[0],1[0],1[0],55,0_35
Hybridindex,17.5437[1.20736],17.5169[1.20392],17.5708[1.21021],56,0_35
Pref0,0.932[0.179237],0.929781[0.180745],0.934237[0.177676],56,0_35
Signal0,1[0],1[0],1[0],56,0_35
Hybridindex,17.5935[1.19017],17.5912[1.19388],17.5958[1.18634],57,0_35
Pref0,0.92575[0.184694],0.924556[0.18573],0.926978[0.183615],57,0_35
Signal0,1[0],1[0],1[0],57,0_35
Hybridindex,17.6062[1.17509],17.598[1.17807],17.6142[1.17216],58,0_35
Pref0,0.92325[0.187041],0.923469[0.186974],0.923039[0.187105],58,0_35
Signal0,1[0],1[0],1[0],58,0_35
Hybridindex,17.5817[1.14442],17.5849[1.14279],17.5785[1.14612],59,0_35
Pref0,0.92225[0.19321],0.920976[0.194056],0.92359[0.192307],59,0_35
Signal0,1[0],1[0],1[0],59,0_35
Hybridindex,17.5792[1.16891],17.5702[1.18581],17.5886[1.15126],60,0_35
Pref0,0.9205[0.19152],0.913043[0.198432],0.928138[0.183857],60,0_35
Signal0,1[0],1[0],1[0],60,0_35
Hybridindex,17.5652[1.21434],17.5905[1.22404],17.5397[1.20392],61,0_35
Pref0,0.92125[0.191503],0.923383[0.188211],0.919095[0.194748],61,0_35
Signal0,1[0],1[0],1[0],61,0_35
Hybridindex,17.5963[1.1988],17.5955[1.1953],17.597[1.20235],62,0_35
Pref0,0.928[0.183891],0.928713[0.185801],0.927273[0.181919],62,0_35
Signal0,1[0],1[0],1[0],62,0_35
Hybridindex,17.623[1.19577],17.6336[1.19656],17.6123[1.19487],63,0_35
Pref0,0.933[0.174674],0.935948[0.172943],0.93001[0.176362],63,0_35
Signal0,1[0],1[0],1[0],63,0_35
Hybridindex,17.639[1.23417],17.6277[1.22077],17.65[1.24699],64,0_35
Pref0,0.924[0.187681],0.91692[0.194106],0.930898[0.180935],64,0_35
Signal0,1[0],1[0],1[0],64,0_35
Hybridindex,17.649[1.17667],17.7144[1.15535],17.5842[1.19392],65,0_35
Pref0,0.91875[0.193063],0.912651[0.196354],0.924801[0.189549],65,0_35
Signal0,1[0],1[0],1[0],65,0_35
Hybridindex,17.6273[1.15062],17.603[1.14554],17.6501[1.15493],66,0_35
Pref0,0.91925[0.191323],0.92173[0.194018],0.91691[0.188714],66,0_35
Signal0,1[0],1[0],1[0],66,0_35
Hybridindex,17.6217[1.1497],17.5729[1.16706],17.6735[1.1287],67,0_35
Pref0,0.9225[0.18972],0.915452[0.199962],0.929969[0.177921],67,0_35
Signal0,1[0],1[0],1[0],67,0_35
Hybridindex,17.6635[1.14434],17.6681[1.14014],17.6587[1.14868],68,0_35
Pref0,0.9255[0.185606],0.92451[0.18441],0.926531[0.186838],68,0_35
Signal0,1[0],1[0],1[0],68,0_35
Hybridindex,17.7177[1.12448],17.6782[1.13386],17.7556[1.1141],69,0_35
Pref0,0.935[0.173997],0.934116[0.176507],0.935847[0.171552],69,0_35
Signal0,1[0],1[0],1[0],69,0_35
Hybridindex,17.7405[1.1219],17.7073[1.12002],17.7734[1.12279],70,0_35
Pref0,0.93175[0.176683],0.931225[0.176532],0.932271[0.176831],70,0_35
Signal0,1[0],1[0],1[0],70,0_35
Hybridindex,17.7812[1.13337],17.7642[1.14026],17.7967[1.12687],71,0_35
Pref0,0.9335[0.178403],0.933158[0.182109],0.93381[0.174982],71,0_35
Signal0,1[0],1[0],1[0],71,0_35
Hybridindex,17.801[1.12523],17.8269[1.1385],17.7747[1.11098],72,0_35
Pref0,0.939[0.168905],0.936012[0.169975],0.942036[0.167756],72,0_35
Signal0,1[0],1[0],1[0],72,0_35
Hybridindex,17.7892[1.09862],17.8134[1.11585],17.7646[1.0802],73,0_35
Pref0,0.94125[0.164084],0.938119[0.169105],0.944444[0.158734],73,0_35
Signal0,1[0],1[0],1[0],73,0_35
Hybridindex,17.778[1.14661],17.7993[1.1553],17.7561[1.13719],74,0_35
Pref0,0.9375[0.169097],0.939349[0.170624],0.935598[0.167491],74,0_35
Signal0,1[0],1[0],1[0],74,0_35
Hybridindex,17.806[1.14154],17.8167[1.11667],17.7955[1.16531],75,0_35
Pref0,0.9385[0.170199],0.937879[0.170944],0.939109[0.169464],75,0_35
Signal0,1[0],1[0],1[0],75,0_35
Hybridindex,17.7757[1.14492],17.7589[1.15859],17.7942[1.12948],76,0_35
Pref0,0.93775[0.169558],0.936364[0.169486],0.939267[0.169624],76,0_35
Signal0,1[0],1[0],1[0],76,0_35
Hybridindex,17.7722[1.14357],17.7475[1.11368],17.7972[1.1724],77,0_35
Pref0,0.933[0.178216],0.938247[0.170456],0.927711[0.185561],77,0_35
Signal0,1[0],1[0],1[0],77,0_35
Hybridindex,17.7928[1.12257],17.8133[1.11798],17.7736[1.12649],78,0_35
Pref0,0.9255[0.186949],0.930498[0.18458],0.920849[0.189007],78,0_35
Signal0,1[0],1[0],1[0],78,0_35
Hybridindex,17.7812[1.1121],17.7948[1.1235],17.7671[1.09991],79,0_35
Pref0,0.92925[0.182673],0.936337[0.176654],0.921859[0.188462],79,0_35
Signal0,1[0],1[0],1[0],79,0_35
Hybridindex,17.7183[1.13776],17.7339[1.15406],17.7024[1.12076],80,0_35
Pref0,0.9355[0.174899],0.934955[0.172572],0.936052[0.177226],80,0_35
Signal0,1[0],1[0],1[0],80,0_35
Hybridindex,17.7673[1.11779],17.7879[1.11325],17.7481[1.12163],81,0_35
Pref0,0.939[0.172566],0.942308[0.169223],0.935934[0.175552],81,0_35
Signal0,1[0],1[0],1[0],81,0_35
Hybridindex,17.8047[1.11086],17.7984[1.09598],17.8112[1.12571],82,0_35
Pref0,0.9385[0.169463],0.940417[0.165028],0.936556[0.173823],82,0_35
Signal0,1[0],1[0],1[0],82,0_35
Hybridindex,17.7985[1.09882],17.7969[1.07881],17.8002[1.11921],83,0_35
Pref0,0.93725[0.17011],0.938665[0.168456],0.93578[0.171799],83,0_35
Signal0,1[0],1[0],1[0],83,0_35
Hybridindex,17.7943[1.10941],17.8105[1.11751],17.7777[1.10088],84,0_35
Pref0,0.94[0.17],0.939484[0.171965],0.940524[0.167978],84,0_35
Signal0,1[0],1[0],1[0],84,0_35
Hybridindex,17.8493[1.093],17.8943[1.06771],17.8031[1.11643],85,0_35
Pref0,0.943[0.161248],0.944664[0.15843],0.941296[0.164068],85,0_35
Signal0,1[0],1[0],1[0],85,0_35
Hybridindex,17.814[1.11059],17.7794[1.14017],17.8478[1.07985],86,0_35
Pref0,0.94025[0.168241],0.935729[0.177616],0.944664[0.15843],86,0_35
Signal0,1[0],1[0],1[0],86,0_35
Hybridindex,17.8822[1.07773],17.8777[1.05441],17.8869[1.10119],87,0_35
Pref0,0.945[0.159609],0.948718[0.153311],0.941176[0.165749],87,0_35
Signal0,1[0],1[0],1[0],87,0_35
Hybridindex,17.9045[1.06331],17.8773[1.07274],17.931[1.05339],88,0_35
Pref0,0.95125[0.153292],0.951826[0.150933],0.95069[0.15555],88,0_35
Signal0,1[0],1[0],1[0],88,0_35
Hybridindex,17.9005[1.1056],17.8983[1.11122],17.9029[1.09957],89,0_35
Pref0,0.952[0.153935],0.954942[0.148163],0.948864[0.1598],89,0_35
Signal0,1[0],1[0],1[0],89,0_35
Hybridindex,17.9082[1.0985],17.9279[1.08159],17.8902[1.11349],90,0_35
Pref0,0.9545[0.146389],0.954545[0.14733],0.954458[0.14552],90,0_35
Signal0,1[0],1[0],1[0],90,0_35
Hybridindex,17.893[1.07508],17.8932[1.06831],17.8927[1.08191],91,0_35
Pref0,0.95525[0.143605],0.95432[0.145774],0.956193[0.141366],91,0_35
Signal0,1[0],1[0],1[0],91,0_35
Hybridindex,17.9352[1.05673],17.8843[1.09172],17.9874[1.01709],92,0_35
Pref0,0.95975[0.141439],0.958457[0.146692],0.961072[0.135846],92,0_35
Signal0,1[0],1[0],1[0],92,0_35
Hybridindex,17.9252[1.04357],17.8992[1.06086],17.9527[1.02428],93,0_35
Pref0,0.9585[0.143275],0.961538[0.140353],0.955293[0.146228],93,0_35
Signal0,1[0],1[0],1[0],93,0_35
Hybridindex,17.9455[1.03587],17.9556[1.02836],17.9358[1.04293],94,0_35
Pref0,0.96425[0.131708],0.963228[0.132456],0.96523[0.130979],94,0_35
Signal0,1[0],1[0],1[0],94,0_35
Hybridindex,17.949[1.04218],17.9276[1.06707],17.9696[1.01728],95,0_35
Pref0,0.96275[0.135046],0.960204[0.142671],0.965196[0.127242],95,0_35
Signal0,1[0],1[0],1[0],95,0_35
Hybridindex,17.957[1.07606],17.9353[1.09415],17.9786[1.05732],96,0_35
Pref0,0.961[0.135937],0.96339[0.134043],0.958624[0.137753],96,0_35
Signal0,1[0],1[0],1[0],96,0_35
Hybridindex,17.9895[1.01926],17.9903[0.98904],17.9887[1.04742],97,0_35
Pref0,0.95825[0.138318],0.954035[0.144464],0.962292[0.132031],97,0_35
Signal0,1[0],1[0],1[0],97,0_35
Hybridindex,17.9982[1.00555],18.0102[1.04156],17.9867[0.969328],98,0_35
Pref0,0.96575[0.126301],0.962869[0.131099],0.968535[0.121419],98,0_35
Signal0,1[0],1[0],1[0],98,0_35
Hybridindex,17.994[0.992454],17.9965[0.971604],17.9915[1.01271],99,0_35
Pref0,0.96475[0.131842],0.965863[0.131943],0.963645[0.131733],99,0_35
Signal0,1[0],1[0],1[0],99,0_35
Hybridindex,17.9883[1.00734],17.9838[1.00845],17.9926[1.00624],100,0_35
Pref0,0.97175[0.11652],0.973124[0.112764],0.970414[0.120044],100,0_35
Signal0,1[0],1[0],1[0],100,0_35
Hybridindex,12.275[8.3111],11.998[8.41031],12.5526[8.20111],1,0_36
Pref0,0.61375[0.415555],0.5999[0.420515],0.627628[0.410056],1,0_36
Signal0,0.61375[0.415555],0.5999[0.420515],0.627628[0.410056],1,0_36
Hybridindex,15.0155[6.23171],14.9799[6.20655],15.0506[6.25623],2,0_36
Pref0,0.755[0.34165],0.749748[0.33892],0.760179[0.344244],2,0_36
Signal0,0.752[0.340949],0.747231[0.340391],0.756703[0.341433],2,0_36
Hybridindex,16.8263[4.01434],16.8357[3.99882],16.8171[4.02927],3,0_36
Pref0,0.8455[0.262925],0.852492[0.256376],0.838741[0.268931],3,0_36
Signal0,0.8655[0.24781],0.863174[0.248795],0.867748[0.246833],3,0_36
Hybridindex,17.4925[2.70277],17.5046[2.69998],17.4808[2.70541],4,0_36
Pref0,0.88025[0.22975],0.881606[0.226445],0.878937[0.232898],4,0_36
Signal0,0.93375[0.170985],0.933943[0.172282],0.933563[0.169719],4,0_36
Hybridindex,17.7255[1.98265],17.8011[1.96022],17.6456[2.00299],5,0_36
Pref0,0.895[0.217888],0.898346[0.216371],0.891461[0.219425],5,0_36
Signal0,0.9625[0.131696],0.962062[0.132399],0.962963[0.130946],5,0_36
Hybridindex,17.7935[1.66249],17.731[1.69371],17.856[1.62827],6,0_36
Pref0,0.89425[0.216083],0.904[0.206843],0.8845[0.224521],6,0_36
Signal0,0.98025[0.0999247],0.9805[0.101832],0.98[0.0979796],6,0_36
Hybridindex,17.8075[1.46525],17.7842[1.45888],17.8315[1.47139],7,0_36
Pref0,0.89175[0.21658],0.89064[0.217149],0.892893[0.215986],7,0_36
Signal0,0.9885[0.0749517],0.987685[0.0774982],0.98934[0.0722241],7,0_36
Hybridindex,17.8137[1.34738],17.7922[1.33594],17.8362[1.35882],8,0_36
Pref0,0.882[0.227104],0.882353[0.222249],0.881633[0.232048],8,0_36
Signal0,0.99525[0.0485019],0.995588[0.0467592],0.994898[0.0502493],8,0_36
Hybridindex,17.8167[1.29443],17.8305[1.29172],17.8033[1.29694],9,0_36
Pref0,0.87625[0.235714],0.877397[0.233115],0.875124[0.238233],9,0_36
Signal0,0.9975[0.0352668],0.996973[0.0387873],0.998018[0.031419],9,0_36
Hybridindex,17.8155[1.27826],17.751[1.31267],17.8787[1.24037],10,0_36
Pref0,0.88025[0.227563],0.873737[0.232937],0.886634[0.221984],10,0_36
Signal0,0.999[0.0223383],0.999495[0.015883],0.998515[0.0272097],10,0_36
Hybridindex,17.81[1.28351],17.8041[1.28498],17.8157[1.28205],11,0_36
Pref0,0.877[0.233176],0.873482[0.237406],0.880435[0.228919],11,0_36
Signal0,0.99975[0.0111775],1[0],0.999506[0.0157096],11,0_36
Hybridindex,17.8337[1.27886],17.8222[1.31318],17.846[1.24134],12,0_36
Pref0,0.87375[0.235979],0.878523[0.231854],0.868692[0.240169],12,0_36
Signal0,0.99975[0.0111775],0.999514[0.0155794],1[0],12,0_36
Hybridindex,17.787[1.29214],17.7832[1.29972],17.7911[1.28386],13,0_36
Pref0,0.8735[0.238742],0.883654[0.226644],0.8625[0.250728],13,0_36
Signal0,1[0],1[0],1[0],13,0_36
Hybridindex,17.7868[1.23365],17.8277[1.20252],17.7483[1.26101],14,0_36
Pref0,0.87625[0.230892],0.871517[0.232219],0.880698[0.229548],14,0_36
Signal0,1[0],1[0],1[0],14,0_36
Hybridindex,17.8305[1.22852],17.8092[1.21966],17.851[1.23663],15,0_36
Pref0,0.8785[0.231274],0.886224[0.223753],0.871078[0.238041],15,0_36
Signal0,1[0],1[0],1[0],15,0_36
Hybridindex,17.8738[1.20309],17.8803[1.21868],17.867[1.18691],16,0_36
Pref0,0.8925[0.217241],0.896637[0.215494],0.888271[0.218932],16,0_36
Signal0,1[0],1[0],1[0],16,0_36
Hybridindex,17.834[1.25018],17.8401[1.24495],17.8278[1.2554],17,0_36
Pref0,0.8945[0.22163],0.888944[0.225088],0.9001[0.217945],17,0_36
Signal0,1[0],1[0],1[0],17,0_36
Hybridindex,17.8455[1.20763],17.8433[1.20882],17.8478[1.20639],18,0_36
Pref0,0.8995[0.208326],0.901077[0.20879],0.897855[0.207828],18,0_36
Signal0,1[0],1[0],1[0],18,0_36
Hybridindex,17.845[1.20373],17.8249[1.20747],17.8655[1.19956],19,0_36
Pref0,0.904[0.207446],0.898615[0.210642],0.909505[0.203981],19,0_36
Signal0,1[0],1[0],1[0],19,0_36
Hybridindex,17.8212[1.18982],17.8407[1.21019],17.8021[1.16912],20,0_36
Pref0,0.90475[0.206887],0.90625[0.205227],0.903274[0.208498],20,0_36
Signal0,1[0],1[0],1[0],20,0_36
Hybridindex,17.7617[1.19994],17.7634[1.20638],17.7602[1.19358],21,0_36
Pref0,0.9085[0.207069],0.910696[0.207932],0.906343[0.206196],21,0_36
Signal0,1[0],1[0],1[0],21,0_36
Hybridindex,17.7278[1.21213],17.7586[1.17402],17.6973[1.24789],22,0_36
Pref0,0.913[0.200452],0.91499[0.194405],0.911034[0.206234],22,0_36
Signal0,1[0],1[0],1[0],22,0_36
Hybridindex,17.7688[1.15104],17.8028[1.1559],17.7369[1.14557],23,0_36
Pref0,0.90825[0.201139],0.904762[0.205358],0.911509[0.19706],23,0_36
Signal0,1[0],1[0],1[0],23,0_36
Hybridindex,17.744[1.16842],17.7357[1.16477],17.7517[1.17175],24,0_36
Pref0,0.909[0.198038],0.911734[0.196007],0.906461[0.199871],24,0_36
Signal0,1[0],1[0],1[0],24,0_36
Hybridindex,17.7805[1.16836],17.7941[1.15013],17.7663[1.18687],25,0_36
Pref0,0.9175[0.195432],0.912745[0.199839],0.922449[0.190612],25,0_36
Signal0,1[0],1[0],1[0],25,0_36
Hybridindex,17.7387[1.17298],17.7188[1.1823],17.7591[1.16307],26,0_36
Pref0,0.92225[0.190604],0.924107[0.18619],0.920363[0.194969],26,0_36
Signal0,1[0],1[0],1[0],26,0_36
Hybridindex,17.7495[1.17898],17.7445[1.15478],17.7545[1.20259],27,0_36
Pref0,0.925[0.186078],0.926854[0.187699],0.923154[0.184431],27,0_36
Signal0,1[0],1[0],1[0],27,0_36
Hybridindex,17.7685[1.16056],17.7663[1.16882],17.7707[1.15229],28,0_36
Pref0,0.92725[0.181886],0.927282[0.180487],0.927218[0.183265],28,0_36
Signal0,1[0],1[0],1[0],28,0_36
Hybridindex,17.7832[1.10968],17.7498[1.08796],17.8175[1.13043],29,0_36
Pref0,0.9285[0.182038],0.931751[0.175927],0.925177[0.188021],29,0_36
Signal0,1[0],1[0],1[0],29,0_36
Hybridindex,17.7518[1.1382],17.7387[1.11953],17.7641[1.15551],30,0_36
Pref0,0.928[0.182527],0.925051[0.182749],0.930799[0.182272],30,0_36
Signal0,1[0],1[0],1[0],30,0_36
Hybridindex,17.7505[1.13336],17.745[1.12896],17.756[1.13773],31,0_36
Pref0,0.926[0.185806],0.92515[0.186592],0.926854[0.18501],31,0_36
Signal0,1[0],1[0],1[0],31,0_36
Hybridindex,17.6975[1.15499],17.7441[1.17306],17.6488[1.13375],32,0_36
Pref0,0.93175[0.175974],0.931018[0.179385],0.932515[0.172335],32,0_36
Signal0,1[0],1[0],1[0],32,0_36
Hybridindex,17.7218[1.15464],17.752[1.14564],17.6925[1.16251],33,0_36
Pref0,0.928[0.185246],0.923625[0.186816],0.93222[0.18362],33,0_36
Signal0,1[0],1[0],1[0],33,0_36
Hybridindex,17.7282[1.1692],17.713[1.19277],17.7431[1.14562],34,0_36
Pref0,0.92775[0.186829],0.923428[0.188322],0.931953[0.185268],34,0_36
Signal0,1[0],1[0],1[0],34,0_36
Hybridindex,17.7157[1.14709],17.7288[1.13819],17.7036[1.15522],35,0_36
Pref0,0.92875[0.183844],0.924431[0.187562],0.932785[0.180207],35,0_36
Signal0,1[0],1[0],1[0],35,0_36
Hybridindex,17.6845[1.14497],17.6406[1.16024],17.7254[1.12904],36,0_36
Pref0,0.93125[0.180689],0.926349[0.184376],0.935811[0.177067],36,0_36
Signal0,1[0],1[0],1[0],36,0_36
Hybridindex,17.6863[1.14758],17.6776[1.15766],17.6941[1.13834],37,0_36
Pref0,0.92825[0.182283],0.931507[0.174954],0.925309[0.188607],37,0_36
Signal0,1[0],1[0],1[0],37,0_36
Hybridindex,17.7063[1.1378],17.7024[1.13191],17.7103[1.14395],38,0_36
Pref0,0.92875[0.181792],0.932683[0.180393],0.924615[0.183161],38,0_36
Signal0,1[0],1[0],1[0],38,0_36
Hybridindex,17.6998[1.13863],17.7089[1.13288],17.6902[1.14453],39,0_36
Pref0,0.92525[0.187183],0.92955[0.183539],0.920757[0.190813],39,0_36
Signal0,1[0],1[0],1[0],39,0_36
Hybridindex,17.694[1.13208],17.6845[1.1275],17.7045[1.13702],40,0_36
Pref0,0.9235[0.192088],0.92755[0.190313],0.919033[0.193929],40,0_36
Signal0,1[0],1[0],1[0],40,0_36
Hybridindex,17.6975[1.13225],17.7395[1.12551],17.6533[1.13762],41,0_36
Pref0,0.92375[0.185906],0.92439[0.180488],0.923077[0.191434],41,0_36
Signal0,1[0],1[0],1[0],41,0_36
Hybridindex,17.712[1.1402],17.7316[1.13081],17.6911[1.14976],42,0_36
Pref0,0.93025[0.180305],0.935562[0.174612],0.924587[0.186016],42,0_36
Signal0,1[0],1[0],1[0],42,0_36
Hybridindex,17.7258[1.14702],17.769[1.14036],17.6803[1.15223],43,0_36
Pref0,0.93425[0.171907],0.936523[0.170804],0.931865[0.173025],43,0_36
Signal0,1[0],1[0],1[0],43,0_36
Hybridindex,17.7263[1.10133],17.7357[1.11385],17.7166[1.08828],44,0_36
Pref0,0.93275[0.179172],0.931818[0.180018],0.933704[0.178295],44,0_36
Signal0,1[0],1[0],1[0],44,0_36
Hybridindex,17.7315[1.10404],17.7057[1.10688],17.7567[1.10069],45,0_36
Pref0,0.9325[0.173763],0.930598[0.177212],0.934353[0.170316],45,0_36
Signal0,1[0],1[0],1[0],45,0_36
Hybridindex,17.745[1.10837],17.7429[1.07623],17.7474[1.1431],46,0_36
Pref0,0.93325[0.175127],0.933112[0.177037],0.933404[0.172974],46,0_36
Signal0,1[0],1[0],1[0],46,0_36
Hybridindex,17.786[1.10508],17.7868[1.11336],17.7852[1.09687],47,0_36
Pref0,0.93775[0.171755],0.94002[0.171512],0.935516[0.171965],47,0_36
Signal0,1[0],1[0],1[0],47,0_36
Hybridindex,17.809[1.09203],17.8406[1.0599],17.7766[1.12312],48,0_36
Pref0,0.93275[0.177066],0.936821[0.171965],0.928571[0.182058],48,0_36
Signal0,1[0],1[0],1[0],48,0_36
Hybridindex,17.7868[1.09163],17.7671[1.09282],17.8061[1.0901],49,0_36
Pref0,0.93575[0.174634],0.93498[0.172611],0.936508[0.176598],49,0_36
Signal0,1[0],1[0],1[0],49,0_36
Hybridindex,17.819[1.08754],17.8061[1.07695],17.8335[1.09917],50,0_36
Pref0,0.937[0.171846],0.938679[0.169667],0.935106[0.174251],50,0_36
Signal0,1[0],1[0],1[0],50,0_36
Hybridindex,17.7907[1.1014],17.7703[1.09361],17.8117[1.10894],51,0_36
Pref0,0.93475[0.175691],0.938241[0.171859],0.931174[0.179461],51,0_36
Signal0,1[0],1[0],1[0],51,0_36
Hybridindex,17.7787[1.12913],17.7816[1.11426],17.7756[1.14513],52,0_36
Pref0,0.93875[0.166953],0.932471[0.175046],0.945607[0.157356],52,0_36
Signal0,1[0],1[0],1[0],52,0_36
Hybridindex,17.822[1.10558],17.794[1.11268],17.85[1.09772],53,0_36
Pref0,0.9385[0.167981],0.939[0.168164],0.938[0.167797],53,0_36
Signal0,1[0],1[0],1[0],53,0_36
Hybridindex,17.83[1.07963],17.8184[1.0486],17.8415[1.10931],54,0_36
Pref0,0.94225[0.163676],0.943662[0.164338],0.940855[0.163007],54,0_36
Signal0,1[0],1[0],1[0],54,0_36
Hybridindex,17.8325[1.10406],17.8601[1.09688],17.8044[1.1106],55,0_36
Pref0,0.94325[0.164786],0.950397[0.152752],0.935988[0.175877],55,0_36
Signal0,1[0],1[0],1[0],55,0_36
Hybridindex,17.8433[1.10614],17.8241[1.12418],17.8627[1.08724],56,0_36
Pref0,0.938[0.170751],0.939364[0.170665],0.93662[0.170828],56,0_36
Signal0,1[0],1[0],1[0],56,0_36
Hybridindex,17.8373[1.12412],17.8141[1.15271],17.8591[1.09601],57,0_36
Pref0,0.94075[0.169895],0.941813[0.169698],0.939747[0.170075],57,0_36
Signal0,1[0],1[0],1[0],57,0_36
Hybridindex,17.8818[1.07093],17.8922[1.08612],17.8717[1.05606],58,0_36
Pref0,0.93925[0.166386],0.936159[0.171397],0.942214[0.161381],58,0_36
Signal0,1[0],1[0],1[0],58,0_36
Hybridindex,17.9065[1.08017],17.8774[1.0924],17.9358[1.06691],59,0_36
Pref0,0.9415[0.164553],0.937687[0.168139],0.945336[0.160774],59,0_36
Signal0,1[0],1[0],1[0],59,0_36
Hybridindex,17.884[1.08261],17.8593[1.1005],17.9078[1.06456],60,0_36
Pref0,0.938[0.173655],0.936799[0.176561],0.939156[0.170802],60,0_36
Signal0,1[0],1[0],1[0],60,0_36
Hybridindex,17.882[1.08412],17.8616[1.08246],17.903[1.08543],61,0_36
Pref0,0.94525[0.160865],0.949754[0.155165],0.940609[0.166406],61,0_36
Signal0,1[0],1[0],1[0],61,0_36
Hybridindex,17.8652[1.07853],17.8478[1.09467],17.8836[1.06098],62,0_36
Pref0,0.9505[0.156684],0.947805[0.160662],0.953333[0.152338],62,0_36
Signal0,1[0],1[0],1[0],62,0_36
Hybridindex,17.8427[1.05553],17.8612[1.07743],17.8237[1.03209],63,0_36
Pref0,0.9485[0.153616],0.952756[0.147926],0.944106[0.159158],63,0_36
Signal0,1[0],1[0],1[0],63,0_36
Hybridindex,17.837[1.09496],17.8106[1.13678],17.864[1.0498],64,0_36
Pref0,0.95025[0.15297],0.953017[0.149242],0.947422[0.156639],64,0_36
Signal0,1[0],1[0],1[0],64,0_36
Hybridindex,17.8182[1.0908],17.8484[1.09123],17.7885[1.08956],65,0_36
Pref0,0.94525[0.157726],0.94864[0.153445],0.941907[0.161766],65,0_36
Signal0,1[0],1[0],1[0],65,0_36
Hybridindex,17.856[1.0683],17.8737[1.07471],17.8392[1.06191],66,0_36
Pref0,0.947[0.159502],0.946612[0.159323],0.947368[0.159672],66,0_36
Signal0,1[0],1[0],1[0],66,0_36
Hybridindex,17.8738[1.07107],17.91[1.06133],17.8387[1.07924],67,0_36
Pref0,0.942[0.166241],0.947609[0.159641],0.936578[0.172207],67,0_36
Signal0,1[0],1[0],1[0],67,0_36
Hybridindex,17.8845[1.06121],17.8645[1.06758],17.9031[1.05491],68,0_36
Pref0,0.936[0.170745],0.937175[0.167286],0.934908[0.173889],68,0_36
Signal0,1[0],1[0],1[0],68,0_36
Hybridindex,17.9065[1.05191],17.8958[1.04765],17.9173[1.05606],69,0_36
Pref0,0.9305[0.182811],0.928714[0.183173],0.932297[0.182428],69,0_36
Signal0,1[0],1[0],1[0],69,0_36
Hybridindex,17.8903[1.07463],17.8729[1.06576],17.9075[1.08306],70,0_36
Pref0,0.931[0.180247],0.921608[0.191228],0.940299[0.168156],70,0_36
Signal0,1[0],1[0],1[0],70,0_36
Hybridindex,17.9025[1.06864],17.8928[1.09664],17.9122[1.03962],71,0_36
Pref0,0.9305[0.180055],0.931206[0.176521],0.929789[0.183538],71,0_36
Signal0,1[0],1[0],1[0],71,0_36
Hybridindex,17.9127[1.06865],17.9124[1.0917],17.9131[1.04648],72,0_36
Pref0,0.9345[0.17381],0.929381[0.182798],0.93932[0.164752],72,0_36
Signal0,1[0],1[0],1[0],72,0_36
Hybridindex,17.931[1.04486],17.9651[1.05893],17.8956[1.02889],73,0_36
Pref0,0.9375[0.172753],0.933202[0.17856],0.941955[0.166403],73,0_36
Signal0,1[0],1[0],1[0],73,0_36
Hybridindex,17.9245[1.05608],17.8909[1.04838],17.9619[1.06334],74,0_36
Pref0,0.93725[0.169374],0.939279[0.166199],0.934989[0.172814],74,0_36
Signal0,1[0],1[0],1[0],74,0_36
Hybridindex,17.9017[1.06594],17.9267[1.07465],17.878[1.05704],75,0_36
Pref0,0.92925[0.181299],0.924615[0.190032],0.933659[0.172468],75,0_36
Signal0,1[0],1[0],1[0],75,0_36
Hybridindex,17.8945[1.0907],17.9018[1.08937],17.8874[1.09195],76,0_36
Pref0,0.924[0.186344],0.932186[0.174127],0.916008[0.197215],76,0_36
Signal0,1[0],1[0],1[0],76,0_36
Hybridindex,17.9195[1.05819],17.8927[1.08393],17.9452[1.03226],77,0_36
Pref0,0.924[0.186344],0.92237[0.189349],0.925563[0.183402],77,0_36
Signal0,1[0],1[0],1[0],77,0_36
Hybridindex,17.924[1.04246],17.9305[0.998759],17.9166[1.09006],78,0_36
Pref0,0.923[0.186604],0.920657[0.187761],0.925668[0.185241],78,0_36
Signal0,1[0],1[0],1[0],78,0_36
Hybridindex,17.9295[1.07414],17.9226[1.10319],17.9364[1.04418],79,0_36
Pref0,0.9195[0.193054],0.922577[0.188982],0.916416[0.197001],79,0_36
Signal0,1[0],1[0],1[0],79,0_36
Hybridindex,17.9533[1.0243],17.9584[1.08565],17.948[0.957773],80,0_36
Pref0,0.923[0.189924],0.928147[0.183676],0.91776[0.195941],80,0_36
Signal0,1[0],1[0],1[0],80,0_36
Hybridindex,17.9455[1.06326],17.9627[1.05802],17.929[1.06801],81,0_36
Pref0,0.9265[0.186676],0.925434[0.190576],0.927522[0.182851],81,0_36
Signal0,1[0],1[0],1[0],81,0_36
Hybridindex,17.962[1.05549],17.992[1.05667],17.9321[1.05346],82,0_36
Pref0,0.93025[0.183057],0.936436[0.175341],0.924076[0.190246],82,0_36
Signal0,1[0],1[0],1[0],82,0_36
Hybridindex,17.9722[1.03095],17.9848[1.03659],17.9599[1.02524],83,0_36
Pref0,0.94[0.169263],0.937374[0.175859],0.942574[0.162497],83,0_36
Signal0,1[0],1[0],1[0],83,0_36
Hybridindex,17.9075[1.05354],17.9094[1.05222],17.9056[1.05485],84,0_36
Pref0,0.93525[0.175876],0.939439[0.167673],0.931069[0.183603],84,0_36
Signal0,1[0],1[0],1[0],84,0_36
Hybridindex,17.904[1.02471],17.8771[1.0253],17.9321[1.02334],85,0_36
Pref0,0.934[0.177888],0.933888[0.176447],0.934116[0.179377],85,0_36
Signal0,1[0],1[0],1[0],85,0_36
Hybridindex,17.874[1.06001],17.911[1.06605],17.8365[1.05254],86,0_36
Pref0,0.935[0.173997],0.933897[0.175129],0.936117[0.172837],86,0_36
Signal0,1[0],1[0],1[0],86,0_36
Hybridindex,17.832[1.0576],17.8058[1.07364],17.8575[1.04114],87,0_36
Pref0,0.939[0.169644],0.939148[0.166545],0.938856[0.172604],87,0_36
Signal0,1[0],1[0],1[0],87,0_36
Hybridindex,17.828[1.09095],17.8119[1.0635],17.8435[1.11651],88,0_36
Pref0,0.93625[0.176241],0.937819[0.175476],0.93474[0.176961],88,0_36
Signal0,1[0],1[0],1[0],88,0_36
Hybridindex,17.8697[1.03666],17.8903[1.02023],17.8486[1.05294],89,0_36
Pref0,0.9355[0.170557],0.936516[0.170846],0.934451[0.170252],89,0_36
Signal0,1[0],1[0],1[0],89,0_36
Hybridindex,17.9088[1.03973],17.896[1.04625],17.9217[1.03289],90,0_36
Pref0,0.93525[0.170829],0.942574[0.160966],0.927778[0.180028],90,0_36
Signal0,1[0],1[0],1[0],90,0_36
Hybridindex,17.9035[1.04472],17.908[1.02798],17.8989[1.06171],91,0_36
Pref0,0.93625[0.176949],0.940453[0.170823],0.931911[0.182958],91,0_36
Signal0,1[0],1[0],1[0],91,0_36
Hybridindex,17.9133[1.03795],17.9236[1.03083],17.902[1.04552],92,0_36
Pref0,0.93575[0.172473],0.932757[0.176128],0.938999[0.168355],92,0_36
Signal0,1[0],1[0],1[0],92,0_36
Hybridindex,17.9355[1.01419],17.9225[1.00715],17.9486[1.02112],93,0_36
Pref0,0.93175[0.179491],0.928004[0.18111],0.935549[0.177753],93,0_36
Signal0,1[0],1[0],1[0],93,0_36
Hybridindex,17.9252[1.03817],17.9539[1.01438],17.8968[1.06052],94,0_36
Pref0,0.93725[0.173024],0.93681[0.176387],0.937687[0.169615],94,0_36
Signal0,1[0],1[0],1[0],94,0_36
Hybridindex,17.9295[1.04894],17.942[1.0659],17.9168[1.03124],95,0_36
Pref0,0.93725[0.169374],0.934093[0.173483],0.940464[0.165023],95,0_36
Signal0,1[0],1[0],1[0],95,0_36
Hybridindex,18.0123[1.03234],17.9849[0.998976],18.0376[1.0617],96,0_36
Pref0,0.94[0.16778],0.936071[0.171572],0.943642[0.164103],96,0_36
Signal0,1[0],1[0],1[0],96,0_36
Hybridindex,18.0285[1.0093],18.0432[1.01958],18.0143[0.999036],97,0_36
Pref0,0.94375[0.162668],0.941565[0.166839],0.945866[0.158495],97,0_36
Signal0,1[0],1[0],1[0],97,0_36
Hybridindex,18.034[1.02888],18.0328[1.02252],18.0352[1.0351],98,0_36
Pref0,0.9445[0.160218],0.943548[0.161391],0.945437[0.159049],98,0_36
Signal0,1[0],1[0],1[0],98,0_36
Hybridindex,18.0532[1.00252],18.0395[1.00359],18.0669[1.00126],99,0_36
Pref0,0.94475[0.16147],0.940941[0.165961],0.948551[0.156767],99,0_36
Signal0,1[0],1[0],1[0],99,0_36
Hybridindex,18.0465[1.00863],18.0484[0.987148],18.0446[1.03021],100,0_36
Pref0,0.94925[0.155883],0.950642[0.154025],0.947822[0.157754],100,0_36
Signal0,1[0],1[0],1[0],100,0_36
Hybridindex,12.26[8.36615],12.2291[8.35149],12.289[8.3798],1,0_37
Pref0,0.613[0.418307],0.611455[0.417574],0.614452[0.41899],1,0_37
Signal0,0.613[0.418307],0.611455[0.417574],0.614452[0.41899],1,0_37
Hybridindex,15.314[5.99268],15.6546[5.75934],14.9559[6.20844],2,0_37
Pref0,0.7675[0.32549],0.78439[0.313673],0.749744[0.336555],2,0_37
Signal0,0.765[0.328672],0.781463[0.315529],0.747692[0.341088],2,0_37
Hybridindex,16.8765[3.97706],16.8254[3.99732],16.9267[3.95641],3,0_37
Pref0,0.84725[0.259889],0.841574[0.264112],0.852825[0.255552],3,0_37
Signal0,0.8605[0.248575],0.860747[0.252701],0.860258[0.244456],3,0_37
Hybridindex,17.6032[2.65381],17.5564[2.76887],17.6462[2.54291],4,0_37
Pref0,0.8845[0.226185],0.880355[0.228691],0.888303[0.223794],4,0_37
Signal0,0.9305[0.17655],0.924765[0.184519],0.935762[0.168736],4,0_37
Hybridindex,17.879[1.99746],17.8614[1.99598],17.8979[1.99888],5,0_37
Pref0,0.89725[0.218672],0.901449[0.218576],0.892746[0.218685],5,0_37
Signal0,0.969[0.120578],0.965217[0.127206],0.973057[0.112896],5,0_37
Hybridindex,17.9322[1.63723],17.8988[1.67006],17.964[1.60488],6,0_37
Pref0,0.902[0.210704],0.903392[0.211243],0.900682[0.210183],6,0_37
Signal0,0.9865[0.0810417],0.988695[0.0743291],0.984421[0.0868733],6,0_37
Hybridindex,17.932[1.50429],17.9502[1.52405],17.914[1.48428],7,0_37
Pref0,0.89925[0.213247],0.900402[0.214279],0.898111[0.212217],7,0_37
Signal0,0.99225[0.0617652],0.993461[0.0568054],0.991054[0.0662806],7,0_37
Hybridindex,17.9455[1.36941],17.9487[1.42358],17.9424[1.31481],8,0_37
Pref0,0.90225[0.215221],0.907012[0.213235],0.897638[0.217027],8,0_37
Signal0,0.99475[0.0509651],0.994919[0.0501481],0.994587[0.0517435],8,0_37
Hybridindex,17.9312[1.33216],17.935[1.36119],17.9277[1.30427],9,0_37
Pref0,0.89825[0.212772],0.899381[0.215354],0.897187[0.210311],9,0_37
Signal0,0.99775[0.0334655],0.997936[0.0320583],0.997575[0.0347352],9,0_37
Hybridindex,17.9393[1.26063],17.9078[1.26497],17.9738[1.25494],10,0_37
Pref0,0.8975[0.219075],0.898281[0.219439],0.896642[0.21867],10,0_37
Signal0,0.9985[0.027345],0.999045[0.0218321],0.997901[0.0323251],10,0_37
Hybridindex,17.9578[1.21175],17.917[1.18003],17.999[1.24167],11,0_37
Pref0,0.9005[0.214126],0.894135[0.223996],0.906942[0.203446],11,0_37
Signal0,0.99925[0.0193504],1[0],0.998491[0.0274272],11,0_37
Hybridindex,17.974[1.23928],17.9394[1.2178],18.0085[1.25937],12,0_37
Pref0,0.9[0.212132],0.900802[0.212767],0.899202[0.211494],12,0_37
Signal0,0.99925[0.0193504],0.998998[0.0223606],0.999501[0.0157877],12,0_37
Hybridindex,18.0063[1.23656],17.9848[1.23707],18.0286[1.23563],13,0_37
Pref0,0.90575[0.204919],0.906067[0.206268],0.905419[0.2035],13,0_37
Signal0,1[0],1[0],1[0],13,0_37
Hybridindex,17.9973[1.24644],18.0145[1.20337],17.9788[1.29079],14,0_37
Pref0,0.913[0.199201],0.914976[0.199075],0.910881[0.199314],14,0_37
Signal0,1[0],1[0],1[0],14,0_37
Hybridindex,17.9982[1.24684],18.0181[1.23329],17.9776[1.26047],15,0_37
Pref0,0.9155[0.200274],0.908333[0.208118],0.922959[0.191486],15,0_37
Signal0,1[0],1[0],1[0],15,0_37
Hybridindex,18.0205[1.20637],18.0292[1.22429],18.0116[1.18778],16,0_37
Pref0,0.91325[0.197736],0.919722[0.192777],0.90666[0.202447],16,0_37
Signal0,1[0],1[0],1[0],16,0_37
Hybridindex,18.0167[1.18051],18.0262[1.18119],18.0071[1.17973],17,0_37
Pref0,0.915[0.196914],0.912957[0.198511],0.917088[0.195245],17,0_37
Signal0,1[0],1[0],1[0],17,0_37
Hybridindex,17.9913[1.17145],17.9775[1.15632],18.005[1.18629],18,0_37
Pref0,0.9185[0.191332],0.92016[0.189844],0.916834[0.192799],18,0_37
Signal0,1[0],1[0],1[0],18,0_37
Hybridindex,17.9922[1.16397],18.0213[1.15127],17.964[1.17546],19,0_37
Pref0,0.9145[0.199223],0.919289[0.193376],0.909852[0.20463],19,0_37
Signal0,1[0],1[0],1[0],19,0_37
Hybridindex,17.9997[1.15926],18.0175[1.12901],17.982[1.18852],20,0_37
Pref0,0.91725[0.19692],0.914086[0.198927],0.92042[0.194837],20,0_37
Signal0,1[0],1[0],1[0],20,0_37
Hybridindex,17.9982[1.09619],18.0343[1.06752],17.9617[1.12333],21,0_37
Pref0,0.9145[0.196061],0.916584[0.192957],0.912387[0.199136],21,0_37
Signal0,1[0],1[0],1[0],21,0_37
Hybridindex,18.018[1.11116],18.0387[1.08998],17.9959[1.13297],22,0_37
Pref0,0.912[0.201881],0.909574[0.204625],0.914596[0.198869],22,0_37
Signal0,1[0],1[0],1[0],22,0_37
Hybridindex,18.021[1.12575],18.0323[1.11678],18.0099[1.13438],23,0_37
Pref0,0.91875[0.195636],0.92331[0.187047],0.914272[0.203621],23,0_37
Signal0,1[0],1[0],1[0],23,0_37
Hybridindex,18.0155[1.1275],18.0218[1.1329],18.0084[1.12142],24,0_37
Pref0,0.915[0.193714],0.919278[0.190313],0.910243[0.197317],24,0_37
Signal0,1[0],1[0],1[0],24,0_37
Hybridindex,18.0448[1.12244],18.072[1.11298],18.0182[1.13093],25,0_37
Pref0,0.91525[0.197338],0.915314[0.200604],0.915187[0.19411],25,0_37
Signal0,1[0],1[0],1[0],25,0_37
Hybridindex,18.024[1.11822],18.016[1.11538],18.0316[1.12084],26,0_37
Pref0,0.91275[0.201897],0.910917[0.204341],0.91448[0.199548],26,0_37
Signal0,1[0],1[0],1[0],26,0_37
Hybridindex,18.0353[1.10787],18.008[1.09729],18.0623[1.11764],27,0_37
Pref0,0.9095[0.202632],0.902708[0.212599],0.916251[0.191975],27,0_37
Signal0,1[0],1[0],1[0],27,0_37
Hybridindex,18.0422[1.09799],18.0364[1.07654],18.0481[1.11913],28,0_37
Pref0,0.90975[0.20489],0.909771[0.203617],0.909729[0.206163],28,0_37
Signal0,1[0],1[0],1[0],28,0_37
Hybridindex,18.0517[1.06733],18.0633[1.06302],18.0399[1.07159],29,0_37
Pref0,0.90775[0.207038],0.900099[0.215406],0.915571[0.197815],29,0_37
Signal0,1[0],1[0],1[0],29,0_37
Hybridindex,18.0335[1.06131],18.023[1.07674],18.0444[1.04487],30,0_37
Pref0,0.902[0.207716],0.904016[0.206632],0.899898[0.20882],30,0_37
Signal0,1[0],1[0],1[0],30,0_37
Hybridindex,18.0315[1.07646],18.0443[1.08815],18.0183[1.06409],31,0_37
Pref0,0.90325[0.206796],0.906988[0.20443],0.89939[0.20914],31,0_37
Signal0,1[0],1[0],1[0],31,0_37
Hybridindex,18.0083[1.10976],17.9975[1.10998],18.0193[1.10941],32,0_37
Pref0,0.91275[0.202515],0.915029[0.201663],0.910387[0.203368],32,0_37
Signal0,1[0],1[0],1[0],32,0_37
Hybridindex,18.003[1.09601],17.979[1.10715],18.027[1.08425],33,0_37
Pref0,0.91925[0.193273],0.917417[0.196152],0.921079[0.190339],33,0_37
Signal0,1[0],1[0],1[0],33,0_37
Hybridindex,18.006[1.07748],17.9621[1.07893],18.0526[1.07397],34,0_37
Pref0,0.92175[0.191055],0.919417[0.196601],0.924227[0.184951],34,0_37
Signal0,1[0],1[0],1[0],34,0_37
Hybridindex,17.987[1.05787],17.9825[1.06852],17.9915[1.04713],35,0_37
Pref0,0.91725[0.191122],0.916333[0.195807],0.918164[0.186333],35,0_37
Signal0,1[0],1[0],1[0],35,0_37
Hybridindex,17.9875[1.08482],17.9802[1.07144],17.9949[1.09829],36,0_37
Pref0,0.92475[0.186313],0.925816[0.185893],0.92366[0.186735],36,0_37
Signal0,1[0],1[0],1[0],36,0_37
Hybridindex,17.9842[1.08253],17.9854[1.0796],17.9831[1.08542],37,0_37
Pref0,0.923[0.188603],0.918511[0.191361],0.927435[0.18573],37,0_37
Signal0,1[0],1[0],1[0],37,0_37
Hybridindex,17.9973[1.07975],17.9865[1.07838],18.008[1.08102],38,0_37
Pref0,0.925[0.186748],0.930862[0.181094],0.919162[0.192037],38,0_37
Signal0,1[0],1[0],1[0],38,0_37
Hybridindex,17.9462[1.09988],17.9495[1.10847],17.943[1.09122],39,0_37
Pref0,0.92325[0.185026],0.9255[0.183575],0.921[0.186438],39,0_37
Signal0,1[0],1[0],1[0],39,0_37
Hybridindex,17.9255[1.1142],17.9459[1.09623],17.9029[1.13342],40,0_37
Pref0,0.925[0.185405],0.924027[0.189772],0.926082[0.180419],40,0_37
Signal0,1[0],1[0],1[0],40,0_37
Hybridindex,17.9215[1.10242],17.9317[1.08965],17.9105[1.11596],41,0_37
Pref0,0.92725[0.183255],0.934552[0.176997],0.919355[0.189473],41,0_37
Signal0,1[0],1[0],1[0],41,0_37
Hybridindex,17.9208[1.08816],17.9266[1.09838],17.9148[1.07777],42,0_37
Pref0,0.934[0.175054],0.931138[0.179399],0.936874[0.170532],42,0_37
Signal0,1[0],1[0],1[0],42,0_37
Hybridindex,17.9378[1.06853],17.9279[1.07881],17.948[1.05764],43,0_37
Pref0,0.93475[0.172822],0.932287[0.175339],0.937309[0.170131],43,0_37
Signal0,1[0],1[0],1[0],43,0_37
Hybridindex,17.8835[1.10992],17.9049[1.09117],17.8618[1.12828],44,0_37
Pref0,0.93[0.179861],0.92666[0.185107],0.933401[0.174292],44,0_37
Signal0,1[0],1[0],1[0],44,0_37
Hybridindex,17.8753[1.11672],17.9068[1.0923],17.8471[1.13737],45,0_37
Pref0,0.92625[0.183537],0.924258[0.1865],0.92803[0.180829],45,0_37
Signal0,1[0],1[0],1[0],45,0_37
Hybridindex,17.8615[1.10445],17.8617[1.11854],17.8613[1.09055],46,0_37
Pref0,0.92075[0.193247],0.925025[0.184099],0.916584[0.201675],46,0_37
Signal0,1[0],1[0],1[0],46,0_37
Hybridindex,17.899[1.08157],17.9168[1.0547],17.8816[1.10705],47,0_37
Pref0,0.92275[0.189493],0.926842[0.187785],0.918731[0.191069],47,0_37
Signal0,1[0],1[0],1[0],47,0_37
Hybridindex,17.8753[1.12863],17.9269[1.13515],17.8251[1.12],48,0_37
Pref0,0.92725[0.185964],0.920305[0.193797],0.93399[0.177773],48,0_37
Signal0,1[0],1[0],1[0],48,0_37
Hybridindex,17.8597[1.1105],17.8685[1.13664],17.851[1.08365],49,0_37
Pref0,0.92925[0.179915],0.9255[0.182208],0.933[0.177513],49,0_37
Signal0,1[0],1[0],1[0],49,0_37
Hybridindex,17.8597[1.09816],17.8347[1.08994],17.8831[1.10526],50,0_37
Pref0,0.9315[0.176232],0.934197[0.173568],0.928986[0.178643],50,0_37
Signal0,1[0],1[0],1[0],50,0_37
Hybridindex,17.816[1.11047],17.8593[1.11072],17.7725[1.10852],51,0_37
Pref0,0.93075[0.178408],0.934132[0.176325],0.927355[0.180412],51,0_37
Signal0,1[0],1[0],1[0],51,0_37
Hybridindex,17.7963[1.11652],17.8051[1.12021],17.7881[1.11306],52,0_37
Pref0,0.92425[0.18611],0.921108[0.187915],0.927133[0.184391],52,0_37
Signal0,1[0],1[0],1[0],52,0_37
Hybridindex,17.7757[1.11022],17.7839[1.11631],17.7669[1.10353],53,0_37
Pref0,0.9245[0.189868],0.924447[0.195766],0.924558[0.183277],53,0_37
Signal0,1[0],1[0],1[0],53,0_37
Hybridindex,17.7462[1.12104],17.7331[1.10062],17.7591[1.14052],54,0_37
Pref0,0.92075[0.193247],0.924671[0.188491],0.916914[0.197714],54,0_37
Signal0,1[0],1[0],1[0],54,0_37
Hybridindex,17.7407[1.12368],17.7483[1.12766],17.7331[1.11957],55,0_37
Pref0,0.925[0.190066],0.929633[0.182223],0.920283[0.19762],55,0_37
Signal0,1[0],1[0],1[0],55,0_37
Hybridindex,17.6947[1.12225],17.6697[1.14384],17.7185[1.1008],56,0_37
Pref0,0.92675[0.185767],0.933333[0.175898],0.920488[0.194484],56,0_37
Signal0,1[0],1[0],1[0],56,0_37
Hybridindex,17.697[1.10767],17.6663[1.12704],17.7285[1.08654],57,0_37
Pref0,0.92975[0.180804],0.928924[0.181533],0.930598[0.180048],57,0_37
Signal0,1[0],1[0],1[0],57,0_37
Hybridindex,17.689[1.10974],17.6985[1.10813],17.6788[1.11139],58,0_37
Pref0,0.932[0.175003],0.941233[0.165454],0.922037[0.184235],58,0_37
Signal0,1[0],1[0],1[0],58,0_37
Hybridindex,17.6977[1.1103],17.7222[1.12697],17.6729[1.09254],59,0_37
Pref0,0.9285[0.185439],0.926587[0.187843],0.930444[0.182944],59,0_37
Signal0,1[0],1[0],1[0],59,0_37
Hybridindex,17.7108[1.10089],17.7316[1.08629],17.6907[1.11437],60,0_37
Pref0,0.92975[0.18558],0.934694[0.175895],0.925[0.194313],60,0_37
Signal0,1[0],1[0],1[0],60,0_37
Hybridindex,17.766[1.10057],17.8174[1.11088],17.7156[1.08799],61,0_37
Pref0,0.92725[0.184614],0.930878[0.179738],0.923687[0.189213],61,0_37
Signal0,1[0],1[0],1[0],61,0_37
Hybridindex,17.767[1.10588],17.8144[1.08788],17.7227[1.12065],62,0_37
Pref0,0.9315[0.179047],0.938987[0.16986],0.924492[0.186967],62,0_37
Signal0,1[0],1[0],1[0],62,0_37
Hybridindex,17.7477[1.09476],17.7279[1.09841],17.7679[1.09068],63,0_37
Pref0,0.92525[0.186514],0.925025[0.182636],0.925478[0.190366],63,0_37
Signal0,1[0],1[0],1[0],63,0_37
Hybridindex,17.7518[1.12272],17.7187[1.12252],17.7858[1.12191],64,0_37
Pref0,0.93075[0.179107],0.927094[0.184644],0.934518[0.173136],64,0_37
Signal0,1[0],1[0],1[0],64,0_37
Hybridindex,17.76[1.10811],17.7498[1.09811],17.7706[1.11821],65,0_37
Pref0,0.9305[0.181438],0.93202[0.181155],0.928934[0.181716],65,0_37
Signal0,1[0],1[0],1[0],65,0_37
Hybridindex,17.781[1.08997],17.7578[1.10807],17.8056[1.06996],66,0_37
Pref0,0.92075[0.189985],0.924125[0.187347],0.917181[0.192672],66,0_37
Signal0,1[0],1[0],1[0],66,0_37
Hybridindex,17.7752[1.10549],17.7797[1.12959],17.7707[1.08033],67,0_37
Pref0,0.927[0.184854],0.934158[0.179028],0.919697[0.190337],67,0_37
Signal0,1[0],1[0],1[0],67,0_37
Hybridindex,17.776[1.0695],17.7656[1.05354],17.7864[1.085],68,0_37
Pref0,0.92675[0.185767],0.924699[0.187063],0.928785[0.184451],68,0_37
Signal0,1[0],1[0],1[0],68,0_37
Hybridindex,17.755[1.0904],17.7247[1.10328],17.7846[1.07686],69,0_37
Pref0,0.92525[0.185169],0.928644[0.179178],0.921937[0.190778],69,0_37
Signal0,1[0],1[0],1[0],69,0_37
Hybridindex,17.7213[1.10778],17.6983[1.15028],17.7432[1.06523],70,0_37
Pref0,0.922[0.193432],0.922643[0.193145],0.921387[0.193704],70,0_37
Signal0,1[0],1[0],1[0],70,0_37
Hybridindex,17.7048[1.08453],17.7344[1.04228],17.6753[1.1241],71,0_37
Pref0,0.92175[0.18842],0.924699[0.187063],0.918825[0.189711],71,0_37
Signal0,1[0],1[0],1[0],71,0_37
Hybridindex,17.7175[1.06369],17.728[1.04263],17.7074[1.08338],72,0_37
Pref0,0.9275[0.182329],0.923313[0.188494],0.931507[0.176133],72,0_37
Signal0,1[0],1[0],1[0],72,0_37
Hybridindex,17.7025[1.09144],17.6721[1.08893],17.7354[1.09321],73,0_37
Pref0,0.92[0.192614],0.923558[0.191585],0.916146[0.193648],73,0_37
Signal0,1[0],1[0],1[0],73,0_37
Hybridindex,17.703[1.08997],17.6922[1.08506],17.7137[1.0947],74,0_37
Pref0,0.92425[0.18678],0.922535[0.187741],0.925944[0.185811],74,0_37
Signal0,1[0],1[0],1[0],74,0_37
Hybridindex,17.6657[1.08577],17.6286[1.1045],17.7055[1.06393],75,0_37
Pref0,0.92075[0.186667],0.915861[0.192157],0.925983[0.180458],75,0_37
Signal0,1[0],1[0],1[0],75,0_37
Hybridindex,17.6773[1.07806],17.6784[1.06601],17.6762[1.08953],76,0_37
Pref0,0.92375[0.187246],0.920999[0.191904],0.926398[0.18261],76,0_37
Signal0,1[0],1[0],1[0],76,0_37
Hybridindex,17.6573[1.08577],17.674[1.07938],17.6403[1.09194],77,0_37
Pref0,0.92975[0.180111],0.931412[0.176298],0.928068[0.183874],77,0_37
Signal0,1[0],1[0],1[0],77,0_37
Hybridindex,17.6695[1.08709],17.686[1.05712],17.6538[1.11452],78,0_37
Pref0,0.92425[0.185437],0.924974[0.182827],0.923564[0.187874],78,0_37
Signal0,1[0],1[0],1[0],78,0_37
Hybridindex,17.6807[1.08384],17.6946[1.07467],17.6676[1.09231],79,0_37
Pref0,0.92225[0.189288],0.924538[0.186019],0.920078[0.192314],79,0_37
Signal0,1[0],1[0],1[0],79,0_37
Hybridindex,17.6762[1.09422],17.6853[1.11102],17.6676[1.07786],80,0_37
Pref0,0.9305[0.178661],0.937052[0.174877],0.924242[0.181981],80,0_37
Signal0,1[0],1[0],1[0],80,0_37
Hybridindex,17.624[1.11226],17.6169[1.14676],17.6305[1.07926],81,0_37
Pref0,0.93325[0.176549],0.930353[0.183333],0.935934[0.169976],81,0_37
Signal0,1[0],1[0],1[0],81,0_37
Hybridindex,17.668[1.10432],17.6583[1.11374],17.6777[1.09472],82,0_37
Pref0,0.93175[0.175262],0.924575[0.181721],0.938939[0.168237],82,0_37
Signal0,1[0],1[0],1[0],82,0_37
Hybridindex,17.672[1.1386],17.6701[1.13724],17.6738[1.1399],83,0_37
Pref0,0.93175[0.178793],0.939037[0.169748],0.924805[0.186743],83,0_37
Signal0,1[0],1[0],1[0],83,0_37
Hybridindex,17.6495[1.13827],17.6857[1.12849],17.6165[1.1461],84,0_37
Pref0,0.9375[0.1713],0.937566[0.16998],0.93744[0.172493],84,0_37
Signal0,1[0],1[0],1[0],84,0_37
Hybridindex,17.6322[1.11238],17.6247[1.14363],17.6397[1.08057],85,0_37
Pref0,0.93175[0.175262],0.928068[0.181118],0.935388[0.169199],85,0_37
Signal0,1[0],1[0],1[0],85,0_37
Hybridindex,17.6702[1.06719],17.6473[1.0514],17.6928[1.082],86,0_37
Pref0,0.93[0.177764],0.926842[0.180944],0.933102[0.174529],86,0_37
Signal0,1[0],1[0],1[0],86,0_37
Hybridindex,17.6773[1.09016],17.7348[1.08169],17.621[1.09545],87,0_37
Pref0,0.92275[0.192113],0.922571[0.193065],0.922925[0.191179],87,0_37
Signal0,1[0],1[0],1[0],87,0_37
Hybridindex,17.6655[1.10119],17.68[1.08638],17.651[1.11569],88,0_37
Pref0,0.91525[0.196704],0.91326[0.198332],0.917252[0.195032],88,0_37
Signal0,1[0],1[0],1[0],88,0_37
Hybridindex,17.667[1.09515],17.6897[1.10205],17.6437[1.0875],89,0_37
Pref0,0.91375[0.199213],0.915764[0.193612],0.911675[0.204805],89,0_37
Signal0,1[0],1[0],1[0],89,0_37
Hybridindex,17.6875[1.10209],17.7091[1.11265],17.6665[1.09133],90,0_37
Pref0,0.91025[0.208134],0.915228[0.201949],0.905419[0.213856],90,0_37
Signal0,1[0],1[0],1[0],90,0_37
Hybridindex,17.6627[1.10143],17.6849[1.11131],17.6416[1.0915],91,0_37
Pref0,0.90875[0.206878],0.909836[0.206368],0.907715[0.207357],91,0_37
Signal0,1[0],1[0],1[0],91,0_37
Hybridindex,17.6872[1.1015],17.7022[1.11181],17.672[1.0907],92,0_37
Pref0,0.9125[0.198982],0.907334[0.20179],0.91776[0.195941],92,0_37
Signal0,1[0],1[0],1[0],92,0_37
Hybridindex,17.7063[1.09068],17.6553[1.11306],17.757[1.06551],93,0_37
Pref0,0.91475[0.198387],0.910822[0.200358],0.918663[0.196326],93,0_37
Signal0,1[0],1[0],1[0],93,0_37
Hybridindex,17.7013[1.08426],17.6927[1.07276],17.7098[1.09556],94,0_37
Pref0,0.9195[0.189129],0.925926[0.181801],0.913087[0.19596],94,0_37
Signal0,1[0],1[0],1[0],94,0_37
Hybridindex,17.762[1.05906],17.7746[1.06406],17.75[1.05415],95,0_37
Pref0,0.9235[0.187477],0.922485[0.187925],0.924464[0.187046],95,0_37
Signal0,1[0],1[0],1[0],95,0_37
Hybridindex,17.7873[1.04862],17.7777[1.04663],17.7967[1.0505],96,0_37
Pref0,0.9195[0.1969],0.924044[0.194272],0.91501[0.199361],96,0_37
Signal0,1[0],1[0],1[0],96,0_37
Hybridindex,17.7263[1.08694],17.7224[1.06036],17.7302[1.1136],97,0_37
Pref0,0.92425[0.18611],0.92357[0.185326],0.924949[0.18691],97,0_37
Signal0,1[0],1[0],1[0],97,0_37
Hybridindex,17.7265[1.11712],17.75[1.10536],17.702[1.12871],98,0_37
Pref0,0.91775[0.193933],0.917647[0.191952],0.917857[0.195973],98,0_37
Signal0,1[0],1[0],1[0],98,0_37
Hybridindex,17.7497[1.07715],17.7133[1.06584],17.7878[1.08754],99,0_37
Pref0,0.9165[0.193074],0.918787[0.189652],0.91411[0.196559],99,0_37
Signal0,1[0],1[0],1[0],99,0_37
Hybridindex,17.7602[1.04721],17.7566[1.03147],17.7641[1.06343],100,0_37
Pref0,0.92025[0.193688],0.9174[0.199634],0.923234[0.187213],100,0_37
Signal0,1[0],1[0],1[0],100,0_37
Hybridindex,12.24[8.33561],12.4393[8.3218],12.0455[8.34448],1,0_38
Pref0,0.612[0.416781],0.621964[0.41609],0.602273[0.417224],1,0_38
Signal0,0.612[0.416781],0.621964[0.41609],0.602273[0.417224],1,0_38
Hybridindex,14.9305[6.29046],14.8772[6.30519],14.9853[6.27481],2,0_38
Pref0,0.75075[0.339852],0.746548[0.34021],0.755071[0.33943],2,0_38
Signal0,0.75025[0.341321],0.743097[0.342325],0.757606[0.340129],2,0_38
Hybridindex,16.854[3.85616],16.7187[3.84356],16.9979[3.86431],3,0_38
Pref0,0.8435[0.268343],0.837536[0.267976],0.849845[0.268587],3,0_38
Signal0,0.8745[0.242383],0.870029[0.24736],0.879257[0.236881],3,0_38
Hybridindex,17.5362[2.55819],17.5369[2.55557],17.5356[2.56067],4,0_38
Pref0,0.88325[0.232904],0.884615[0.231537],0.881951[0.23419],4,0_38
Signal0,0.9405[0.166462],0.936923[0.170582],0.943902[0.162374],4,0_38
Hybridindex,17.737[1.91979],17.7744[1.90059],17.6986[1.93854],5,0_38
Pref0,0.8945[0.217646],0.892892[0.217971],0.89615[0.2173],5,0_38
Signal0,0.971[0.118992],0.971866[0.119427],0.970111[0.118537],5,0_38
Hybridindex,17.8337[1.62534],17.8414[1.64705],17.8265[1.60443],6,0_38
Pref0,0.89225[0.221957],0.903491[0.211157],0.881579[0.231239],6,0_38
Signal0,0.9835[0.0893183],0.982033[0.0930632],0.984893[0.0855884],6,0_38
Hybridindex,17.9007[1.44422],17.9064[1.4281],17.8945[1.4617],7,0_38
Pref0,0.89[0.223383],0.887775[0.231402],0.892445[0.214201],7,0_38
Signal0,0.99425[0.0533098],0.997612[0.0344701],0.990556[0.0680643],7,0_38
Hybridindex,17.9222[1.30588],17.9363[1.30952],17.9094[1.3024],8,0_38
Pref0,0.8895[0.21918],0.901776[0.207656],0.878236[0.228665],8,0_38
Signal0,0.9955[0.0472202],0.99582[0.0455236],0.995206[0.0487232],8,0_38
Hybridindex,17.889[1.29737],17.8616[1.32033],17.9167[1.27321],9,0_38
Pref0,0.8835[0.226777],0.885458[0.230467],0.881526[0.222977],9,0_38
Signal0,0.99775[0.0334655],0.997012[0.0385369],0.998494[0.0273997],9,0_38
Hybridindex,17.9062[1.21977],17.9415[1.23567],17.8739[1.20409],10,0_38
Pref0,0.8815[0.230668],0.878788[0.235198],0.883988[0.226403],10,0_38
Signal0,0.999[0.0223383],0.999478[0.0161543],0.998562[0.0267771],10,0_38
Hybridindex,17.944[1.25941],17.9635[1.27796],17.9251[1.24085],11,0_38
Pref0,0.88075[0.229466],0.875127[0.232271],0.886207[0.226576],11,0_38
Signal0,0.999[0.0223383],0.999492[0.0159232],0.998522[0.0271428],11,0_38
Hybridindex,17.9895[1.22817],17.9975[1.23076],17.9815[1.22552],12,0_38
Pref0,0.8665[0.240162],0.863864[0.242991],0.869131[0.237276],12,0_38
Signal0,0.99925[0.0193504],0.998999[0.0223495],0.9995[0.0157956],12,0_38
Hybridindex,17.972[1.24698],18.0242[1.24142],17.9184[1.2504],13,0_38
Pref0,0.861[0.243781],0.864758[0.244327],0.857143[0.243158],13,0_38
Signal0,0.999[0.0223383],0.999506[0.0157018],0.99848[0.027524],13,0_38
Hybridindex,17.954[1.26575],17.9066[1.26249],18.0052[1.26728],14,0_38
Pref0,0.86125[0.241088],0.861753[0.238233],0.860707[0.24413],14,0_38
Signal0,0.99925[0.0193504],0.998555[0.0268413],1[0],14,0_38
Hybridindex,17.944[1.20939],17.9497[1.2166],17.9381[1.20176],15,0_38
Pref0,0.8545[0.253633],0.856794[0.247708],0.852098[0.259671],15,0_38
Signal0,1[0],1[0],1[0],15,0_38
Hybridindex,17.938[1.19714],17.9659[1.20321],17.9085[1.19],16,0_38
Pref0,0.84925[0.250299],0.849562[0.246706],0.848921[0.254035],16,0_38
Signal0,1[0],1[0],1[0],16,0_38
Hybridindex,17.9758[1.16524],17.9814[1.15043],17.9702[1.17961],17,0_38
Pref0,0.842[0.256],0.83619[0.258194],0.847718[0.253692],17,0_38
Signal0,1[0],1[0],1[0],17,0_38
Hybridindex,18.0233[1.12853],18.0201[1.1374],18.0262[1.12011],18,0_38
Pref0,0.8395[0.260748],0.830412[0.264483],0.848058[0.256888],18,0_38
Signal0,1[0],1[0],1[0],18,0_38
Hybridindex,18.0615[1.12204],18.0422[1.09718],18.0815[1.14694],19,0_38
Pref0,0.841[0.259266],0.840039[0.262894],0.841998[0.25544],19,0_38
Signal0,1[0],1[0],1[0],19,0_38
Hybridindex,18.0583[1.14104],18.0774[1.16822],18.0383[1.11165],20,0_38
Pref0,0.8495[0.253179],0.850147[0.249529],0.848825[0.256929],20,0_38
Signal0,1[0],1[0],1[0],20,0_38
Hybridindex,18.0592[1.12855],18.045[1.13643],18.0735[1.12042],21,0_38
Pref0,0.849[0.252881],0.844[0.258194],0.854[0.247354],21,0_38
Signal0,1[0],1[0],1[0],21,0_38
Hybridindex,18.022[1.09568],18.031[1.08089],18.0133[1.10977],22,0_38
Pref0,0.85175[0.250793],0.85533[0.254172],0.848276[0.247419],22,0_38
Signal0,1[0],1[0],1[0],22,0_38
Hybridindex,18.024[1.14681],18.0605[1.13248],17.9926[1.1581],23,0_38
Pref0,0.85125[0.256902],0.851512[0.25945],0.851024[0.254684],23,0_38
Signal0,1[0],1[0],1[0],23,0_38
Hybridindex,18.0523[1.12922],18.0668[1.132],18.0374[1.12619],24,0_38
Pref0,0.85025[0.254362],0.84901[0.253147],0.851515[0.255589],24,0_38
Signal0,1[0],1[0],1[0],24,0_38
Hybridindex,18.0555[1.12934],18.0392[1.12343],18.0721[1.13508],25,0_38
Pref0,0.85575[0.2541],0.868056[0.250894],0.843246[0.256714],25,0_38
Signal0,1[0],1[0],1[0],25,0_38
Hybridindex,18.0448[1.07442],18.0484[1.05739],18.0413[1.09058],26,0_38
Pref0,0.85575[0.251629],0.86609[0.249523],0.845776[0.253244],26,0_38
Signal0,1[0],1[0],1[0],26,0_38
Hybridindex,18.0102[1.1103],17.9679[1.12429],18.0536[1.09408],27,0_38
Pref0,0.86075[0.245427],0.873024[0.234043],0.848178[0.255955],27,0_38
Signal0,1[0],1[0],1[0],27,0_38
Hybridindex,17.986[1.09968],17.9727[1.10262],17.9995[1.09653],28,0_38
Pref0,0.85875[0.240673],0.854663[0.244905],0.862903[0.236223],28,0_38
Signal0,1[0],1[0],1[0],28,0_38
Hybridindex,17.9625[1.1345],17.9768[1.12426],17.9472[1.14516],29,0_38
Pref0,0.85725[0.245454],0.858801[0.243652],0.85559[0.247356],29,0_38
Signal0,1[0],1[0],1[0],29,0_38
Hybridindex,17.9868[1.10429],18.0188[1.08571],17.9522[1.12292],30,0_38
Pref0,0.86075[0.243381],0.867888[0.236294],0.853063[0.250562],30,0_38
Signal0,1[0],1[0],1[0],30,0_38
Hybridindex,17.9638[1.14108],17.991[1.12569],17.9366[1.15559],31,0_38
Pref0,0.857[0.245563],0.85986[0.240704],0.854146[0.250285],31,0_38
Signal0,1[0],1[0],1[0],31,0_38
Hybridindex,17.9695[1.13702],17.9926[1.10956],17.946[1.16385],32,0_38
Pref0,0.859[0.243144],0.860753[0.243215],0.857215[0.243059],32,0_38
Signal0,1[0],1[0],1[0],32,0_38
Hybridindex,18.0003[1.12144],17.981[1.10101],18.0206[1.14234],33,0_38
Pref0,0.863[0.246943],0.854227[0.256375],0.872297[0.236183],33,0_38
Signal0,1[0],1[0],1[0],33,0_38
Hybridindex,17.9685[1.12617],17.9471[1.13208],17.9917[1.11928],34,0_38
Pref0,0.87225[0.233034],0.876805[0.224211],0.867326[0.242116],34,0_38
Signal0,1[0],1[0],1[0],34,0_38
Hybridindex,17.9853[1.1054],17.996[1.11009],17.9748[1.10068],35,0_38
Pref0,0.86325[0.240155],0.856566[0.250519],0.869802[0.229353],35,0_38
Signal0,1[0],1[0],1[0],35,0_38
Hybridindex,17.9868[1.10903],18.002[1.13942],17.9719[1.07858],36,0_38
Pref0,0.855[0.253919],0.85315[0.257075],0.856791[0.250812],36,0_38
Signal0,1[0],1[0],1[0],36,0_38
Hybridindex,18.0023[1.07836],17.9762[1.09703],18.0298[1.05757],37,0_38
Pref0,0.854[0.252852],0.857004[0.250446],0.850823[0.255333],37,0_38
Signal0,1[0],1[0],1[0],37,0_38
Hybridindex,18.0215[1.0717],17.9895[1.05966],18.0534[1.08261],38,0_38
Pref0,0.85675[0.246687],0.847194[0.252139],0.866267[0.240757],38,0_38
Signal0,1[0],1[0],1[0],38,0_38
Hybridindex,17.9892[1.06853],17.9875[1.04694],17.991[1.08969],39,0_38
Pref0,0.8655[0.240124],0.8625[0.242577],0.8685[0.237608],39,0_38
Signal0,1[0],1[0],1[0],39,0_38
Hybridindex,17.9853[1.10314],17.9276[1.10204],18.0498[1.10078],40,0_38
Pref0,0.86125[0.247232],0.866131[0.242791],0.855779[0.252004],40,0_38
Signal0,1[0],1[0],1[0],40,0_38
Hybridindex,18.0115[1.08714],18.0245[1.06989],17.999[1.10334],41,0_38
Pref0,0.85125[0.248995],0.850153[0.253362],0.852306[0.244713],41,0_38
Signal0,1[0],1[0],1[0],41,0_38
Hybridindex,17.9755[1.11978],17.9636[1.06536],17.9878[1.17319],42,0_38
Pref0,0.85675[0.249208],0.859252[0.24975],0.854167[0.24862],42,0_38
Signal0,1[0],1[0],1[0],42,0_38
Hybridindex,17.942[1.12234],17.9162[1.13028],17.9689[1.11337],43,0_38
Pref0,0.8525[0.25297],0.856863[0.243749],0.847959[0.262146],43,0_38
Signal0,1[0],1[0],1[0],43,0_38
Hybridindex,17.9022[1.11695],17.8628[1.11565],17.9448[1.11679],44,0_38
Pref0,0.8595[0.244458],0.848412[0.246974],0.871488[0.241136],44,0_38
Signal0,1[0],1[0],1[0],44,0_38
Hybridindex,17.917[1.1251],17.9043[1.09497],17.9288[1.15215],45,0_38
Pref0,0.858[0.246142],0.852237[0.250946],0.86333[0.241492],45,0_38
Signal0,1[0],1[0],1[0],45,0_38
Hybridindex,17.9288[1.11515],17.9487[1.08394],17.909[1.1448],46,0_38
Pref0,0.847[0.250681],0.851107[0.253673],0.842942[0.247623],46,0_38
Signal0,1[0],1[0],1[0],46,0_38
Hybridindex,17.9127[1.0975],17.9593[1.09098],17.8668[1.10198],47,0_38
Pref0,0.84575[0.25609],0.844567[0.255199],0.846918[0.256962],47,0_38
Signal0,1[0],1[0],1[0],47,0_38
Hybridindex,17.9318[1.05556],17.9497[1.0395],17.9146[1.07035],48,0_38
Pref0,0.85525[0.253323],0.853333[0.248125],0.857073[0.258157],48,0_38
Signal0,1[0],1[0],1[0],48,0_38
Hybridindex,17.9288[1.10704],17.938[1.12816],17.9203[1.08716],49,0_38
Pref0,0.85775[0.24978],0.866006[0.243865],0.850144[0.254871],49,0_38
Signal0,1[0],1[0],1[0],49,0_38
Hybridindex,17.9348[1.0861],17.921[1.0998],17.9482[1.07242],50,0_38
Pref0,0.854[0.252357],0.85157[0.25762],0.856367[0.247099],50,0_38
Signal0,1[0],1[0],1[0],50,0_38
Hybridindex,17.9327[1.09595],17.8873[1.10178],17.9797[1.0879],51,0_38
Pref0,0.84825[0.256607],0.838091[0.263636],0.85874[0.248706],51,0_38
Signal0,1[0],1[0],1[0],51,0_38
Hybridindex,17.9213[1.09244],17.9378[1.07007],17.9056[1.11295],52,0_38
Pref0,0.85175[0.251787],0.847222[0.252686],0.856031[0.25086],52,0_38
Signal0,1[0],1[0],1[0],52,0_38
Hybridindex,17.9315[1.10003],17.9509[1.10683],17.9125[1.09301],53,0_38
Pref0,0.8435[0.252998],0.851721[0.245459],0.835474[0.259896],53,0_38
Signal0,1[0],1[0],1[0],53,0_38
Hybridindex,17.9032[1.07947],17.8739[1.10211],17.9328[1.05539],54,0_38
Pref0,0.85125[0.250995],0.85344[0.246522],0.849047[0.255396],54,0_38
Signal0,1[0],1[0],1[0],54,0_38
Hybridindex,17.9088[1.0803],17.8415[1.08754],17.9764[1.0687],55,0_38
Pref0,0.85325[0.252169],0.857428[0.246839],0.849047[0.257352],55,0_38
Signal0,1[0],1[0],1[0],55,0_38
Hybridindex,17.918[1.09808],17.8829[1.12841],17.9555[1.06344],56,0_38
Pref0,0.84775[0.258254],0.852372[0.254175],0.842813[0.262451],56,0_38
Signal0,1[0],1[0],1[0],56,0_38
Hybridindex,17.871[1.10425],17.8755[1.09469],17.8665[1.11362],57,0_38
Pref0,0.84625[0.25246],0.838855[0.255239],0.853586[0.249456],57,0_38
Signal0,1[0],1[0],1[0],57,0_38
Hybridindex,17.9135[1.08179],17.8775[1.09224],17.9486[1.07032],58,0_38
Pref0,0.83675[0.26263],0.836538[0.257186],0.836957[0.267838],58,0_38
Signal0,1[0],1[0],1[0],58,0_38
Hybridindex,17.9125[1.04635],17.9018[1.07161],17.9227[1.02149],59,0_38
Pref0,0.8465[0.255319],0.846115[0.256989],0.846869[0.25371],59,0_38
Signal0,1[0],1[0],1[0],59,0_38
Hybridindex,17.9303[1.06935],17.9202[1.09092],17.9401[1.04769],60,0_38
Pref0,0.85475[0.246023],0.865152[0.239418],0.844554[0.251914],60,0_38
Signal0,1[0],1[0],1[0],60,0_38
Hybridindex,17.9065[1.06818],17.8959[1.07991],17.9172[1.05611],61,0_38
Pref0,0.856[0.24701],0.846116[0.25537],0.865964[0.237871],61,0_38
Signal0,1[0],1[0],1[0],61,0_38
Hybridindex,17.877[1.07302],17.8941[1.08792],17.8603[1.05803],62,0_38
Pref0,0.85075[0.252684],0.860182[0.248001],0.84156[0.256832],62,0_38
Signal0,1[0],1[0],1[0],62,0_38
Hybridindex,17.8158[1.13056],17.8052[1.12866],17.8267[1.13243],63,0_38
Pref0,0.857[0.24759],0.852306[0.249675],0.861876[0.245311],63,0_38
Signal0,1[0],1[0],1[0],63,0_38
Hybridindex,17.8175[1.10383],17.8204[1.12892],17.8146[1.07789],64,0_38
Pref0,0.856[0.246504],0.848756[0.251386],0.863317[0.241251],64,0_38
Signal0,1[0],1[0],1[0],64,0_38
Hybridindex,17.834[1.07422],17.8427[1.07471],17.8251[1.07364],65,0_38
Pref0,0.866[0.240404],0.858974[0.247937],0.873225[0.232181],65,0_38
Signal0,1[0],1[0],1[0],65,0_38
Hybridindex,17.8645[1.07768],17.8761[1.04654],17.8529[1.10765],66,0_38
Pref0,0.86675[0.24108],0.865095[0.244509],0.868395[0.23761],66,0_38
Signal0,1[0],1[0],1[0],66,0_38
Hybridindex,17.859[1.08137],17.86[1.07926],17.858[1.08354],67,0_38
Pref0,0.882[0.226],0.873274[0.23388],0.890974[0.217233],67,0_38
Signal0,1[0],1[0],1[0],67,0_38
Hybridindex,17.8583[1.09671],17.8734[1.06881],17.8426[1.12453],68,0_38
Pref0,0.88325[0.226372],0.877833[0.232466],0.888832[0.219776],68,0_38
Signal0,1[0],1[0],1[0],68,0_38
Hybridindex,17.8498[1.07555],17.8487[1.06699],17.8509[1.0844],69,0_38
Pref0,0.88175[0.229438],0.877081[0.228532],0.886619[0.230279],69,0_38
Signal0,1[0],1[0],1[0],69,0_38
Hybridindex,17.8612[1.0808],17.8496[1.10164],17.8737[1.0579],70,0_38
Pref0,0.878[0.226641],0.874758[0.226467],0.88147[0.226775],70,0_38
Signal0,1[0],1[0],1[0],70,0_38
Hybridindex,17.8403[1.08494],17.8443[1.10258],17.836[1.06634],71,0_38
Pref0,0.87275[0.230613],0.865914[0.236517],0.879837[0.224109],71,0_38
Signal0,1[0],1[0],1[0],71,0_38
Hybridindex,17.811[1.07286],17.8747[1.02396],17.751[1.11363],72,0_38
Pref0,0.87275[0.2443],0.878351[0.237351],0.867476[0.250554],72,0_38
Signal0,1[0],1[0],1[0],72,0_38
Hybridindex,17.812[1.08174],17.8345[1.09629],17.7884[1.06575],73,0_38
Pref0,0.87675[0.232238],0.873535[0.234631],0.880123[0.229652],73,0_38
Signal0,1[0],1[0],1[0],73,0_38
Hybridindex,17.8178[1.09563],17.8379[1.12767],17.7978[1.06252],74,0_38
Pref0,0.87625[0.228716],0.87249[0.228066],0.87998[0.229297],74,0_38
Signal0,1[0],1[0],1[0],74,0_38
Hybridindex,17.803[1.07828],17.7862[1.09165],17.8184[1.06571],75,0_38
Pref0,0.86575[0.240524],0.862159[0.247892],0.869025[0.233553],75,0_38
Signal0,1[0],1[0],1[0],75,0_38
Hybridindex,17.81[1.06273],17.8002[1.03488],17.8198[1.08984],76,0_38
Pref0,0.87075[0.242733],0.860639[0.249493],0.880881[0.23533],76,0_38
Signal0,1[0],1[0],1[0],76,0_38
Hybridindex,17.7778[1.06183],17.7872[1.06296],17.7685[1.06064],77,0_38
Pref0,0.87125[0.231945],0.875632[0.224177],0.866963[0.239222],77,0_38
Signal0,1[0],1[0],1[0],77,0_38
Hybridindex,17.8032[1.06133],17.8039[1.05721],17.8026[1.06549],78,0_38
Pref0,0.878[0.22498],0.887786[0.216774],0.868077[0.232587],78,0_38
Signal0,1[0],1[0],1[0],78,0_38
Hybridindex,17.7785[1.07805],17.7933[1.09057],17.7644[1.06581],79,0_38
Pref0,0.872[0.234768],0.859487[0.244424],0.883902[0.224552],79,0_38
Signal0,1[0],1[0],1[0],79,0_38
Hybridindex,17.7338[1.05983],17.7717[1.05471],17.6948[1.06364],80,0_38
Pref0,0.8725[0.234507],0.875988[0.22817],0.868927[0.240773],80,0_38
Signal0,1[0],1[0],1[0],80,0_38
Hybridindex,17.6962[1.07325],17.6882[1.0565],17.7042[1.08939],81,0_38
Pref0,0.87[0.232594],0.877901[0.228464],0.86224[0.236323],81,0_38
Signal0,1[0],1[0],1[0],81,0_38
Hybridindex,17.7165[1.07756],17.7471[1.08669],17.6846[1.067],82,0_38
Pref0,0.87025[0.237781],0.875734[0.232443],0.864519[0.243103],82,0_38
Signal0,1[0],1[0],1[0],82,0_38
Hybridindex,17.6995[1.07887],17.6931[1.06789],17.7062[1.0902],83,0_38
Pref0,0.8665[0.238071],0.866569[0.239208],0.866428[0.236874],83,0_38
Signal0,1[0],1[0],1[0],83,0_38
Hybridindex,17.6803[1.06672],17.7118[1.06274],17.6496[1.06968],84,0_38
Pref0,0.866[0.244528],0.871834[0.24249],0.860316[0.246365],84,0_38
Signal0,1[0],1[0],1[0],84,0_38
Hybridindex,17.6475[1.08846],17.6464[1.06737],17.6486[1.1089],85,0_38
Pref0,0.8675[0.239674],0.869718[0.238157],0.865308[0.241144],85,0_38
Signal0,1[0],1[0],1[0],85,0_38
Hybridindex,17.6083[1.11687],17.6059[1.12162],17.6106[1.11222],86,0_38
Pref0,0.87225[0.233034],0.868288[0.23472],0.876111[0.231314],86,0_38
Signal0,1[0],1[0],1[0],86,0_38
Hybridindex,17.61[1.09346],17.591[1.08967],17.6286[1.09684],87,0_38
Pref0,0.8745[0.233452],0.870576[0.230254],0.878338[0.236475],87,0_38
Signal0,1[0],1[0],1[0],87,0_38
Hybridindex,17.6445[1.11383],17.6073[1.10417],17.6825[1.12235],88,0_38
Pref0,0.87725[0.23304],0.874382[0.236498],0.880182[0.229413],88,0_38
Signal0,1[0],1[0],1[0],88,0_38
Hybridindex,17.6227[1.09261],17.6181[1.09716],17.6274[1.08804],89,0_38
Pref0,0.8805[0.229608],0.885385[0.226225],0.875624[0.232833],89,0_38
Signal0,1[0],1[0],1[0],89,0_38
Hybridindex,17.656[1.05968],17.676[1.0558],17.6354[1.06325],90,0_38
Pref0,0.87[0.241557],0.871302[0.235956],0.868661[0.247178],90,0_38
Signal0,1[0],1[0],1[0],90,0_38
Hybridindex,17.6745[1.0803],17.6826[1.0951],17.6663[1.06508],91,0_38
Pref0,0.8685[0.236554],0.874627[0.232235],0.862312[0.240679],91,0_38
Signal0,1[0],1[0],1[0],91,0_38
Hybridindex,17.6525[1.10544],17.6157[1.13753],17.6891[1.07127],92,0_38
Pref0,0.86775[0.239029],0.871242[0.235192],0.864271[0.242741],92,0_38
Signal0,1[0],1[0],1[0],92,0_38
Hybridindex,17.6365[1.09812],17.6372[1.12526],17.6358[1.06825],93,0_38
Pref0,0.87125[0.236217],0.875845[0.231141],0.866321[0.241445],93,0_38
Signal0,1[0],1[0],1[0],93,0_38
Hybridindex,17.5798[1.09602],17.5793[1.08471],17.5802[1.10727],94,0_38
Pref0,0.86825[0.237207],0.863772[0.235677],0.872745[0.238647],94,0_38
Signal0,1[0],1[0],1[0],94,0_38
Hybridindex,17.5817[1.11778],17.5862[1.12411],17.577[1.11096],95,0_38
Pref0,0.8665[0.242235],0.863504[0.24051],0.8697[0.244023],95,0_38
Signal0,1[0],1[0],1[0],95,0_38
Hybridindex,17.5843[1.11132],17.555[1.11921],17.612[1.10307],96,0_38
Pref0,0.8675[0.238104],0.875128[0.232459],0.860273[0.243112],96,0_38
Signal0,1[0],1[0],1[0],96,0_38
Hybridindex,17.562[1.11799],17.5481[1.11666],17.5758[1.11914],97,0_38
Pref0,0.8705[0.245926],0.8666[0.248885],0.874377[0.242888],97,0_38
Signal0,1[0],1[0],1[0],97,0_38
Hybridindex,17.535[1.12607],17.5545[1.14242],17.5162[1.10977],98,0_38
Pref0,0.87725[0.230342],0.885831[0.223978],0.868989[0.236012],98,0_38
Signal0,1[0],1[0],1[0],98,0_38
Hybridindex,17.4947[1.12187],17.4844[1.14639],17.505[1.09706],99,0_38
Pref0,0.879[0.232613],0.878651[0.236684],0.879345[0.228527],99,0_38
Signal0,1[0],1[0],1[0],99,0_38
Hybridindex,17.523[1.12025],17.5164[1.12632],17.5297[1.11403],100,0_38
Pref0,0.8795[0.231257],0.877358[0.233925],0.881672[0.228499],100,0_38
Signal0,1[0],1[0],1[0],100,0_38
Hybridindex,12.26[8.28809],12.5356[8.22211],11.9941[8.34261],1,0_39
Pref0,0.613[0.414404],0.626782[0.411106],0.599705[0.417131],1,0_39
Signal0,0.613[0.414404],0.626782[0.411106],0.599705[0.417131],1,0_39
Hybridindex,15.0028[6.14114],14.7684[6.17076],15.2213[6.1053],2,0_39
Pref0,0.75375[0.337988],0.74715[0.338091],0.759903[0.337776],2,0_39
Signal0,0.748[0.339847],0.748187[0.340389],0.747826[0.339341],2,0_39
Hybridindex,16.6995[3.88892],16.7547[3.80196],16.6429[3.9754],3,0_39
Pref0,0.838[0.26553],0.845015[0.257498],0.8308[0.27334],3,0_39
Signal0,0.8545[0.25314],0.856367[0.251062],0.852584[0.255241],3,0_39
Hybridindex,17.3935[2.57656],17.4795[2.55869],17.3031[2.59214],4,0_39
Pref0,0.87275[0.234909],0.872683[0.238154],0.872821[0.23145],4,0_39
Signal0,0.921[0.188438],0.925366[0.187514],0.91641[0.189297],4,0_39
Hybridindex,17.6133[1.9336],17.6528[1.8949],17.5728[1.97155],5,0_39
Pref0,0.88475[0.222132],0.883284[0.227287],0.886249[0.216725],5,0_39
Signal0,0.95825[0.138318],0.961424[0.133416],0.955005[0.143084],5,0_39
Hybridindex,17.6502[1.65198],17.6549[1.65419],17.6455[1.64969],6,0_39
Pref0,0.89075[0.221787],0.883481[0.230306],0.898271[0.212353],6,0_39
Signal0,0.98025[0.0973906],0.977384[0.103905],0.983215[0.0900607],6,0_39
Hybridindex,17.6408[1.53617],17.6391[1.52387],17.6426[1.54954],7,0_39
Pref0,0.89075[0.222911],0.895315[0.221431],0.885744[0.224417],7,0_39
Signal0,0.9925[0.0607762],0.99283[0.0594447],0.992138[0.0622014],7,0_39
Hybridindex,17.603[1.4648],17.6387[1.43729],17.5658[1.49199],8,0_39
Pref0,0.89625[0.214152],0.90049[0.212708],0.891837[0.215555],8,0_39
Signal0,0.9975[0.0352668],0.998039[0.0312498],0.996939[0.0390031],8,0_39
Hybridindex,17.61[1.35671],17.6509[1.33848],17.5685[1.3737],9,0_39
Pref0,0.89[0.219431],0.89424[0.21943],0.8857[0.219348],9,0_39
Signal0,0.998[0.0315595],0.997517[0.0351447],0.998489[0.0274409],9,0_39
Hybridindex,17.6118[1.35854],17.6068[1.35427],17.6164[1.36253],10,0_39
Pref0,0.88225[0.224744],0.883385[0.222154],0.881183[0.227146],10,0_39
Signal0,1[0],1[0],1[0],10,0_39
Hybridindex,17.5912[1.32006],17.5398[1.3217],17.6407[1.31658],11,0_39
Pref0,0.879[0.229911],0.879592[0.221985],0.878431[0.237275],11,0_39
Signal0,1[0],1[0],1[0],11,0_39
Hybridindex,17.594[1.32812],17.6124[1.36546],17.5754[1.28905],12,0_39
Pref0,0.8875[0.223257],0.891045[0.220401],0.88392[0.226049],12,0_39
Signal0,1[0],1[0],1[0],12,0_39
Hybridindex,17.56[1.36176],17.5934[1.36696],17.5243[1.35528],13,0_39
Pref0,0.8935[0.217733],0.887222[0.220251],0.900207[0.214808],13,0_39
Signal0,1[0],1[0],1[0],13,0_39
Hybridindex,17.5512[1.37295],17.5531[1.37434],17.5492[1.37143],14,0_39
Pref0,0.8895[0.218609],0.897129[0.209102],0.881152[0.228266],14,0_39
Signal0,1[0],1[0],1[0],14,0_39
Hybridindex,17.5753[1.32871],17.5792[1.31116],17.5712[1.3466],15,0_39
Pref0,0.88775[0.223663],0.892822[0.222433],0.882503[0.224807],15,0_39
Signal0,1[0],1[0],1[0],15,0_39
Hybridindex,17.6043[1.28977],17.6048[1.28378],17.6037[1.29611],16,0_39
Pref0,0.8845[0.226185],0.885063[0.227008],0.883901[0.225305],16,0_39
Signal0,1[0],1[0],1[0],16,0_39
Hybridindex,17.554[1.25502],17.5228[1.25265],17.5844[1.25659],17,0_39
Pref0,0.896[0.212565],0.89615[0.214956],0.895854[0.21021],17,0_39
Signal0,1[0],1[0],1[0],17,0_39
Hybridindex,17.5535[1.28808],17.6005[1.30416],17.5036[1.26887],18,0_39
Pref0,0.897[0.217695],0.899029[0.212473],0.894845[0.223086],18,0_39
Signal0,1[0],1[0],1[0],18,0_39
Hybridindex,17.5207[1.29555],17.55[1.29615],17.4915[1.29429],19,0_39
Pref0,0.8935[0.220585],0.8925[0.221797],0.8945[0.219362],19,0_39
Signal0,1[0],1[0],1[0],19,0_39
Hybridindex,17.502[1.26767],17.4936[1.26703],17.5106[1.26827],20,0_39
Pref0,0.89325[0.21617],0.895833[0.213768],0.890625[0.218552],20,0_39
Signal0,1[0],1[0],1[0],20,0_39
Hybridindex,17.5413[1.294],17.5757[1.26175],17.5083[1.32322],21,0_39
Pref0,0.895[0.219602],0.90174[0.21117],0.888563[0.227177],21,0_39
Signal0,1[0],1[0],1[0],21,0_39
Hybridindex,17.5715[1.30293],17.5521[1.31381],17.5901[1.29215],22,0_39
Pref0,0.8935[0.214261],0.889683[0.216966],0.89716[0.21157],22,0_39
Signal0,1[0],1[0],1[0],22,0_39
Hybridindex,17.545[1.24689],17.5355[1.28453],17.5542[1.20917],23,0_39
Pref0,0.9015[0.212245],0.90203[0.213256],0.900985[0.211257],23,0_39
Signal0,1[0],1[0],1[0],23,0_39
Hybridindex,17.5455[1.25087],17.5295[1.24231],17.5633[1.26007],24,0_39
Pref0,0.89575[0.215655],0.902567[0.210835],0.888186[0.220633],24,0_39
Signal0,1[0],1[0],1[0],24,0_39
Hybridindex,17.5673[1.20876],17.5846[1.20274],17.5497[1.21456],25,0_39
Pref0,0.89875[0.210056],0.893035[0.211018],0.904523[0.208921],25,0_39
Signal0,1[0],1[0],1[0],25,0_39
Hybridindex,17.5745[1.23307],17.5247[1.20804],17.6236[1.25532],26,0_39
Pref0,0.9075[0.203577],0.908862[0.201959],0.906157[0.205152],26,0_39
Signal0,1[0],1[0],1[0],26,0_39
Hybridindex,17.579[1.22281],17.5769[1.22623],17.5812[1.21923],27,0_39
Pref0,0.911[0.204521],0.907444[0.206419],0.914709[0.202457],27,0_39
Signal0,1[0],1[0],1[0],27,0_39
Hybridindex,17.5373[1.26204],17.545[1.24554],17.5296[1.27789],28,0_39
Pref0,0.91025[0.203887],0.907895[0.208907],0.912549[0.198837],28,0_39
Signal0,1[0],1[0],1[0],28,0_39
Hybridindex,17.5008[1.26565],17.4639[1.26448],17.5374[1.26576],29,0_39
Pref0,0.912[0.201261],0.910822[0.202843],0.913174[0.199666],29,0_39
Signal0,1[0],1[0],1[0],29,0_39
Hybridindex,17.5023[1.20535],17.4929[1.19588],17.5113[1.21433],30,0_39
Pref0,0.9145[0.198594],0.911315[0.201383],0.917566[0.195824],30,0_39
Signal0,1[0],1[0],1[0],30,0_39
Hybridindex,17.4825[1.21478],17.497[1.1938],17.4677[1.2356],31,0_39
Pref0,0.91425[0.193706],0.910307[0.194403],0.918264[0.19291],31,0_39
Signal0,1[0],1[0],1[0],31,0_39
Hybridindex,17.4715[1.19747],17.4641[1.18021],17.4794[1.21549],32,0_39
Pref0,0.91675[0.196073],0.917476[0.193299],0.915979[0.198972],32,0_39
Signal0,1[0],1[0],1[0],32,0_39
Hybridindex,17.4825[1.22819],17.4804[1.21188],17.4846[1.24406],33,0_39
Pref0,0.92275[0.190151],0.923464[0.189565],0.922046[0.190725],33,0_39
Signal0,1[0],1[0],1[0],33,0_39
Hybridindex,17.4795[1.20647],17.4888[1.18454],17.4705[1.2272],34,0_39
Pref0,0.92575[0.184694],0.924644[0.184489],0.926817[0.184885],34,0_39
Signal0,1[0],1[0],1[0],34,0_39
Hybridindex,17.503[1.19937],17.4542[1.15964],17.5481[1.23319],35,0_39
Pref0,0.92625[0.184894],0.927083[0.186514],0.925481[0.183384],35,0_39
Signal0,1[0],1[0],1[0],35,0_39
Hybridindex,17.551[1.20422],17.5948[1.17456],17.5093[1.23038],36,0_39
Pref0,0.91925[0.192625],0.918033[0.197169],0.92041[0.188185],36,0_39
Signal0,1[0],1[0],1[0],36,0_39
Hybridindex,17.582[1.1886],17.5541[1.2277],17.6103[1.1469],37,0_39
Pref0,0.9165[0.195007],0.917577[0.190798],0.915408[0.199178],37,0_39
Signal0,1[0],1[0],1[0],37,0_39
Hybridindex,17.5852[1.18178],17.6026[1.17497],17.5667[1.18873],38,0_39
Pref0,0.91325[0.200872],0.910939[0.203565],0.915719[0.197924],38,0_39
Signal0,1[0],1[0],1[0],38,0_39
Hybridindex,17.6088[1.17964],17.5879[1.19186],17.6299[1.16674],39,0_39
Pref0,0.9195[0.193054],0.918073[0.194234],0.920947[0.191838],39,0_39
Signal0,1[0],1[0],1[0],39,0_39
Hybridindex,17.5955[1.16066],17.6147[1.18433],17.5746[1.13399],40,0_39
Pref0,0.916[0.197975],0.923704[0.187632],0.90762[0.20832],40,0_39
Signal0,1[0],1[0],1[0],40,0_39
Hybridindex,17.5852[1.15244],17.5912[1.08755],17.5789[1.21765],41,0_39
Pref0,0.91225[0.203531],0.912706[0.203375],0.911765[0.203696],41,0_39
Signal0,1[0],1[0],1[0],41,0_39
Hybridindex,17.5978[1.16793],17.6072[1.12475],17.5885[1.20862],42,0_39
Pref0,0.91175[0.195159],0.913043[0.19478],0.910485[0.195521],42,0_39
Signal0,1[0],1[0],1[0],42,0_39
Hybridindex,17.5888[1.15185],17.6208[1.17827],17.5579[1.12496],43,0_39
Pref0,0.91075[0.199147],0.912334[0.195413],0.909225[0.202665],43,0_39
Signal0,1[0],1[0],1[0],43,0_39
Hybridindex,17.568[1.14712],17.5644[1.14013],17.5713[1.15354],44,0_39
Pref0,0.908[0.20319],0.906445[0.2079],0.909441[0.198713],44,0_39
Signal0,1[0],1[0],1[0],44,0_39
Hybridindex,17.5308[1.14725],17.5432[1.12416],17.5172[1.17164],45,0_39
Pref0,0.9135[0.196895],0.915946[0.190795],0.910845[0.203277],45,0_39
Signal0,1[0],1[0],1[0],45,0_39
Hybridindex,17.537[1.14056],17.5335[1.18268],17.5405[1.09673],46,0_39
Pref0,0.914[0.195842],0.913087[0.19723],0.914915[0.194437],46,0_39
Signal0,1[0],1[0],1[0],46,0_39
Hybridindex,17.5023[1.14951],17.5156[1.14502],17.4891[1.15379],47,0_39
Pref0,0.904[0.207446],0.910553[0.2006],0.897512[0.213811],47,0_39
Signal0,1[0],1[0],1[0],47,0_39
Hybridindex,17.5093[1.14741],17.5295[1.13267],17.4876[1.16261],48,0_39
Pref0,0.9075[0.203577],0.909179[0.20374],0.905699[0.203388],48,0_39
Signal0,1[0],1[0],1[0],48,0_39
Hybridindex,17.499[1.1663],17.5028[1.14742],17.4947[1.187],49,0_39
Pref0,0.90975[0.203052],0.922749[0.192154],0.895238[0.213632],49,0_39
Signal0,1[0],1[0],1[0],49,0_39
Hybridindex,17.48[1.1573],17.4937[1.13895],17.4677[1.17342],50,0_39
Pref0,0.9115[0.196004],0.907603[0.196767],0.915005[0.19525],50,0_39
Signal0,1[0],1[0],1[0],50,0_39
Hybridindex,17.5123[1.19257],17.5617[1.20755],17.4654[1.17629],51,0_39
Pref0,0.919[0.192195],0.915211[0.194357],0.92259[0.190054],51,0_39
Signal0,1[0],1[0],1[0],51,0_39
Hybridindex,17.5892[1.17054],17.5897[1.20317],17.5888[1.13824],52,0_39
Pref0,0.9155[0.202138],0.910805[0.20678],0.92002[0.197461],52,0_39
Signal0,1[0],1[0],1[0],52,0_39
Hybridindex,17.6552[1.18481],17.664[1.18567],17.6467[1.18391],53,0_39
Pref0,0.9165[0.191122],0.91751[0.188288],0.915514[0.193844],53,0_39
Signal0,1[0],1[0],1[0],53,0_39
Hybridindex,17.6627[1.16324],17.6874[1.16128],17.6371[1.16473],54,0_39
Pref0,0.91975[0.194769],0.917076[0.198727],0.922528[0.19053],54,0_39
Signal0,1[0],1[0],1[0],54,0_39
Hybridindex,17.669[1.16895],17.6779[1.15376],17.6607[1.18285],55,0_39
Pref0,0.912[0.198761],0.91805[0.194653],0.906371[0.202346],55,0_39
Signal0,1[0],1[0],1[0],55,0_39
Hybridindex,17.6165[1.17959],17.6427[1.16193],17.5909[1.19602],56,0_39
Pref0,0.9105[0.203076],0.910931[0.202869],0.910079[0.203277],56,0_39
Signal0,1[0],1[0],1[0],56,0_39
Hybridindex,17.6088[1.17006],17.6169[1.1861],17.601[1.15455],57,0_39
Pref0,0.91225[0.20168],0.906667[0.205081],0.917561[0.198246],57,0_39
Signal0,1[0],1[0],1[0],57,0_39
Hybridindex,17.6408[1.12108],17.6329[1.13718],17.6482[1.1054],58,0_39
Pref0,0.91625[0.196497],0.912577[0.204188],0.919765[0.188777],58,0_39
Signal0,1[0],1[0],1[0],58,0_39
Hybridindex,17.669[1.14092],17.643[1.16332],17.6957[1.11677],59,0_39
Pref0,0.9185[0.195851],0.908777[0.204274],0.928499[0.186266],59,0_39
Signal0,1[0],1[0],1[0],59,0_39
Hybridindex,17.659[1.14519],17.6515[1.14978],17.6663[1.14063],60,0_39
Pref0,0.91925[0.192625],0.920707[0.19076],0.917822[0.194425],60,0_39
Signal0,1[0],1[0],1[0],60,0_39
Hybridindex,17.6545[1.125],17.6747[1.09395],17.6347[1.15428],61,0_39
Pref0,0.92675[0.187108],0.934343[0.177617],0.919307[0.19568],61,0_39
Signal0,1[0],1[0],1[0],61,0_39
Hybridindex,17.632[1.14448],17.6488[1.18065],17.6153[1.10702],62,0_39
Pref0,0.927[0.183497],0.923848[0.183793],0.93014[0.183147],62,0_39
Signal0,1[0],1[0],1[0],62,0_39
Hybridindex,17.6292[1.12901],17.6631[1.13375],17.5973[1.12358],63,0_39
Pref0,0.92675[0.179609],0.920782[0.186753],0.932393[0.172393],63,0_39
Signal0,1[0],1[0],1[0],63,0_39
Hybridindex,17.666[1.11689],17.6955[1.12605],17.6362[1.10676],64,0_39
Pref0,0.92375[0.186577],0.928856[0.180279],0.918593[0.192592],64,0_39
Signal0,1[0],1[0],1[0],64,0_39
Hybridindex,17.703[1.12452],17.7158[1.13809],17.6911[1.11161],65,0_39
Pref0,0.918[0.193716],0.915975[0.188337],0.919884[0.198572],65,0_39
Signal0,1[0],1[0],1[0],65,0_39
Hybridindex,17.7523[1.12472],17.7855[1.09691],17.7208[1.14951],66,0_39
Pref0,0.91825[0.192852],0.917695[0.196197],0.918774[0.189633],66,0_39
Signal0,1[0],1[0],1[0],66,0_39
Hybridindex,17.7372[1.08286],17.7939[1.08931],17.6828[1.07382],67,0_39
Pref0,0.9195[0.192405],0.928571[0.183503],0.910784[0.200199],67,0_39
Signal0,1[0],1[0],1[0],67,0_39
Hybridindex,17.7207[1.09551],17.7219[1.119],17.7195[1.07071],68,0_39
Pref0,0.926[0.187814],0.927165[0.184568],0.924797[0.1911],68,0_39
Signal0,1[0],1[0],1[0],68,0_39
Hybridindex,17.7095[1.10028],17.738[1.09753],17.6809[1.10229],69,0_39
Pref0,0.92575[0.184016],0.924651[0.184372],0.926854[0.183651],69,0_39
Signal0,1[0],1[0],1[0],69,0_39
Hybridindex,17.6932[1.08767],17.6678[1.05819],17.7183[1.11536],70,0_39
Pref0,0.926[0.181725],0.926915[0.179469],0.925099[0.183914],70,0_39
Signal0,1[0],1[0],1[0],70,0_39
Hybridindex,17.7482[1.06607],17.7551[1.05265],17.7417[1.07866],71,0_39
Pref0,0.925[0.18473],0.92623[0.183009],0.923828[0.186347],71,0_39
Signal0,1[0],1[0],1[0],71,0_39
Hybridindex,17.7458[1.06606],17.7225[1.06548],17.769[1.06613],72,0_39
Pref0,0.924[0.187013],0.9275[0.178868],0.9205[0.194756],72,0_39
Signal0,1[0],1[0],1[0],72,0_39
Hybridindex,17.7635[1.08746],17.7419[1.08436],17.7861[1.09024],73,0_39
Pref0,0.92375[0.186577],0.915445[0.198814],0.932446[0.17241],73,0_39
Signal0,1[0],1[0],1[0],73,0_39
Hybridindex,17.7812[1.10534],17.7569[1.10331],17.8063[1.10687],74,0_39
Pref0,0.9275[0.181642],0.92998[0.179107],0.924949[0.184177],74,0_39
Signal0,1[0],1[0],1[0],74,0_39
Hybridindex,17.8305[1.0934],17.843[1.08753],17.818[1.09905],75,0_39
Pref0,0.9255[0.185606],0.926279[0.186913],0.924726[0.184296],75,0_39
Signal0,1[0],1[0],1[0],75,0_39
Hybridindex,17.833[1.05433],17.8173[1.04339],17.849[1.06514],76,0_39
Pref0,0.934[0.175054],0.938119[0.170562],0.929798[0.179424],76,0_39
Signal0,1[0],1[0],1[0],76,0_39
Hybridindex,17.8092[1.0927],17.8118[1.08116],17.8066[1.10427],77,0_39
Pref0,0.92825[0.184328],0.927011[0.187455],0.929507[0.181094],77,0_39
Signal0,1[0],1[0],1[0],77,0_39
Hybridindex,17.7817[1.09419],17.7559[1.07624],17.8067[1.11062],78,0_39
Pref0,0.92925[0.181987],0.927115[0.183517],0.931305[0.180478],78,0_39
Signal0,1[0],1[0],1[0],78,0_39
Hybridindex,17.7342[1.11792],17.7487[1.11375],17.7209[1.1216],79,0_39
Pref0,0.928[0.181841],0.931842[0.176052],0.924447[0.186965],79,0_39
Signal0,1[0],1[0],1[0],79,0_39
Hybridindex,17.7108[1.09964],17.7286[1.06931],17.692[1.13041],80,0_39
Pref0,0.9245[0.186547],0.932749[0.180317],0.915811[0.19251],80,0_39
Signal0,1[0],1[0],1[0],80,0_39
Hybridindex,17.7025[1.14782],17.6717[1.12186],17.7333[1.17235],81,0_39
Pref0,0.922[0.190174],0.925425[0.190343],0.918581[0.189943],81,0_39
Signal0,1[0],1[0],1[0],81,0_39
Hybridindex,17.7188[1.10985],17.7195[1.08778],17.718[1.1325],82,0_39
Pref0,0.91675[0.193506],0.917889[0.196754],0.915558[0.190037],82,0_39
Signal0,1[0],1[0],1[0],82,0_39
Hybridindex,17.6905[1.12148],17.7095[1.10696],17.6715[1.13549],83,0_39
Pref0,0.91675[0.195434],0.9175[0.193504],0.916[0.197342],83,0_39
Signal0,1[0],1[0],1[0],83,0_39
Hybridindex,17.7037[1.11998],17.74[1.13684],17.6675[1.10168],84,0_39
Pref0,0.91725[0.191122],0.9195[0.186466],0.915[0.19564],84,0_39
Signal0,1[0],1[0],1[0],84,0_39
Hybridindex,17.731[1.08853],17.7272[1.10006],17.7348[1.07688],85,0_39
Pref0,0.914[0.197114],0.922422[0.18377],0.905594[0.209248],85,0_39
Signal0,1[0],1[0],1[0],85,0_39
Hybridindex,17.7518[1.04654],17.7435[1.06645],17.76[1.0261],86,0_39
Pref0,0.91825[0.193499],0.917665[0.19591],0.918838[0.191047],86,0_39
Signal0,1[0],1[0],1[0],86,0_39
Hybridindex,17.7432[1.0769],17.751[1.05426],17.7359[1.09773],87,0_39
Pref0,0.91975[0.188905],0.920619[0.186911],0.918932[0.190759],87,0_39
Signal0,1[0],1[0],1[0],87,0_39
Hybridindex,17.714[1.05152],17.7293[1.05362],17.6996[1.04935],88,0_39
Pref0,0.91925[0.193273],0.924587[0.1874],0.914244[0.198494],88,0_39
Signal0,1[0],1[0],1[0],88,0_39
Hybridindex,17.7975[1.04821],17.7785[1.05238],17.8158[1.04384],89,0_39
Pref0,0.91375[0.197322],0.90835[0.199928],0.918959[0.194634],89,0_39
Signal0,1[0],1[0],1[0],89,0_39
Hybridindex,17.8283[1.04768],17.8073[1.01432],17.8494[1.07985],90,0_39
Pref0,0.91475[0.196488],0.905876[0.205394],0.923695[0.186655],90,0_39
Signal0,1[0],1[0],1[0],90,0_39
Hybridindex,17.8352[1.06629],17.813[1.06551],17.8582[1.06662],91,0_39
Pref0,0.91875[0.191111],0.918307[0.191398],0.919207[0.190813],91,0_39
Signal0,1[0],1[0],1[0],91,0_39
Hybridindex,17.8158[1.06015],17.8209[1.05777],17.8109[1.06237],92,0_39
Pref0,0.9105[0.201841],0.913313[0.198597],0.907856[0.204807],92,0_39
Signal0,1[0],1[0],1[0],92,0_39
Hybridindex,17.8287[1.05679],17.8352[1.07922],17.8228[1.03565],93,0_39
Pref0,0.91175[0.201462],0.911887[0.202447],0.911623[0.20055],93,0_39
Signal0,1[0],1[0],1[0],93,0_39
Hybridindex,17.8483[1.07406],17.8306[1.11638],17.8652[1.03147],94,0_39
Pref0,0.91275[0.201277],0.916327[0.198563],0.909314[0.203791],94,0_39
Signal0,1[0],1[0],1[0],94,0_39
Hybridindex,17.8788[1.05838],17.8835[1.03041],17.874[1.0854],95,0_39
Pref0,0.91325[0.197736],0.904116[0.208005],0.922311[0.18655],95,0_39
Signal0,1[0],1[0],1[0],95,0_39
Hybridindex,17.8867[1.05939],17.9302[1.04067],17.8424[1.07634],96,0_39
Pref0,0.91475[0.195851],0.906931[0.204532],0.922727[0.18624],96,0_39
Signal0,1[0],1[0],1[0],96,0_39
Hybridindex,17.8908[1.07025],17.8873[1.0449],17.8943[1.09535],97,0_39
Pref0,0.91525[0.194145],0.913108[0.195904],0.917422[0.192321],97,0_39
Signal0,1[0],1[0],1[0],97,0_39
Hybridindex,17.9002[1.0665],17.9468[1.06689],17.8549[1.06416],98,0_39
Pref0,0.911[0.198945],0.906788[0.203626],0.915104[0.194187],98,0_39
Signal0,1[0],1[0],1[0],98,0_39
Hybridindex,17.9292[1.04337],17.9284[1.04634],17.9301[1.04041],99,0_39
Pref0,0.91125[0.204324],0.913327[0.206974],0.909182[0.201629],99,0_39
Signal0,1[0],1[0],1[0],99,0_39
Hybridindex,17.9675[1.03196],18.0103[1.02686],17.9228[1.03538],100,0_39
Pref0,0.9165[0.197554],0.915362[0.198893],0.917689[0.196139],100,0_39
Signal0,1[0],1[0],1[0],100,0_39
Hybridindex,12.57[8.12374],12.8454[8.09396],12.3107[8.14317],1,0_4
Pref0,0.6285[0.406187],0.642268[0.404698],0.615534[0.407159],1,0_4
Signal0,0.6285[0.406187],0.642268[0.404698],0.615534[0.407159],1,0_4
Hybridindex,15.2613[5.87215],15.2738[5.86555],15.249[5.87853],2,0_4
Pref0,0.7615[0.326141],0.766227[0.325342],0.756903[0.32685],2,0_4
Signal0,0.75625[0.326284],0.760649[0.324011],0.751972[0.328422],2,0_4
Hybridindex,16.905[3.80319],17.0686[3.69521],16.7466[3.89838],3,0_4
Pref0,0.84675[0.259113],0.85315[0.255091],0.840551[0.262801],3,0_4
Signal0,0.865[0.244489],0.869411[0.239557],0.860728[0.249099],3,0_4
Hybridindex,17.4552[2.62923],17.4221[2.67751],17.4881[2.58013],4,0_4
Pref0,0.87625[0.234651],0.879397[0.235168],0.873134[0.234095],4,0_4
Signal0,0.92875[0.176914],0.929648[0.175297],0.927861[0.178495],4,0_4
Hybridindex,17.618[1.97954],17.5632[1.9354],17.675[2.02289],5,0_4
Pref0,0.87725[0.23304],0.877451[0.233644],0.877041[0.232408],5,0_4
Signal0,0.96175[0.135691],0.963235[0.132367],0.960204[0.139049],5,0_4
Hybridindex,17.6035[1.69567],17.6221[1.65888],17.5838[1.73351],6,0_4
Pref0,0.87075[0.234349],0.868191[0.236277],0.873457[0.232262],6,0_4
Signal0,0.97475[0.110623],0.975195[0.10857],0.97428[0.112752],6,0_4
Hybridindex,17.658[1.51378],17.6012[1.50776],17.7146[1.51765],7,0_4
Pref0,0.8695[0.240249],0.872244[0.238904],0.866766[0.24155],7,0_4
Signal0,0.98675[0.0803084],0.987475[0.0781386],0.986028[0.0824064],7,0_4
Hybridindex,17.6403[1.43734],17.6153[1.47454],17.665[1.39895],8,0_4
Pref0,0.87825[0.229787],0.882146[0.225954],0.874377[0.233469],8,0_4
Signal0,0.99025[0.0691371],0.990471[0.068363],0.99003[0.0698974],8,0_4
Hybridindex,17.6365[1.38722],17.631[1.41292],17.6418[1.36199],9,0_4
Pref0,0.8795[0.231257],0.877676[0.233139],0.881256[0.229417],9,0_4
Signal0,0.994[0.0544426],0.992355[0.0613529],0.995584[0.0467819],9,0_4
Hybridindex,17.6345[1.36653],17.6226[1.40156],17.6463[1.33084],10,0_4
Pref0,0.879[0.229911],0.877387[0.227597],0.880597[0.232168],10,0_4
Signal0,0.99775[0.0334655],0.998492[0.0274134],0.997015[0.0385179],10,0_4
Hybridindex,17.6385[1.32215],17.6532[1.29449],17.6229[1.35061],11,0_4
Pref0,0.88075[0.227825],0.874027[0.232221],0.88786[0.222862],11,0_4
Signal0,0.9985[0.027345],0.999027[0.0220326],0.997942[0.0320089],11,0_4
Hybridindex,17.6857[1.31885],17.6921[1.31889],17.6797[1.31879],12,0_4
Pref0,0.8845[0.219453],0.881148[0.219941],0.887695[0.21894],12,0_4
Signal0,0.99925[0.0193504],0.999488[0.0159964],0.999023[0.0220755],12,0_4
Hybridindex,17.6412[1.28401],17.646[1.25737],17.6363[1.31135],13,0_4
Pref0,0.88525[0.22407],0.891602[0.217559],0.878586[0.230516],13,0_4
Signal0,0.9995[0.0158035],0.999512[0.0156174],0.999488[0.0159964],13,0_4
Hybridindex,17.6913[1.23341],17.679[1.22712],17.704[1.23975],14,0_4
Pref0,0.8935[0.212504],0.89528[0.208231],0.891658[0.21682],14,0_4
Signal0,0.999[0.0223383],0.999508[0.015671],0.998474[0.0275797],14,0_4
Hybridindex,17.6305[1.25318],17.64[1.2382],17.6207[1.26833],15,0_4
Pref0,0.90175[0.207297],0.897929[0.211097],0.90568[0.20324],15,0_4
Signal0,0.9985[0.027345],0.999507[0.0156941],0.997465[0.0355151],15,0_4
Hybridindex,17.6262[1.26063],17.6104[1.25438],17.6421[1.26666],16,0_4
Pref0,0.9015[0.21047],0.903596[0.214246],0.899399[0.206597],16,0_4
Signal0,0.99875[0.0249687],0.999001[0.0223272],0.998498[0.0273587],16,0_4
Hybridindex,17.633[1.26137],17.631[1.23346],17.635[1.28788],17,0_4
Pref0,0.9[0.21095],0.900508[0.209543],0.899507[0.212306],17,0_4
Signal0,0.99975[0.0111775],0.999492[0.0159232],1[0],17,0_4
Hybridindex,17.6187[1.26096],17.5983[1.25635],17.6393[1.26524],18,0_4
Pref0,0.888[0.223508],0.878743[0.233256],0.897295[0.212869],18,0_4
Signal0,1[0],1[0],1[0],18,0_4
Hybridindex,17.609[1.25474],17.5912[1.26179],17.6269[1.24734],19,0_4
Pref0,0.878[0.231011],0.875872[0.234799],0.88014[0.227116],19,0_4
Signal0,1[0],1[0],1[0],19,0_4
Hybridindex,17.5965[1.24074],17.5874[1.26851],17.6051[1.21384],20,0_4
Pref0,0.88[0.22383],0.872428[0.227215],0.88716[0.220343],20,0_4
Signal0,1[0],1[0],1[0],20,0_4
Hybridindex,17.6142[1.23565],17.6051[1.22786],17.6235[1.24338],21,0_4
Pref0,0.881[0.229867],0.879482[0.231738],0.88253[0.227956],21,0_4
Signal0,1[0],1[0],1[0],21,0_4
Hybridindex,17.6208[1.19898],17.6291[1.1951],17.6124[1.20277],22,0_4
Pref0,0.87425[0.238876],0.878378[0.23881],0.87013[0.238872],22,0_4
Signal0,1[0],1[0],1[0],22,0_4
Hybridindex,17.6483[1.18718],17.6351[1.18271],17.6616[1.19157],23,0_4
Pref0,0.8775[0.230204],0.866832[0.238267],0.888384[0.221146],23,0_4
Signal0,1[0],1[0],1[0],23,0_4
Hybridindex,17.6702[1.20515],17.7152[1.17712],17.6286[1.2291],24,0_4
Pref0,0.883[0.228169],0.888254[0.223926],0.878131[0.231926],24,0_4
Signal0,1[0],1[0],1[0],24,0_4
Hybridindex,17.5888[1.18722],17.5677[1.21233],17.6091[1.16208],25,0_4
Pref0,0.8895[0.224254],0.885046[0.231124],0.893805[0.21732],25,0_4
Signal0,1[0],1[0],1[0],25,0_4
Hybridindex,17.557[1.20986],17.5385[1.24381],17.5764[1.17279],26,0_4
Pref0,0.89175[0.218305],0.89561[0.214886],0.887692[0.22177],26,0_4
Signal0,1[0],1[0],1[0],26,0_4
Hybridindex,17.523[1.19288],17.4548[1.18717],17.5892[1.19468],27,0_4
Pref0,0.89725[0.216373],0.892386[0.22325],0.90197[0.209376],27,0_4
Signal0,1[0],1[0],1[0],27,0_4
Hybridindex,17.4845[1.23673],17.501[1.19045],17.4685[1.27976],28,0_4
Pref0,0.883[0.228716],0.884146[0.228313],0.88189[0.2291],28,0_4
Signal0,1[0],1[0],1[0],28,0_4
Hybridindex,17.5095[1.23051],17.488[1.26703],17.533[1.18883],29,0_4
Pref0,0.879[0.23315],0.872249[0.240006],0.886387[0.225177],29,0_4
Signal0,1[0],1[0],1[0],29,0_4
Hybridindex,17.5265[1.23331],17.529[1.22624],17.524[1.24032],30,0_4
Pref0,0.87525[0.230895],0.866867[0.237381],0.883616[0.223922],30,0_4
Signal0,1[0],1[0],1[0],30,0_4
Hybridindex,17.5323[1.22549],17.5245[1.24641],17.5401[1.20407],31,0_4
Pref0,0.875[0.240572],0.876248[0.241945],0.873747[0.239179],31,0_4
Signal0,1[0],1[0],1[0],31,0_4
Hybridindex,17.5502[1.18758],17.5479[1.15944],17.5525[1.21406],32,0_4
Pref0,0.87425[0.236774],0.883282[0.233281],0.865554[0.239768],32,0_4
Signal0,1[0],1[0],1[0],32,0_4
Hybridindex,17.559[1.17538],17.5415[1.1728],17.5756[1.17759],33,0_4
Pref0,0.871[0.234753],0.872821[0.235839],0.869268[0.233702],33,0_4
Signal0,1[0],1[0],1[0],33,0_4
Hybridindex,17.542[1.20041],17.5823[1.20932],17.501[1.18988],34,0_4
Pref0,0.86675[0.239519],0.863095[0.245206],0.870464[0.23354],34,0_4
Signal0,1[0],1[0],1[0],34,0_4
Hybridindex,17.5212[1.21898],17.4975[1.20289],17.5443[1.23396],35,0_4
Pref0,0.86925[0.239853],0.863959[0.247363],0.874384[0.232218],35,0_4
Signal0,1[0],1[0],1[0],35,0_4
Hybridindex,17.5807[1.17244],17.5702[1.15969],17.5916[1.18525],36,0_4
Pref0,0.86875[0.233235],0.868083[0.234477],0.869433[0.231954],36,0_4
Signal0,1[0],1[0],1[0],36,0_4
Hybridindex,17.5993[1.16234],17.5895[1.16902],17.6092[1.15537],37,0_4
Pref0,0.874[0.230486],0.864985[0.23707],0.883215[0.22318],37,0_4
Signal0,1[0],1[0],1[0],37,0_4
Hybridindex,17.5933[1.15236],17.6085[1.09347],17.5772[1.21132],38,0_4
Pref0,0.86875[0.247282],0.871109[0.247894],0.866255[0.246609],38,0_4
Signal0,1[0],1[0],1[0],38,0_4
Hybridindex,17.54[1.18243],17.5066[1.20251],17.5719[1.16201],39,0_4
Pref0,0.86375[0.241994],0.869121[0.237677],0.858611[0.245944],39,0_4
Signal0,1[0],1[0],1[0],39,0_4
Hybridindex,17.508[1.18835],17.4887[1.18778],17.528[1.18862],40,0_4
Pref0,0.8635[0.242627],0.861629[0.238555],0.865443[0.24677],40,0_4
Signal0,1[0],1[0],1[0],40,0_4
Hybridindex,17.462[1.23726],17.4846[1.29356],17.4407[1.18128],41,0_4
Pref0,0.86575[0.238436],0.861483[0.240407],0.869776[0.236491],41,0_4
Signal0,1[0],1[0],1[0],41,0_4
Hybridindex,17.4722[1.20524],17.4757[1.17843],17.4688[1.23089],42,0_4
Pref0,0.85875[0.248844],0.863498[0.247479],0.854105[0.250085],42,0_4
Signal0,1[0],1[0],1[0],42,0_4
Hybridindex,17.509[1.22103],17.5484[1.17022],17.4726[1.26513],43,0_4
Pref0,0.85875[0.249346],0.863163[0.246212],0.854668[0.252142],43,0_4
Signal0,1[0],1[0],1[0],43,0_4
Hybridindex,17.5098[1.19511],17.5068[1.2096],17.5129[1.17945],44,0_4
Pref0,0.85625[0.246903],0.858527[0.246772],0.853822[0.247019],44,0_4
Signal0,1[0],1[0],1[0],44,0_4
Hybridindex,17.525[1.18084],17.5045[1.17483],17.5455[1.18646],45,0_4
Pref0,0.84975[0.2496],0.852[0.247176],0.8475[0.25198],45,0_4
Signal0,1[0],1[0],1[0],45,0_4
Hybridindex,17.497[1.19006],17.4521[1.19621],17.5421[1.18213],46,0_4
Pref0,0.84825[0.255141],0.83998[0.260506],0.85657[0.249351],46,0_4
Signal0,1[0],1[0],1[0],46,0_4
Hybridindex,17.5038[1.18231],17.4985[1.19953],17.509[1.16475],47,0_4
Pref0,0.84875[0.253965],0.850798[0.250637],0.846693[0.257248],47,0_4
Signal0,1[0],1[0],1[0],47,0_4
Hybridindex,17.4608[1.19314],17.5[1.19378],17.4224[1.19127],48,0_4
Pref0,0.8525[0.251483],0.853745[0.251747],0.851285[0.251219],48,0_4
Signal0,1[0],1[0],1[0],48,0_4
Hybridindex,17.423[1.20875],17.4206[1.18343],17.4253[1.23267],49,0_4
Pref0,0.8495[0.256124],0.85387[0.250824],0.845285[0.261066],49,0_4
Signal0,1[0],1[0],1[0],49,0_4
Hybridindex,17.446[1.21092],17.4289[1.21776],17.463[1.20382],50,0_4
Pref0,0.85025[0.254362],0.853854[0.25343],0.846653[0.255237],50,0_4
Signal0,1[0],1[0],1[0],50,0_4
Hybridindex,17.4503[1.22644],17.4404[1.23025],17.4597[1.22268],51,0_4
Pref0,0.84875[0.246979],0.846741[0.249612],0.850688[0.244396],51,0_4
Signal0,1[0],1[0],1[0],51,0_4
Hybridindex,17.44[1.2297],17.4617[1.21797],17.4193[1.24046],52,0_4
Pref0,0.85425[0.248258],0.859918[0.243124],0.848826[0.252954],52,0_4
Signal0,1[0],1[0],1[0],52,0_4
Hybridindex,17.462[1.20512],17.4759[1.22558],17.4493[1.18597],53,0_4
Pref0,0.85975[0.243834],0.862304[0.242463],0.857416[0.245056],53,0_4
Signal0,1[0],1[0],1[0],53,0_4
Hybridindex,17.4698[1.18087],17.4651[1.17068],17.4743[1.19072],54,0_4
Pref0,0.85575[0.249634],0.84919[0.252577],0.862154[0.246558],54,0_4
Signal0,1[0],1[0],1[0],54,0_4
Hybridindex,17.4825[1.17747],17.4663[1.16597],17.499[1.18883],55,0_4
Pref0,0.8555[0.252725],0.85119[0.258158],0.859879[0.247005],55,0_4
Signal0,1[0],1[0],1[0],55,0_4
Hybridindex,17.4995[1.1578],17.5268[1.15173],17.4718[1.16326],56,0_4
Pref0,0.856[0.245996],0.858987[0.243028],0.852971[0.248933],56,0_4
Signal0,1[0],1[0],1[0],56,0_4
Hybridindex,17.4955[1.18858],17.4737[1.20455],17.5176[1.17172],57,0_4
Pref0,0.84125[0.254801],0.83879[0.257917],0.84375[0.25157],57,0_4
Signal0,1[0],1[0],1[0],57,0_4
Hybridindex,17.537[1.17967],17.5302[1.17528],17.5444[1.18439],58,0_4
Pref0,0.852[0.248689],0.851727[0.248492],0.852296[0.248901],58,0_4
Signal0,1[0],1[0],1[0],58,0_4
Hybridindex,17.5237[1.17146],17.5224[1.18996],17.525[1.15333],59,0_4
Pref0,0.8545[0.251157],0.848269[0.254075],0.860511[0.248161],59,0_4
Signal0,1[0],1[0],1[0],59,0_4
Hybridindex,17.5105[1.15169],17.5179[1.16532],17.5026[1.13693],60,0_4
Pref0,0.854[0.252357],0.853198[0.252908],0.854855[0.251765],60,0_4
Signal0,1[0],1[0],1[0],60,0_4
Hybridindex,17.504[1.15347],17.4834[1.14145],17.5243[1.16482],61,0_4
Pref0,0.846[0.250567],0.840222[0.25583],0.851687[0.245146],61,0_4
Signal0,1[0],1[0],1[0],61,0_4
Hybridindex,17.516[1.14717],17.5177[1.1586],17.5142[1.13521],62,0_4
Pref0,0.85075[0.251196],0.853491[0.255076],0.847915[0.247085],62,0_4
Signal0,1[0],1[0],1[0],62,0_4
Hybridindex,17.5323[1.12131],17.5189[1.11582],17.5451[1.12642],63,0_4
Pref0,0.85725[0.24647],0.853721[0.248869],0.860648[0.24409],63,0_4
Signal0,1[0],1[0],1[0],63,0_4
Hybridindex,17.5532[1.1523],17.5481[1.1481],17.5583[1.15643],64,0_4
Pref0,0.85675[0.248202],0.848546[0.25559],0.864905[0.240357],64,0_4
Signal0,1[0],1[0],1[0],64,0_4
Hybridindex,17.5495[1.12163],17.5504[1.11113],17.5486[1.13228],65,0_4
Pref0,0.84775[0.257284],0.833498[0.267092],0.862348[0.245978],65,0_4
Signal0,1[0],1[0],1[0],65,0_4
Hybridindex,17.6217[1.10343],17.6688[1.06493],17.5749[1.13855],66,0_4
Pref0,0.85375[0.249972],0.847695[0.249949],0.85978[0.249849],66,0_4
Signal0,1[0],1[0],1[0],66,0_4
Hybridindex,17.6303[1.1162],17.6246[1.15082],17.6361[1.07873],67,0_4
Pref0,0.85725[0.24849],0.857771[0.243299],0.856704[0.253811],67,0_4
Signal0,1[0],1[0],1[0],67,0_4
Hybridindex,17.6977[1.13964],17.6974[1.14379],17.6981[1.13531],68,0_4
Pref0,0.85925[0.247618],0.855599[0.25127],0.863035[0.243716],68,0_4
Signal0,1[0],1[0],1[0],68,0_4
Hybridindex,17.7055[1.11692],17.7003[1.11304],17.7107[1.12078],69,0_4
Pref0,0.86075[0.246444],0.85964[0.244887],0.861862[0.247989],69,0_4
Signal0,1[0],1[0],1[0],69,0_4
Hybridindex,17.7045[1.12902],17.7386[1.10341],17.6716[1.15227],70,0_4
Pref0,0.86225[0.240624],0.856562[0.247624],0.867748[0.233527],70,0_4
Signal0,1[0],1[0],1[0],70,0_4
Hybridindex,17.748[1.08628],17.7215[1.10508],17.7759[1.06544],71,0_4
Pref0,0.86725[0.236648],0.869268[0.23055],0.865128[0.242877],71,0_4
Signal0,1[0],1[0],1[0],71,0_4
Hybridindex,17.7327[1.06967],17.745[1.08231],17.7202[1.05648],72,0_4
Pref0,0.87[0.24259],0.869802[0.245007],0.870202[0.240099],72,0_4
Signal0,1[0],1[0],1[0],72,0_4
Hybridindex,17.718[1.10351],17.7117[1.10364],17.725[1.10331],73,0_4
Pref0,0.8615[0.247624],0.858706[0.248244],0.864594[0.246899],73,0_4
Signal0,1[0],1[0],1[0],73,0_4
Hybridindex,17.6807[1.07771],17.684[1.09323],17.6775[1.06229],74,0_4
Pref0,0.86875[0.239057],0.861476[0.247377],0.875865[0.230407],74,0_4
Signal0,1[0],1[0],1[0],74,0_4
Hybridindex,17.6445[1.08702],17.6205[1.07828],17.6683[1.09511],75,0_4
Pref0,0.87825[0.2276],0.878514[0.224727],0.877988[0.230415],75,0_4
Signal0,1[0],1[0],1[0],75,0_4
Hybridindex,17.6797[1.10457],17.7271[1.09808],17.6339[1.10888],76,0_4
Pref0,0.886[0.221368],0.88872[0.221012],0.883366[0.221681],76,0_4
Signal0,1[0],1[0],1[0],76,0_4
Hybridindex,17.685[1.11961],17.6799[1.13194],17.6898[1.10785],77,0_4
Pref0,0.89[0.218289],0.890722[0.215188],0.88932[0.221168],77,0_4
Signal0,1[0],1[0],1[0],77,0_4
Hybridindex,17.668[1.17283],17.7344[1.15894],17.6083[1.18199],78,0_4
Pref0,0.882[0.228749],0.87434[0.236675],0.888889[0.221151],78,0_4
Signal0,1[0],1[0],1[0],78,0_4
Hybridindex,17.682[1.13275],17.6189[1.16517],17.7402[1.09884],79,0_4
Pref0,0.89075[0.222911],0.90146[0.211598],0.880884[0.232411],79,0_4
Signal0,1[0],1[0],1[0],79,0_4
Hybridindex,17.6475[1.11018],17.6573[1.11917],17.6372[1.10052],80,0_4
Pref0,0.889[0.218355],0.893379[0.212957],0.884378[0.223819],80,0_4
Signal0,1[0],1[0],1[0],80,0_4
Hybridindex,17.6683[1.12841],17.6484[1.11071],17.6868[1.14443],81,0_4
Pref0,0.892[0.220989],0.895036[0.214751],0.889158[0.226635],81,0_4
Signal0,1[0],1[0],1[0],81,0_4
Hybridindex,17.6262[1.12935],17.6598[1.0861],17.5918[1.17117],82,0_4
Pref0,0.89825[0.213359],0.893491[0.216428],0.903144[0.210043],82,0_4
Signal0,1[0],1[0],1[0],82,0_4
Hybridindex,17.6582[1.12942],17.6708[1.12845],17.6454[1.13026],83,0_4
Pref0,0.8905[0.221381],0.898322[0.211997],0.882472[0.23034],83,0_4
Signal0,1[0],1[0],1[0],83,0_4
Hybridindex,17.6343[1.11248],17.6099[1.12893],17.6575[1.096],84,0_4
Pref0,0.88525[0.226291],0.877301[0.231197],0.892857[0.221226],84,0_4
Signal0,1[0],1[0],1[0],84,0_4
Hybridindex,17.6077[1.11681],17.5856[1.15001],17.6324[1.07823],85,0_4
Pref0,0.8775[0.233439],0.881654[0.233822],0.87289[0.232926],85,0_4
Signal0,1[0],1[0],1[0],85,0_4
Hybridindex,17.581[1.12581],17.587[1.11596],17.5748[1.13586],86,0_4
Pref0,0.88775[0.225887],0.886922[0.221721],0.888606[0.230114],86,0_4
Signal0,1[0],1[0],1[0],86,0_4
Hybridindex,17.5695[1.09757],17.5757[1.12187],17.5636[1.07378],87,0_4
Pref0,0.88525[0.227942],0.895194[0.216892],0.875734[0.237646],87,0_4
Signal0,1[0],1[0],1[0],87,0_4
Hybridindex,17.541[1.14108],17.5116[1.15221],17.5701[1.12923],88,0_4
Pref0,0.88175[0.226146],0.882294[0.224792],0.881213[0.227474],88,0_4
Signal0,1[0],1[0],1[0],88,0_4
Hybridindex,17.5778[1.13659],17.5479[1.1306],17.609[1.14199],89,0_4
Pref0,0.8865[0.225539],0.882698[0.228523],0.890481[0.222302],89,0_4
Signal0,1[0],1[0],1[0],89,0_4
Hybridindex,17.5995[1.13759],17.5752[1.12751],17.6253[1.14762],90,0_4
Pref0,0.884[0.221459],0.887379[0.21908],0.880412[0.223901],90,0_4
Signal0,1[0],1[0],1[0],90,0_4
Hybridindex,17.5727[1.1335],17.5605[1.12304],17.5856[1.14426],91,0_4
Pref0,0.8725[0.233439],0.87122[0.234783],0.873846[0.23201],91,0_4
Signal0,1[0],1[0],1[0],91,0_4
Hybridindex,17.6005[1.1353],17.6292[1.15573],17.5708[1.11294],92,0_4
Pref0,0.871[0.238451],0.876228[0.234342],0.86558[0.242519],92,0_4
Signal0,1[0],1[0],1[0],92,0_4
Hybridindex,17.5805[1.11064],17.6378[1.07527],17.5213[1.143],93,0_4
Pref0,0.875[0.23372],0.884843[0.22629],0.864837[0.240729],93,0_4
Signal0,1[0],1[0],1[0],93,0_4
Hybridindex,17.598[1.09483],17.6075[1.1091],17.5882[1.07971],94,0_4
Pref0,0.8665[0.237545],0.866536[0.238265],0.866463[0.236795],94,0_4
Signal0,1[0],1[0],1[0],94,0_4
Hybridindex,17.5745[1.08947],17.576[1.11002],17.573[1.06883],95,0_4
Pref0,0.86825[0.238258],0.869587[0.240345],0.866931[0.236174],95,0_4
Signal0,1[0],1[0],1[0],95,0_4
Hybridindex,17.558[1.11272],17.5437[1.11355],17.5728[1.11166],96,0_4
Pref0,0.86325[0.247335],0.859528[0.250564],0.867108[0.243882],96,0_4
Signal0,1[0],1[0],1[0],96,0_4
Hybridindex,17.557[1.10826],17.5247[1.11113],17.5903[1.10433],97,0_4
Pref0,0.86975[0.234862],0.880671[0.227674],0.858519[0.241516],97,0_4
Signal0,1[0],1[0],1[0],97,0_4
Hybridindex,17.5045[1.10022],17.509[1.10475],17.5[1.09563],98,0_4
Pref0,0.866[0.235678],0.859281[0.24092],0.872745[0.230097],98,0_4
Signal0,1[0],1[0],1[0],98,0_4
Hybridindex,17.5003[1.14176],17.4805[1.1642],17.52[1.11853],99,0_4
Pref0,0.86525[0.2418],0.866[0.24299],0.8645[0.240603],99,0_4
Signal0,1[0],1[0],1[0],99,0_4
Hybridindex,17.4703[1.12572],17.4294[1.15545],17.5104[1.09424],100,0_4
Pref0,0.8795[0.22634],0.870838[0.234439],0.888008[0.217757],100,0_4
Signal0,1[0],1[0],1[0],100,0_4
Hybridindex,12.525[8.21428],12.444[8.32967],12.6031[8.10065],1,0_40
Pref0,0.62625[0.410714],0.6222[0.416483],0.630157[0.405032],1,0_40
Signal0,0.62625[0.410714],0.6222[0.416483],0.630157[0.405032],1,0_40
Hybridindex,15.2993[5.94052],15.1596[5.90735],15.4415[5.97076],2,0_40
Pref0,0.76525[0.330556],0.759663[0.328628],0.770938[0.332412],2,0_40
Signal0,0.7705[0.328374],0.759663[0.329381],0.781534[0.326978],2,0_40
Hybridindex,16.8777[3.79245],17.0015[3.63211],16.752[3.94474],3,0_40
Pref0,0.84375[0.264973],0.845238[0.259458],0.842238[0.270454],3,0_40
Signal0,0.878[0.234768],0.881448[0.233765],0.874496[0.235731],3,0_40
Hybridindex,17.3747[2.64593],17.4186[2.57593],17.3285[2.71695],4,0_40
Pref0,0.8745[0.240312],0.873782[0.241633],0.875257[0.238909],4,0_40
Signal0,0.934[0.171447],0.933723[0.172396],0.934292[0.17044],4,0_40
Hybridindex,17.5312[2.04686],17.5516[2.0192],17.5098[2.07544],5,0_40
Pref0,0.883[0.231432],0.882181[0.23193],0.883864[0.230903],5,0_40
Signal0,0.968[0.123394],0.968841[0.122863],0.967112[0.123945],5,0_40
Hybridindex,17.5817[1.75227],17.6006[1.73232],17.5631[1.77156],6,0_40
Pref0,0.88525[0.222952],0.887827[0.216852],0.882704[0.22879],6,0_40
Signal0,0.9855[0.0839032],0.987928[0.0767494],0.983101[0.0903534],6,0_40
Hybridindex,17.5907[1.59488],17.6[1.58041],17.5814[1.6093],7,0_40
Pref0,0.88175[0.229438],0.881095[0.230813],0.882412[0.22804],7,0_40
Signal0,0.99175[0.0636941],0.99204[0.0625838],0.991457[0.0647949],7,0_40
Hybridindex,17.5575[1.50862],17.5257[1.53506],17.59[1.4804],8,0_40
Pref0,0.88[0.229347],0.867953[0.237698],0.892315[0.219802],8,0_40
Signal0,0.995[0.0497494],0.996044[0.0443011],0.993933[0.0547409],8,0_40
Hybridindex,17.5407[1.47104],17.5612[1.47968],17.5194[1.46168],9,0_40
Pref0,0.88475[0.224371],0.883448[0.228117],0.886108[0.220388],9,0_40
Signal0,0.99725[0.0369789],0.998041[0.0312345],0.996425[0.0421279],9,0_40
Hybridindex,17.5403[1.4073],17.495[1.40549],17.5852[1.40766],10,0_40
Pref0,0.88475[0.224928],0.88666[0.226598],0.882851[0.223239],10,0_40
Signal0,0.99825[0.0295286],0.997994[0.0316067],0.998504[0.0273042],10,0_40
Hybridindex,17.558[1.35652],17.5757[1.3416],17.5413[1.37024],11,0_40
Pref0,0.892[0.222117],0.893409[0.220518],0.890671[0.223608],11,0_40
Signal0,0.99975[0.0111775],1[0],0.999514[0.0155794],11,0_40
Hybridindex,17.5495[1.34259],17.5413[1.34507],17.557[1.34027],12,0_40
Pref0,0.89675[0.216135],0.906381[0.212996],0.887931[0.218599],12,0_40
Signal0,1[0],1[0],1[0],12,0_40
Hybridindex,17.5245[1.31706],17.5344[1.30764],17.5145[1.32639],13,0_40
Pref0,0.89925[0.212072],0.892323[0.219605],0.906219[0.203976],13,0_40
Signal0,1[0],1[0],1[0],13,0_40
Hybridindex,17.5225[1.35111],17.5397[1.31259],17.5046[1.38976],14,0_40
Pref0,0.89925[0.213247],0.903337[0.209511],0.895005[0.216979],14,0_40
Signal0,1[0],1[0],1[0],14,0_40
Hybridindex,17.4965[1.31339],17.472[1.31867],17.5219[1.30742],15,0_40
Pref0,0.901[0.212012],0.901672[0.213062],0.900305[0.210917],15,0_40
Signal0,1[0],1[0],1[0],15,0_40
Hybridindex,17.466[1.29994],17.4639[1.26532],17.4678[1.33006],16,0_40
Pref0,0.9025[0.212706],0.907741[0.204596],0.897824[0.219583],16,0_40
Signal0,1[0],1[0],1[0],16,0_40
Hybridindex,17.3987[1.31182],17.4048[1.33253],17.3929[1.2913],17,0_40
Pref0,0.8995[0.213072],0.897163[0.215442],0.901777[0.210712],17,0_40
Signal0,1[0],1[0],1[0],17,0_40
Hybridindex,17.4375[1.30186],17.499[1.29119],17.3776[1.3094],18,0_40
Pref0,0.899[0.216908],0.907295[0.209374],0.890918[0.223709],18,0_40
Signal0,1[0],1[0],1[0],18,0_40
Hybridindex,17.4265[1.29339],17.494[1.28664],17.3594[1.29659],19,0_40
Pref0,0.8995[0.205912],0.895687[0.209243],0.90329[0.202475],19,0_40
Signal0,1[0],1[0],1[0],19,0_40
Hybridindex,17.3897[1.28966],17.3786[1.29933],17.4006[1.28013],20,0_40
Pref0,0.8935[0.213677],0.897358[0.209367],0.889764[0.217704],20,0_40
Signal0,1[0],1[0],1[0],20,0_40
Hybridindex,17.4305[1.30064],17.4018[1.30917],17.4594[1.29136],21,0_40
Pref0,0.89575[0.216234],0.897807[0.217103],0.893681[0.215335],21,0_40
Signal0,1[0],1[0],1[0],21,0_40
Hybridindex,17.4725[1.27563],17.4888[1.28507],17.4569[1.26631],22,0_40
Pref0,0.89925[0.213833],0.895408[0.216723],0.902941[0.210953],22,0_40
Signal0,1[0],1[0],1[0],22,0_40
Hybridindex,17.5023[1.27117],17.5127[1.27574],17.4921[1.26664],23,0_40
Pref0,0.89675[0.216713],0.899492[0.212669],0.894089[0.220533],23,0_40
Signal0,1[0],1[0],1[0],23,0_40
Hybridindex,17.5595[1.25058],17.6013[1.24974],17.5175[1.25003],24,0_40
Pref0,0.8985[0.212009],0.903693[0.210636],0.893287[0.213251],24,0_40
Signal0,1[0],1[0],1[0],24,0_40
Hybridindex,17.5138[1.21673],17.5113[1.21793],17.5162[1.21549],25,0_40
Pref0,0.8985[0.214937],0.900888[0.21481],0.896045[0.215039],25,0_40
Signal0,1[0],1[0],1[0],25,0_40
Hybridindex,17.5105[1.24203],17.4927[1.23454],17.5292[1.24958],26,0_40
Pref0,0.896[0.211976],0.892195[0.216034],0.9[0.20755],26,0_40
Signal0,1[0],1[0],1[0],26,0_40
Hybridindex,17.5227[1.23059],17.6059[1.19568],17.4448[1.25748],27,0_40
Pref0,0.89525[0.213664],0.89876[0.210956],0.891957[0.216122],27,0_40
Signal0,1[0],1[0],1[0],27,0_40
Hybridindex,17.497[1.21016],17.5068[1.20147],17.4865[1.21936],28,0_40
Pref0,0.90375[0.204599],0.90839[0.200763],0.898754[0.208537],28,0_40
Signal0,1[0],1[0],1[0],28,0_40
Hybridindex,17.4745[1.24232],17.442[1.2435],17.5064[1.24032],29,0_40
Pref0,0.90125[0.208263],0.89869[0.211962],0.90377[0.204526],29,0_40
Signal0,1[0],1[0],1[0],29,0_40
Hybridindex,17.4892[1.23512],17.5029[1.27114],17.475[1.19638],30,0_40
Pref0,0.89925[0.217312],0.902846[0.214494],0.895515[0.220139],30,0_40
Signal0,1[0],1[0],1[0],30,0_40
Hybridindex,17.5078[1.24502],17.5165[1.23975],17.499[1.2502],31,0_40
Pref0,0.90275[0.210161],0.901[0.210236],0.9045[0.210071],31,0_40
Signal0,1[0],1[0],1[0],31,0_40
Hybridindex,17.4763[1.24732],17.5091[1.21229],17.444[1.27998],32,0_40
Pref0,0.89975[0.216391],0.90111[0.210254],0.898414[0.222245],32,0_40
Signal0,1[0],1[0],1[0],32,0_40
Hybridindex,17.4793[1.19737],17.5272[1.18826],17.4321[1.20439],33,0_40
Pref0,0.89975[0.209344],0.908678[0.202121],0.890981[0.215844],33,0_40
Signal0,1[0],1[0],1[0],33,0_40
Hybridindex,17.4788[1.20465],17.4788[1.18821],17.4787[1.2206],34,0_40
Pref0,0.89475[0.215749],0.886593[0.221094],0.902778[0.210046],34,0_40
Signal0,1[0],1[0],1[0],34,0_40
Hybridindex,17.4825[1.20714],17.5231[1.1843],17.4404[1.22901],35,0_40
Pref0,0.89125[0.2192],0.89107[0.214556],0.891437[0.223921],35,0_40
Signal0,1[0],1[0],1[0],35,0_40
Hybridindex,17.4928[1.18007],17.5039[1.18233],17.4812[1.17763],36,0_40
Pref0,0.89325[0.223001],0.890533[0.228297],0.896045[0.217385],36,0_40
Signal0,1[0],1[0],1[0],36,0_40
Hybridindex,17.5328[1.16428],17.5743[1.17058],17.4932[1.15686],37,0_40
Pref0,0.892[0.216993],0.882172[0.227355],0.901367[0.206198],37,0_40
Signal0,1[0],1[0],1[0],37,0_40
Hybridindex,17.5167[1.18958],17.5413[1.19198],17.4937[1.18686],38,0_40
Pref0,0.89675[0.216713],0.890496[0.218921],0.902616[0.214456],38,0_40
Signal0,1[0],1[0],1[0],38,0_40
Hybridindex,17.5182[1.20853],17.5218[1.23343],17.5146[1.18268],39,0_40
Pref0,0.90075[0.212778],0.897817[0.217022],0.90373[0.208335],39,0_40
Signal0,1[0],1[0],1[0],39,0_40
Hybridindex,17.5162[1.22836],17.51[1.21834],17.5224[1.2382],40,0_40
Pref0,0.9055[0.205718],0.898696[0.209523],0.912263[0.201636],40,0_40
Signal0,1[0],1[0],1[0],40,0_40
Hybridindex,17.4833[1.22764],17.4559[1.22304],17.5111[1.23168],41,0_40
Pref0,0.9025[0.20915],0.905847[0.208956],0.899092[0.209293],41,0_40
Signal0,1[0],1[0],1[0],41,0_40
Hybridindex,17.4475[1.27554],17.4199[1.28773],17.4734[1.26346],42,0_40
Pref0,0.9085[0.2028],0.910548[0.200858],0.906583[0.204583],42,0_40
Signal0,1[0],1[0],1[0],42,0_40
Hybridindex,17.423[1.24983],17.4073[1.25232],17.4386[1.24714],43,0_40
Pref0,0.919[0.193492],0.91483[0.200851],0.923154[0.185779],43,0_40
Signal0,1[0],1[0],1[0],43,0_40
Hybridindex,17.3915[1.24649],17.3907[1.23522],17.3923[1.25843],44,0_40
Pref0,0.9295[0.183793],0.931818[0.183832],0.927019[0.183718],44,0_40
Signal0,1[0],1[0],1[0],44,0_40
Hybridindex,17.3523[1.25551],17.3083[1.26051],17.3968[1.24883],45,0_40
Pref0,0.9275[0.183695],0.930487[0.181394],0.924471[0.18595],45,0_40
Signal0,1[0],1[0],1[0],45,0_40
Hybridindex,17.3912[1.23554],17.4054[1.21064],17.377[1.25997],46,0_40
Pref0,0.93125[0.182067],0.939741[0.171716],0.922691[0.191557],46,0_40
Signal0,1[0],1[0],1[0],46,0_40
Hybridindex,17.4[1.25966],17.379[1.25567],17.4205[1.26321],47,0_40
Pref0,0.927[0.182814],0.932186[0.175574],0.921937[0.189479],47,0_40
Signal0,1[0],1[0],1[0],47,0_40
Hybridindex,17.3882[1.23719],17.3762[1.25165],17.4008[1.22177],48,0_40
Pref0,0.926[0.187147],0.925636[0.188589],0.92638[0.185627],48,0_40
Signal0,1[0],1[0],1[0],48,0_40
Hybridindex,17.3992[1.2351],17.3903[1.22263],17.4086[1.24791],49,0_40
Pref0,0.92475[0.186982],0.927032[0.181985],0.92237[0.192027],49,0_40
Signal0,1[0],1[0],1[0],49,0_40
Hybridindex,17.409[1.24588],17.4198[1.22799],17.3988[1.26248],50,0_40
Pref0,0.92425[0.189438],0.927469[0.18324],0.921206[0.19507],50,0_40
Signal0,1[0],1[0],1[0],50,0_40
Hybridindex,17.4148[1.24874],17.3911[1.23325],17.4391[1.26405],51,0_40
Pref0,0.91675[0.196709],0.921675[0.193549],0.911675[0.199786],51,0_40
Signal0,1[0],1[0],1[0],51,0_40
Hybridindex,17.378[1.24474],17.3973[1.2439],17.3586[1.24528],52,0_40
Pref0,0.91825[0.192852],0.915254[0.197937],0.921264[0.187549],52,0_40
Signal0,1[0],1[0],1[0],52,0_40
Hybridindex,17.3475[1.2346],17.3684[1.2124],17.3259[1.25684],53,0_40
Pref0,0.921[0.18976],0.917485[0.197153],0.924644[0.181708],53,0_40
Signal0,1[0],1[0],1[0],53,0_40
Hybridindex,17.3513[1.22678],17.3429[1.26685],17.3597[1.18454],54,0_40
Pref0,0.92475[0.188315],0.924182[0.184777],0.925328[0.191848],54,0_40
Signal0,1[0],1[0],1[0],54,0_40
Hybridindex,17.3665[1.20143],17.3312[1.20461],17.4029[1.19704],55,0_40
Pref0,0.91775[0.192639],0.912894[0.198521],0.922764[0.186239],55,0_40
Signal0,1[0],1[0],1[0],55,0_40
Hybridindex,17.3315[1.19462],17.3599[1.17183],17.3017[1.21736],56,0_40
Pref0,0.917[0.197765],0.919922[0.189916],0.913934[0.205634],56,0_40
Signal0,1[0],1[0],1[0],56,0_40
Hybridindex,17.3227[1.20009],17.3003[1.16122],17.3458[1.23836],57,0_40
Pref0,0.9145[0.200474],0.916174[0.198303],0.912779[0.202667],57,0_40
Signal0,1[0],1[0],1[0],57,0_40
Hybridindex,17.362[1.18868],17.3819[1.19059],17.342[1.18642],58,0_40
Pref0,0.9235[0.186139],0.930708[0.177032],0.916249[0.194603],58,0_40
Signal0,1[0],1[0],1[0],58,0_40
Hybridindex,17.3605[1.21132],17.3449[1.22201],17.3768[1.19982],59,0_40
Pref0,0.92875[0.181792],0.931018[0.178016],0.92638[0.185627],59,0_40
Signal0,1[0],1[0],1[0],59,0_40
Hybridindex,17.3777[1.19161],17.3318[1.18874],17.422[1.19269],60,0_40
Pref0,0.93175[0.178092],0.933231[0.173048],0.930324[0.182806],60,0_40
Signal0,1[0],1[0],1[0],60,0_40
Hybridindex,17.3755[1.20156],17.3945[1.16937],17.3582[1.22988],61,0_40
Pref0,0.93775[0.170294],0.932844[0.176541],0.942216[0.164273],61,0_40
Signal0,1[0],1[0],1[0],61,0_40
Hybridindex,17.3717[1.15507],17.3431[1.16799],17.4001[1.14144],62,0_40
Pref0,0.937[0.170385],0.93662[0.169349],0.937376[0.171401],62,0_40
Signal0,1[0],1[0],1[0],62,0_40
Hybridindex,17.3708[1.2061],17.3472[1.21742],17.3947[1.194],63,0_40
Pref0,0.93725[0.169374],0.948413[0.152093],0.925907[0.184599],63,0_40
Signal0,1[0],1[0],1[0],63,0_40
Hybridindex,17.342[1.25341],17.3392[1.24272],17.345[1.26464],64,0_40
Pref0,0.9365[0.173112],0.932459[0.177872],0.940783[0.167814],64,0_40
Signal0,1[0],1[0],1[0],64,0_40
Hybridindex,17.3595[1.22322],17.3304[1.23424],17.3874[1.2119],65,0_40
Pref0,0.94125[0.164084],0.942799[0.162327],0.939765[0.165737],65,0_40
Signal0,1[0],1[0],1[0],65,0_40
Hybridindex,17.3592[1.21174],17.408[1.17306],17.3083[1.24885],66,0_40
Pref0,0.94675[0.160591],0.949119[0.155946],0.944274[0.165269],66,0_40
Signal0,1[0],1[0],1[0],66,0_40
Hybridindex,17.3535[1.21842],17.4051[1.20638],17.3001[1.22846],67,0_40
Pref0,0.9465[0.158549],0.945428[0.159032],0.947609[0.158039],67,0_40
Signal0,1[0],1[0],1[0],67,0_40
Hybridindex,17.3577[1.20536],17.3942[1.22905],17.3205[1.17949],68,0_40
Pref0,0.94375[0.161124],0.946093[0.15823],0.941355[0.163995],68,0_40
Signal0,1[0],1[0],1[0],68,0_40
Hybridindex,17.3932[1.18743],17.3578[1.21115],17.4279[1.16276],69,0_40
Pref0,0.942[0.166241],0.938765[0.171459],0.945158[0.160921],69,0_40
Signal0,1[0],1[0],1[0],69,0_40
Hybridindex,17.3863[1.15831],17.4282[1.13327],17.3458[1.18055],70,0_40
Pref0,0.9465[0.159335],0.944501[0.160274],0.948428[0.158401],70,0_40
Signal0,1[0],1[0],1[0],70,0_40
Hybridindex,17.417[1.16645],17.4367[1.1448],17.3975[1.18718],71,0_40
Pref0,0.9465[0.154557],0.946231[0.154898],0.946766[0.154218],71,0_40
Signal0,1[0],1[0],1[0],71,0_40
Hybridindex,17.413[1.14834],17.4153[1.16997],17.4106[1.12584],72,0_40
Pref0,0.95325[0.148961],0.947525[0.158016],0.959091[0.138874],72,0_40
Signal0,1[0],1[0],1[0],72,0_40
Hybridindex,17.4342[1.14118],17.4137[1.1489],17.4566[1.13229],73,0_40
Pref0,0.9485[0.155235],0.952061[0.150433],0.944619[0.160214],73,0_40
Signal0,1[0],1[0],1[0],73,0_40
Hybridindex,17.429[1.13763],17.4167[1.11177],17.4412[1.16259],74,0_40
Pref0,0.9485[0.155235],0.949799[0.155198],0.947211[0.15526],74,0_40
Signal0,1[0],1[0],1[0],74,0_40
Hybridindex,17.4495[1.14551],17.4392[1.1523],17.4599[1.13854],75,0_40
Pref0,0.947[0.161062],0.947159[0.158506],0.946841[0.163594],75,0_40
Signal0,1[0],1[0],1[0],75,0_40
Hybridindex,17.4208[1.15795],17.4079[1.17782],17.4333[1.13807],76,0_40
Pref0,0.94875[0.155719],0.952429[0.151791],0.945158[0.159378],76,0_40
Signal0,1[0],1[0],1[0],76,0_40
Hybridindex,17.3915[1.17664],17.4257[1.16487],17.3548[1.18806],77,0_40
Pref0,0.94975[0.154434],0.95029[0.152805],0.94917[0.156164],77,0_40
Signal0,1[0],1[0],1[0],77,0_40
Hybridindex,17.3592[1.18872],17.3877[1.19408],17.3301[1.18252],78,0_40
Pref0,0.94875[0.155719],0.944609[0.161589],0.952983[0.149362],78,0_40
Signal0,1[0],1[0],1[0],78,0_40
Hybridindex,17.4065[1.19604],17.4498[1.18283],17.3635[1.20747],79,0_40
Pref0,0.9455[0.160561],0.945281[0.160846],0.945717[0.160277],79,0_40
Signal0,1[0],1[0],1[0],79,0_40
Hybridindex,17.379[1.19305],17.3234[1.17736],17.4412[1.20732],80,0_40
Pref0,0.944[0.163138],0.938447[0.169946],0.950212[0.154933],80,0_40
Signal0,1[0],1[0],1[0],80,0_40
Hybridindex,17.4062[1.17552],17.3912[1.15838],17.4207[1.19154],81,0_40
Pref0,0.94575[0.159474],0.946374[0.157983],0.945152[0.160888],81,0_40
Signal0,1[0],1[0],1[0],81,0_40
Hybridindex,17.393[1.1617],17.4157[1.17581],17.3708[1.14727],82,0_40
Pref0,0.94875[0.154105],0.946465[0.156226],0.95099[0.151964],82,0_40
Signal0,1[0],1[0],1[0],82,0_40
Hybridindex,17.4295[1.16502],17.4196[1.11914],17.4395[1.20978],83,0_40
Pref0,0.94625[0.162745],0.947917[0.162189],0.944556[0.163291],83,0_40
Signal0,1[0],1[0],1[0],83,0_40
Hybridindex,17.41[1.17427],17.4167[1.17953],17.4035[1.16905],84,0_40
Pref0,0.9495[0.154757],0.950505[0.151006],0.948515[0.158342],84,0_40
Signal0,1[0],1[0],1[0],84,0_40
Hybridindex,17.4148[1.1839],17.3945[1.17009],17.435[1.19719],85,0_40
Pref0,0.947[0.161062],0.9465[0.165492],0.9475[0.156505],85,0_40
Signal0,1[0],1[0],1[0],85,0_40
Hybridindex,17.4297[1.16251],17.3974[1.19711],17.4605[1.12776],86,0_40
Pref0,0.946[0.162278],0.946154[0.161477],0.945854[0.163035],86,0_40
Signal0,1[0],1[0],1[0],86,0_40
Hybridindex,17.4405[1.16209],17.4262[1.15441],17.4541[1.1692],87,0_40
Pref0,0.944[0.164663],0.948258[0.160484],0.939941[0.16845],87,0_40
Signal0,1[0],1[0],1[0],87,0_40
Hybridindex,17.4695[1.1401],17.43[1.147],17.5101[1.13151],88,0_40
Pref0,0.94175[0.165021],0.94428[0.160441],0.939148[0.169562],88,0_40
Signal0,1[0],1[0],1[0],88,0_40
Hybridindex,17.473[1.15759],17.4777[1.16464],17.4682[1.15036],89,0_40
Pref0,0.939[0.173289],0.940476[0.172311],0.9375[0.174264],89,0_40
Signal0,1[0],1[0],1[0],89,0_40
Hybridindex,17.4862[1.18351],17.512[1.17601],17.4606[1.19035],90,0_40
Pref0,0.93925[0.169365],0.941825[0.16342],0.93669[0.175037],90,0_40
Signal0,1[0],1[0],1[0],90,0_40
Hybridindex,17.4557[1.17097],17.4628[1.13462],17.4491[1.20403],91,0_40
Pref0,0.93475[0.175691],0.934401[0.177751],0.935078[0.173736],91,0_40
Signal0,1[0],1[0],1[0],91,0_40
Hybridindex,17.4617[1.11978],17.4544[1.11468],17.4694[1.125],92,0_40
Pref0,0.9365[0.171662],0.938665[0.166993],0.934251[0.176352],92,0_40
Signal0,1[0],1[0],1[0],92,0_40
Hybridindex,17.4415[1.15264],17.4339[1.15729],17.4492[1.14786],93,0_40
Pref0,0.93625[0.171933],0.942843[0.163715],0.929577[0.179622],93,0_40
Signal0,1[0],1[0],1[0],93,0_40
Hybridindex,17.4505[1.12085],17.4699[1.12671],17.4318[1.11485],94,0_40
Pref0,0.932[0.181317],0.93527[0.175281],0.928852[0.186891],94,0_40
Signal0,1[0],1[0],1[0],94,0_40
Hybridindex,17.4148[1.15211],17.4086[1.14547],17.4208[1.15855],95,0_40
Pref0,0.9295[0.183793],0.926263[0.182898],0.932673[0.18461],95,0_40
Signal0,1[0],1[0],1[0],95,0_40
Hybridindex,17.4345[1.1267],17.4451[1.11347],17.4244[1.13906],96,0_40
Pref0,0.92725[0.183255],0.929744[0.180987],0.924878[0.185356],96,0_40
Signal0,1[0],1[0],1[0],96,0_40
Hybridindex,17.4653[1.13508],17.4133[1.14456],17.5176[1.12304],97,0_40
Pref0,0.933[0.178216],0.932203[0.17831],0.933801[0.178118],97,0_40
Signal0,1[0],1[0],1[0],97,0_40
Hybridindex,17.43[1.20202],17.4521[1.19513],17.4083[1.20836],98,0_40
Pref0,0.94025[0.16972],0.938446[0.173249],0.942022[0.166162],98,0_40
Signal0,1[0],1[0],1[0],98,0_40
Hybridindex,17.4415[1.17221],17.4146[1.16949],17.4675[1.17425],99,0_40
Pref0,0.93[0.178466],0.929878[0.180789],0.930118[0.176187],99,0_40
Signal0,1[0],1[0],1[0],99,0_40
Hybridindex,17.4483[1.14048],17.4542[1.13829],17.4423[1.14265],100,0_40
Pref0,0.93775[0.169558],0.944223[0.163614],0.931225[0.175104],100,0_40
Signal0,1[0],1[0],1[0],100,0_40
Hybridindex,12.65[8.12881],12.6223[8.09619],12.6756[8.15878],1,0_41
Pref0,0.6325[0.40644],0.631113[0.404809],0.633782[0.407939],1,0_41
Signal0,0.6325[0.40644],0.631113[0.404809],0.633782[0.407939],1,0_41
Hybridindex,15.751[5.65062],15.5907[5.76309],15.9254[5.5204],2,0_41
Pref0,0.78625[0.316126],0.78119[0.320615],0.791754[0.311077],2,0_41
Signal0,0.78425[0.314368],0.776871[0.318002],0.792276[0.310167],2,0_41
Hybridindex,17.3568[3.39173],17.4195[3.32363],17.2964[3.45495],3,0_41
Pref0,0.8695[0.244376],0.87156[0.238532],0.867517[0.249857],3,0_41
Signal0,0.8895[0.219749],0.891437[0.218157],0.887635[0.221256],3,0_41
Hybridindex,17.7677[2.3966],17.8287[2.35898],17.7067[2.43218],4,0_41
Pref0,0.89025[0.220975],0.888112[0.22454],0.892392[0.217323],4,0_41
Signal0,0.9375[0.168356],0.93956[0.167527],0.935435[0.169157],4,0_41
Hybridindex,17.8622[1.82932],17.9284[1.75866],17.7955[1.89568],5,0_41
Pref0,0.90025[0.211364],0.912438[0.196473],0.88794[0.224739],5,0_41
Signal0,0.9665[0.125011],0.966667[0.124722],0.966332[0.125302],5,0_41
Hybridindex,17.841[1.5537],17.8044[1.57265],17.8761[1.53448],6,0_41
Pref0,0.904[0.205631],0.902451[0.203228],0.905485[0.207898],6,0_41
Signal0,0.981[0.0955981],0.983657[0.0889073],0.978452[0.101535],6,0_41
Hybridindex,17.789[1.46637],17.808[1.46881],17.7705[1.46374],7,0_41
Pref0,0.899[0.212247],0.900709[0.209379],0.897335[0.214993],7,0_41
Signal0,0.9855[0.0839032],0.984802[0.085836],0.98618[0.0819705],7,0_41
Hybridindex,17.85[1.3366],17.8797[1.3574],17.8195[1.31417],8,0_41
Pref0,0.89625[0.214735],0.900888[0.217093],0.891481[0.212176],8,0_41
Signal0,0.99225[0.0617652],0.991617[0.0641954],0.992901[0.0591548],8,0_41
Hybridindex,17.8405[1.32997],17.8446[1.30578],17.8362[1.35481],9,0_41
Pref0,0.89575[0.213324],0.890029[0.217464],0.90174[0.208732],9,0_41
Signal0,0.997[0.0386135],0.997556[0.0348701],0.996418[0.0421707],9,0_41
Hybridindex,17.8072[1.31433],17.833[1.33611],17.782[1.29209],10,0_41
Pref0,0.90275[0.208369],0.898587[0.212044],0.906838[0.204612],10,0_41
Signal0,0.99825[0.0295286],0.999495[0.015875],0.997027[0.0384419],10,0_41
Hybridindex,17.8253[1.28835],17.8243[1.29304],17.8262[1.28368],11,0_41
Pref0,0.90175[0.209695],0.906124[0.202823],0.89741[0.216209],11,0_41
Signal0,0.99825[0.0295286],0.996988[0.0386905],0.999502[0.015772],11,0_41
Hybridindex,17.804[1.28805],17.8012[1.28129],17.8068[1.29472],12,0_41
Pref0,0.8915[0.224115],0.894578[0.21707],0.888446[0.230852],12,0_41
Signal0,1[0],1[0],1[0],12,0_41
Hybridindex,17.8255[1.22701],17.8328[1.22378],17.8188[1.22992],13,0_41
Pref0,0.88675[0.224275],0.894984[0.218516],0.879195[0.229173],13,0_41
Signal0,1[0],1[0],1[0],13,0_41
Hybridindex,17.8253[1.23606],17.8123[1.17499],17.839[1.29737],14,0_41
Pref0,0.88175[0.230525],0.882296[0.228678],0.881173[0.232462],14,0_41
Signal0,1[0],1[0],1[0],14,0_41
Hybridindex,17.8508[1.26909],17.8282[1.23318],17.8737[1.30431],15,0_41
Pref0,0.8855[0.228341],0.885149[0.231605],0.885859[0.224962],15,0_41
Signal0,1[0],1[0],1[0],15,0_41
Hybridindex,17.8113[1.22576],17.7937[1.26787],17.8293[1.18072],16,0_41
Pref0,0.88725[0.225638],0.887957[0.226639],0.886525[0.224603],16,0_41
Signal0,1[0],1[0],1[0],16,0_41
Hybridindex,17.8025[1.20696],17.7658[1.23094],17.8399[1.18081],17,0_41
Pref0,0.88425[0.228532],0.883663[0.229249],0.884848[0.227797],17,0_41
Signal0,1[0],1[0],1[0],17,0_41
Hybridindex,17.7718[1.18839],17.7925[1.16929],17.7512[1.20666],18,0_41
Pref0,0.883[0.226519],0.884925[0.222082],0.881095[0.230813],18,0_41
Signal0,1[0],1[0],1[0],18,0_41
Hybridindex,17.7638[1.2417],17.7523[1.22881],17.7745[1.25364],19,0_41
Pref0,0.885[0.228637],0.88826[0.22493],0.881924[0.23204],19,0_41
Signal0,1[0],1[0],1[0],19,0_41
Hybridindex,17.76[1.23588],17.7564[1.23803],17.7634[1.23382],20,0_41
Pref0,0.8905[0.217967],0.897436[0.213021],0.883902[0.222369],20,0_41
Signal0,1[0],1[0],1[0],20,0_41
Hybridindex,17.7555[1.19832],17.708[1.20819],17.8025[1.18659],21,0_41
Pref0,0.8845[0.226185],0.887437[0.225047],0.881592[0.227269],21,0_41
Signal0,1[0],1[0],1[0],21,0_41
Hybridindex,17.6925[1.22084],17.723[1.2135],17.6615[1.22749],22,0_41
Pref0,0.88225[0.22915],0.879584[0.233726],0.884965[0.224364],22,0_41
Signal0,1[0],1[0],1[0],22,0_41
Hybridindex,17.6678[1.23895],17.6682[1.23949],17.6673[1.2384],23,0_41
Pref0,0.88725[0.22397],0.88523[0.225167],0.889279[0.222743],23,0_41
Signal0,1[0],1[0],1[0],23,0_41
Hybridindex,17.701[1.2311],17.682[1.22664],17.7194[1.23514],24,0_41
Pref0,0.888[0.222387],0.899087[0.216484],0.877219[0.227463],24,0_41
Signal0,1[0],1[0],1[0],24,0_41
Hybridindex,17.6513[1.2508],17.6786[1.23543],17.625[1.26484],25,0_41
Pref0,0.892[0.218714],0.892347[0.217576],0.891667[0.219802],25,0_41
Signal0,1[0],1[0],1[0],25,0_41
Hybridindex,17.6355[1.25275],17.6118[1.24805],17.6585[1.25687],26,0_41
Pref0,0.891[0.222753],0.88872[0.225563],0.893209[0.219975],26,0_41
Signal0,1[0],1[0],1[0],26,0_41
Hybridindex,17.634[1.23178],17.6518[1.20526],17.6166[1.25689],27,0_41
Pref0,0.89175[0.220583],0.896255[0.219532],0.887352[0.221516],27,0_41
Signal0,1[0],1[0],1[0],27,0_41
Hybridindex,17.6325[1.229],17.6515[1.24037],17.6142[1.2177],28,0_41
Pref0,0.89525[0.217721],0.901531[0.210072],0.889216[0.22466],28,0_41
Signal0,1[0],1[0],1[0],28,0_41
Hybridindex,17.6363[1.24119],17.5927[1.25685],17.677[1.22499],29,0_41
Pref0,0.892[0.220422],0.888199[0.22505],0.895551[0.215949],29,0_41
Signal0,1[0],1[0],1[0],29,0_41
Hybridindex,17.63[1.22018],17.598[1.24072],17.662[1.19844],30,0_41
Pref0,0.891[0.21993],0.891[0.215914],0.891[0.223873],30,0_41
Signal0,1[0],1[0],1[0],30,0_41
Hybridindex,17.6227[1.2046],17.5874[1.1751],17.6563[1.23096],31,0_41
Pref0,0.8885[0.229821],0.881809[0.23538],0.894839[0.224243],31,0_41
Signal0,1[0],1[0],1[0],31,0_41
Hybridindex,17.6475[1.16157],17.6355[1.17718],17.6594[1.14575],32,0_41
Pref0,0.89[0.223383],0.881526[0.229632],0.898406[0.216679],32,0_41
Signal0,1[0],1[0],1[0],32,0_41
Hybridindex,17.7[1.18975],17.724[1.1783],17.6756[1.2008],33,0_41
Pref0,0.88725[0.225638],0.890981[0.219261],0.883451[0.231889],33,0_41
Signal0,1[0],1[0],1[0],33,0_41
Hybridindex,17.634[1.21534],17.6548[1.19259],17.6134[1.2371],34,0_41
Pref0,0.89475[0.213418],0.892965[0.215833],0.896517[0.210986],34,0_41
Signal0,1[0],1[0],1[0],34,0_41
Hybridindex,17.638[1.20849],17.64[1.18344],17.636[1.23357],35,0_41
Pref0,0.8985[0.214354],0.900593[0.211583],0.89636[0.21713],35,0_41
Signal0,1[0],1[0],1[0],35,0_41
Hybridindex,17.6477[1.20064],17.6675[1.18606],17.6291[1.21393],36,0_41
Pref0,0.9095[0.199524],0.906701[0.200017],0.912136[0.199023],36,0_41
Signal0,1[0],1[0],1[0],36,0_41
Hybridindex,17.684[1.15267],17.6822[1.17331],17.6859[1.13038],37,0_41
Pref0,0.90875[0.207481],0.902332[0.215832],0.915551[0.198021],37,0_41
Signal0,1[0],1[0],1[0],37,0_41
Hybridindex,17.7052[1.1759],17.6823[1.18844],17.7279[1.16296],38,0_41
Pref0,0.90525[0.209517],0.907351[0.208037],0.903178[0.210946],38,0_41
Signal0,1[0],1[0],1[0],38,0_41
Hybridindex,17.702[1.17684],17.7569[1.15656],17.649[1.19372],39,0_41
Pref0,0.90025[0.208985],0.897762[0.207869],0.902655[0.210031],39,0_41
Signal0,1[0],1[0],1[0],39,0_41
Hybridindex,17.7198[1.14982],17.7199[1.16797],17.7196[1.13211],40,0_41
Pref0,0.90425[0.209062],0.905102[0.209894],0.903431[0.208256],40,0_41
Signal0,1[0],1[0],1[0],40,0_41
Hybridindex,17.72[1.15709],17.7373[1.16425],17.702[1.14931],41,0_41
Pref0,0.91[0.19975],0.904902[0.202377],0.915306[0.196838],41,0_41
Signal0,1[0],1[0],1[0],41,0_41
Hybridindex,17.7443[1.14912],17.75[1.16541],17.7383[1.13195],42,0_41
Pref0,0.903[0.208785],0.90668[0.205844],0.899185[0.211722],42,0_41
Signal0,1[0],1[0],1[0],42,0_41
Hybridindex,17.7575[1.14747],17.7613[1.12241],17.7539[1.17058],43,0_41
Pref0,0.90425[0.206051],0.893814[0.215538],0.914078[0.196192],43,0_41
Signal0,1[0],1[0],1[0],43,0_41
Hybridindex,17.7617[1.14558],17.7722[1.15953],17.7508[1.13069],44,0_41
Pref0,0.90425[0.210254],0.903715[0.206838],0.904811[0.213772],44,0_41
Signal0,1[0],1[0],1[0],44,0_41
Hybridindex,17.7653[1.14827],17.7908[1.14105],17.7388[1.15511],45,0_41
Pref0,0.91075[0.199773],0.911591[0.193315],0.909878[0.206252],45,0_41
Signal0,1[0],1[0],1[0],45,0_41
Hybridindex,17.7643[1.15544],17.7559[1.13857],17.7731[1.17281],46,0_41
Pref0,0.91675[0.197343],0.915527[0.198734],0.918033[0.195866],46,0_41
Signal0,1[0],1[0],1[0],46,0_41
Hybridindex,17.822[1.13029],17.8325[1.14061],17.8124[1.12064],47,0_41
Pref0,0.9175[0.193504],0.915449[0.194258],0.919386[0.192788],47,0_41
Signal0,1[0],1[0],1[0],47,0_41
Hybridindex,17.8032[1.14473],17.8318[1.14871],17.7756[1.14019],48,0_41
Pref0,0.911[0.199572],0.909553[0.200229],0.912402[0.198924],48,0_41
Signal0,1[0],1[0],1[0],48,0_41
Hybridindex,17.8152[1.15173],17.8062[1.14193],17.8249[1.16202],49,0_41
Pref0,0.91275[0.198148],0.909884[0.20082],0.915806[0.195212],49,0_41
Signal0,1[0],1[0],1[0],49,0_41
Hybridindex,17.8268[1.15979],17.819[1.18291],17.8345[1.13629],50,0_41
Pref0,0.9215[0.189968],0.928285[0.182269],0.914756[0.197092],50,0_41
Signal0,1[0],1[0],1[0],50,0_41
Hybridindex,17.7978[1.14487],17.7975[1.13526],17.798[1.15468],51,0_41
Pref0,0.92[0.191964],0.910345[0.203035],0.929949[0.179301],51,0_41
Signal0,1[0],1[0],1[0],51,0_41
Hybridindex,17.8275[1.15628],17.8442[1.13119],17.8109[1.18052],52,0_41
Pref0,0.91625[0.19134],0.919339[0.187956],0.913174[0.194603],52,0_41
Signal0,1[0],1[0],1[0],52,0_41
Hybridindex,17.851[1.18872],17.8065[1.20013],17.8955[1.17551],53,0_41
Pref0,0.918[0.19436],0.916[0.198605],0.92[0.19],53,0_41
Signal0,1[0],1[0],1[0],53,0_41
Hybridindex,17.8382[1.16692],17.8681[1.19044],17.8099[1.14344],54,0_41
Pref0,0.927[0.187539],0.922485[0.191979],0.931287[0.183122],54,0_41
Signal0,1[0],1[0],1[0],54,0_41
Hybridindex,17.8732[1.1509],17.8579[1.16816],17.8884[1.1333],55,0_41
Pref0,0.92475[0.185641],0.922691[0.184889],0.926793[0.186361],55,0_41
Signal0,1[0],1[0],1[0],55,0_41
Hybridindex,17.878[1.11349],17.8595[1.12299],17.8973[1.10317],56,0_41
Pref0,0.9325[0.178728],0.931929[0.175701],0.933095[0.18183],56,0_41
Signal0,1[0],1[0],1[0],56,0_41
Hybridindex,17.8925[1.12035],17.9116[1.10377],17.8736[1.13622],57,0_41
Pref0,0.9255[0.188281],0.928141[0.18651],0.922886[0.189982],57,0_41
Signal0,1[0],1[0],1[0],57,0_41
Hybridindex,17.8773[1.09957],17.8824[1.10074],17.8718[1.0983],58,0_41
Pref0,0.92375[0.189238],0.920797[0.192914],0.92688[0.185211],58,0_41
Signal0,1[0],1[0],1[0],58,0_41
Hybridindex,17.85[1.12049],17.845[1.16015],17.8547[1.08171],59,0_41
Pref0,0.92325[0.189696],0.922245[0.190883],0.924198[0.188564],59,0_41
Signal0,1[0],1[0],1[0],59,0_41
Hybridindex,17.8615[1.11773],17.8987[1.11122],17.8267[1.12267],60,0_41
Pref0,0.922[0.189515],0.927611[0.181721],0.916747[0.196386],60,0_41
Signal0,1[0],1[0],1[0],60,0_41
Hybridindex,17.8935[1.10676],17.9101[1.05554],17.877[1.15509],61,0_41
Pref0,0.915[0.19564],0.912651[0.196354],0.917331[0.194901],61,0_41
Signal0,1[0],1[0],1[0],61,0_41
Hybridindex,17.8675[1.10925],17.8657[1.12918],17.8693[1.08904],62,0_41
Pref0,0.91375[0.197322],0.911323[0.202445],0.916168[0.192053],62,0_41
Signal0,1[0],1[0],1[0],62,0_41
Hybridindex,17.8912[1.07729],17.9131[1.05916],17.8666[1.09681],63,0_41
Pref0,0.912[0.196865],0.910293[0.200278],0.913921[0.192935],63,0_41
Signal0,1[0],1[0],1[0],63,0_41
Hybridindex,17.9537[1.05747],17.9655[1.05037],17.9423[1.0642],64,0_41
Pref0,0.9005[0.212955],0.89503[0.213361],0.905819[0.212424],64,0_41
Signal0,1[0],1[0],1[0],64,0_41
Hybridindex,17.9653[1.02977],17.956[1.02735],17.9743[1.03204],65,0_41
Pref0,0.89575[0.218534],0.895349[0.221263],0.896142[0.21583],65,0_41
Signal0,1[0],1[0],1[0],65,0_41
Hybridindex,17.9743[1.03173],17.9723[1.043],17.9763[1.0201],66,0_41
Pref0,0.9[0.215058],0.90297[0.215698],0.89697[0.21436],66,0_41
Signal0,1[0],1[0],1[0],66,0_41
Hybridindex,17.97[1.06693],17.9698[1.04763],17.9702[1.08445],67,0_41
Pref0,0.896[0.210794],0.902604[0.205759],0.889904[0.215156],67,0_41
Signal0,1[0],1[0],1[0],67,0_41
Hybridindex,17.9937[1.06235],17.9889[1.06777],17.9985[1.05697],68,0_41
Pref0,0.88425[0.226885],0.889506[0.222704],0.879088[0.230802],68,0_41
Signal0,1[0],1[0],1[0],68,0_41
Hybridindex,18.0003[1.04851],18.0059[1.05833],17.9944[1.03816],69,0_41
Pref0,0.89325[0.219042],0.892157[0.21724],0.894388[0.220896],69,0_41
Signal0,1[0],1[0],1[0],69,0_41
Hybridindex,17.972[1.01868],17.9453[1.02517],18.0005[1.01093],70,0_41
Pref0,0.88725[0.221162],0.882381[0.226423],0.892451[0.215277],70,0_41
Signal0,1[0],1[0],1[0],70,0_41
Hybridindex,18.0012[1.00729],18.0061[0.989703],17.9966[1.02381],71,0_41
Pref0,0.886[0.224174],0.876789[0.230371],0.894814[0.217715],71,0_41
Signal0,1[0],1[0],1[0],71,0_41
Hybridindex,17.9812[1.02165],18.0106[0.995022],17.9523[1.04644],72,0_41
Pref0,0.8875[0.222135],0.889225[0.223977],0.885799[0.220289],72,0_41
Signal0,1[0],1[0],1[0],72,0_41
Hybridindex,17.9657[1.00098],17.9645[1.0062],17.967[0.995871],73,0_41
Pref0,0.8885[0.2181],0.891481[0.216903],0.885602[0.219219],73,0_41
Signal0,1[0],1[0],1[0],73,0_41
Hybridindex,17.9985[1.00212],18.0274[0.965763],17.9694[1.0366],74,0_41
Pref0,0.8915[0.217894],0.894816[0.21567],0.888164[0.220058],74,0_41
Signal0,1[0],1[0],1[0],74,0_41
Hybridindex,17.9763[1.05086],17.9465[1.05039],18.0039[1.05055],75,0_41
Pref0,0.89625[0.215896],0.906542[0.204032],0.886692[0.225937],75,0_41
Signal0,1[0],1[0],1[0],75,0_41
Hybridindex,18.0095[1.01755],18.0129[1.00236],18.0063[1.0317],76,0_41
Pref0,0.893[0.219205],0.889403[0.2219],0.896401[0.216572],76,0_41
Signal0,1[0],1[0],1[0],76,0_41
Hybridindex,17.994[1.03993],18.0084[1.04956],17.9794[1.0299],77,0_41
Pref0,0.888[0.224067],0.890656[0.222877],0.885312[0.225233],77,0_41
Signal0,1[0],1[0],1[0],77,0_41
Hybridindex,18.0115[1.07511],17.9985[1.06712],18.0249[1.08317],78,0_41
Pref0,0.88025[0.229205],0.884086[0.232062],0.876273[0.226136],78,0_41
Signal0,1[0],1[0],1[0],78,0_41
Hybridindex,17.9955[1.07342],18.0145[1.07086],17.9765[1.07564],79,0_41
Pref0,0.889[0.218355],0.893214[0.213267],0.88477[0.223267],79,0_41
Signal0,1[0],1[0],1[0],79,0_41
Hybridindex,17.9952[1.05894],17.9401[1.06916],18.0488[1.04615],80,0_41
Pref0,0.8945[0.214755],0.892893[0.210028],0.896059[0.219233],80,0_41
Signal0,1[0],1[0],1[0],80,0_41
Hybridindex,17.9595[1.04981],17.9709[1.04408],17.9496[1.05466],81,0_41
Pref0,0.899[0.215172],0.900969[0.216114],0.897292[0.214337],81,0_41
Signal0,1[0],1[0],1[0],81,0_41
Hybridindex,17.948[1.05477],17.9706[1.04798],17.9266[1.0607],82,0_41
Pref0,0.8995[0.211305],0.900103[0.212411],0.898931[0.210254],82,0_41
Signal0,1[0],1[0],1[0],82,0_41
Hybridindex,17.9363[1.07474],17.9457[1.10086],17.9274[1.04962],83,0_41
Pref0,0.8985[0.212598],0.896587[0.213695],0.90029[0.211549],83,0_41
Signal0,1[0],1[0],1[0],83,0_41
Hybridindex,18.0033[1.03555],18.0218[1.03254],17.9835[1.03838],84,0_41
Pref0,0.89125[0.219769],0.890988[0.225519],0.891529[0.213468],84,0_41
Signal0,1[0],1[0],1[0],84,0_41
Hybridindex,18.017[1.01917],18.0537[0.997904],17.9832[1.03723],85,0_41
Pref0,0.887[0.22579],0.887904[0.226502],0.886167[0.225128],85,0_41
Signal0,1[0],1[0],1[0],85,0_41
Hybridindex,18.0185[1.03122],18.0095[0.975811],18.0275[1.08382],86,0_41
Pref0,0.88575[0.222648],0.886114[0.223533],0.885385[0.221756],86,0_41
Signal0,1[0],1[0],1[0],86,0_41
Hybridindex,18.0145[1.04009],18.012[1.03048],18.0167[1.04879],87,0_41
Pref0,0.89125[0.222595],0.886911[0.224859],0.895215[0.22043],87,0_41
Signal0,1[0],1[0],1[0],87,0_41
Hybridindex,18.0338[1.00635],18.0691[0.983217],17.999[1.02738],88,0_41
Pref0,0.89625[0.219911],0.909183[0.20421],0.883548[0.233614],88,0_41
Signal0,1[0],1[0],1[0],88,0_41
Hybridindex,18.0155[1.02908],18.0214[1.04443],18.0095[1.01331],89,0_41
Pref0,0.89725[0.216373],0.897512[0.218415],0.896985[0.214291],89,0_41
Signal0,1[0],1[0],1[0],89,0_41
Hybridindex,18.0165[1.0379],18.0332[1.04557],17.999[1.0295],90,0_41
Pref0,0.897[0.214805],0.892473[0.218123],0.90174[0.21117],90,0_41
Signal0,1[0],1[0],1[0],90,0_41
Hybridindex,18.0478[1.03167],18.0534[1.02936],18.0425[1.03379],91,0_41
Pref0,0.89825[0.215109],0.896373[0.213865],0.9[0.216248],91,0_41
Signal0,1[0],1[0],1[0],91,0_41
Hybridindex,18.0227[1.02706],18.0046[1.02365],18.0405[1.03007],92,0_41
Pref0,0.90825[0.20176],0.904255[0.20678],0.912142[0.196667],92,0_41
Signal0,1[0],1[0],1[0],92,0_41
Hybridindex,17.9952[1.0318],17.9812[1.04804],18.0089[1.0156],93,0_41
Pref0,0.9085[0.208873],0.914721[0.202363],0.902463[0.214829],93,0_41
Signal0,1[0],1[0],1[0],93,0_41
Hybridindex,18.0482[1.01565],18.0318[1.00478],18.066[1.02695],94,0_41
Pref0,0.90875[0.20322],0.911368[0.200783],0.905925[0.20578],94,0_41
Signal0,1[0],1[0],1[0],94,0_41
Hybridindex,18.0465[1.03179],18.0349[1.02234],18.0581[1.04106],95,0_41
Pref0,0.906[0.207759],0.908184[0.204863],0.903808[0.210604],95,0_41
Signal0,1[0],1[0],1[0],95,0_41
Hybridindex,18.035[1.05512],18.0834[1.04322],17.9893[1.06421],96,0_41
Pref0,0.91525[0.196067],0.908342[0.201289],0.921769[0.19078],96,0_41
Signal0,1[0],1[0],1[0],96,0_41
Hybridindex,18.0532[1.02031],18.0832[1.02038],18.0235[1.01937],97,0_41
Pref0,0.91175[0.200841],0.913327[0.197054],0.91018[0.20453],97,0_41
Signal0,1[0],1[0],1[0],97,0_41
Hybridindex,18.0667[0.983829],18.0799[0.969879],18.0536[0.997437],98,0_41
Pref0,0.90875[0.204447],0.906593[0.209696],0.910911[0.199024],98,0_41
Signal0,1[0],1[0],1[0],98,0_41
Hybridindex,18.065[0.984772],18.094[0.982515],18.0378[0.986108],99,0_41
Pref0,0.9115[0.199168],0.909091[0.199431],0.91376[0.198894],99,0_41
Signal0,1[0],1[0],1[0],99,0_41
Hybridindex,18.0622[1.0176],18.1056[0.991458],18.0169[1.04233],100,0_41
Pref0,0.91925[0.193273],0.92131[0.186062],0.917093[0.200523],100,0_41
Signal0,1[0],1[0],1[0],100,0_41
Hybridindex,12.81[8.15499],12.7193[8.14783],12.9055[8.16144],1,0_42
Pref0,0.6405[0.40775],0.635965[0.407391],0.645277[0.408072],1,0_42
Signal0,0.6405[0.40775],0.635965[0.407391],0.645277[0.408072],1,0_42
Hybridindex,15.7055[5.87097],15.6095[5.88432],15.8005[5.85617],2,0_42
Pref0,0.7835[0.321913],0.780402[0.319025],0.786567[0.324717],2,0_42
Signal0,0.78175[0.325564],0.777387[0.325532],0.78607[0.325538],2,0_42
Hybridindex,17.32[3.5854],17.3773[3.52588],17.2585[3.64716],3,0_42
Pref0,0.866[0.246564],0.868116[0.244253],0.863731[0.248999],3,0_42
Signal0,0.8865[0.228293],0.886957[0.226875],0.88601[0.229803],3,0_42
Hybridindex,17.8427[2.38907],17.9185[2.27615],17.7688[2.49216],4,0_42
Pref0,0.89825[0.211002],0.904858[0.202606],0.891798[0.218696],4,0_42
Signal0,0.93925[0.166386],0.941802[0.166543],0.936759[0.166196],4,0_42
Hybridindex,18.0942[1.75627],18.0616[1.79703],18.1264[1.71469],5,0_42
Pref0,0.90075[0.208625],0.904642[0.206452],0.896928[0.210668],5,0_42
Signal0,0.967[0.124141],0.963673[0.129784],0.970268[0.118246],5,0_42
Hybridindex,18.1803[1.44979],18.1663[1.46242],18.1948[1.43633],6,0_42
Pref0,0.908[0.20319],0.902153[0.209171],0.91411[0.196559],6,0_42
Signal0,0.9875[0.0780625],0.983855[0.0883841],0.991309[0.0653457],6,0_42
Hybridindex,18.2205[1.30676],18.218[1.29916],18.2231[1.3147],7,0_42
Pref0,0.912[0.200015],0.91122[0.202234],0.912821[0.197652],7,0_42
Signal0,0.9965[0.0416863],0.997073[0.0381425],0.995897[0.0451049],7,0_42
Hybridindex,18.2402[1.19829],18.2589[1.19326],18.2231[1.20266],8,0_42
Pref0,0.91325[0.19583],0.915104[0.195871],0.911538[0.195776],8,0_42
Signal0,0.9985[0.027345],0.998437[0.0279071],0.998558[0.0268155],8,0_42
Hybridindex,18.244[1.19581],18.2535[1.16315],18.2345[1.22766],9,0_42
Pref0,0.912[0.200015],0.906687[0.203574],0.917335[0.196232],9,0_42
Signal0,0.99825[0.0295286],0.998004[0.0315281],0.998497[0.0273723],9,0_42
Hybridindex,18.2545[1.18806],18.2814[1.19562],18.2303[1.18069],10,0_42
Pref0,0.90875[0.206273],0.919747[0.191974],0.89886[0.21786],10,0_42
Signal0,0.999[0.0223383],0.999472[0.0162392],0.998575[0.02665],10,0_42
Hybridindex,18.1947[1.15821],18.1691[1.15745],18.2208[1.1584],11,0_42
Pref0,0.90775[0.207038],0.907738[0.208737],0.907762[0.205298],11,0_42
Signal0,0.99825[0.0295286],0.998512[0.0272366],0.997984[0.031686],11,0_42
Hybridindex,18.1825[1.16884],18.159[1.20065],18.2061[1.13546],12,0_42
Pref0,0.9075[0.206625],0.905783[0.210271],0.909228[0.202876],12,0_42
Signal0,0.9985[0.027345],0.999003[0.0223049],0.997994[0.0316067],12,0_42
Hybridindex,18.1683[1.13085],18.2042[1.12521],18.1324[1.13531],13,0_42
Pref0,0.905[0.203654],0.905906[0.204198],0.904096[0.203106],13,0_42
Signal0,0.999[0.0223383],0.999499[0.0158114],0.998501[0.0273314],13,0_42
Hybridindex,18.2063[1.10537],18.2178[1.09314],18.1951[1.11699],14,0_42
Pref0,0.902[0.210109],0.906091[0.204178],0.89803[0.215635],14,0_42
Signal0,1[0],1[0],1[0],14,0_42
Hybridindex,18.165[1.15034],18.1689[1.14913],18.1608[1.15161],15,0_42
Pref0,0.90675[0.204767],0.899029[0.212473],0.914948[0.19592],15,0_42
Signal0,1[0],1[0],1[0],15,0_42
Hybridindex,18.147[1.14745],18.1361[1.18701],18.1583[1.10457],16,0_42
Pref0,0.9115[0.203514],0.91332[0.201801],0.909602[0.205267],16,0_42
Signal0,1[0],1[0],1[0],16,0_42
Hybridindex,18.1762[1.12108],18.1547[1.09468],18.1967[1.14515],17,0_42
Pref0,0.9155[0.199022],0.919322[0.197405],0.911879[0.200474],17,0_42
Signal0,1[0],1[0],1[0],17,0_42
Hybridindex,18.2013[1.11001],18.1854[1.12382],18.2175[1.09539],18,0_42
Pref0,0.91375[0.196687],0.915187[0.19411],0.912272[0.199293],18,0_42
Signal0,1[0],1[0],1[0],18,0_42
Hybridindex,18.213[1.08092],18.2629[1.08762],18.164[1.07204],19,0_42
Pref0,0.92225[0.191911],0.920283[0.195051],0.924182[0.188757],19,0_42
Signal0,1[0],1[0],1[0],19,0_42
Hybridindex,18.1755[1.07341],18.2032[1.06056],18.1491[1.08487],20,0_42
Pref0,0.9235[0.188143],0.923746[0.185363],0.923265[0.19076],20,0_42
Signal0,1[0],1[0],1[0],20,0_42
Hybridindex,18.1565[1.0782],18.1409[1.0829],18.1716[1.07342],21,0_42
Pref0,0.92[0.191311],0.913021[0.199983],0.926745[0.182285],21,0_42
Signal0,1[0],1[0],1[0],21,0_42
Hybridindex,18.17[1.05254],18.1659[1.06038],18.1743[1.04428],22,0_42
Pref0,0.9245[0.185876],0.923679[0.186499],0.925358[0.185218],22,0_42
Signal0,1[0],1[0],1[0],22,0_42
Hybridindex,18.1608[1.07925],18.1359[1.11949],18.1846[1.03865],23,0_42
Pref0,0.924[0.189008],0.924413[0.188826],0.923604[0.189181],23,0_42
Signal0,1[0],1[0],1[0],23,0_42
Hybridindex,18.1855[1.06834],18.227[1.06743],18.1412[1.06752],24,0_42
Pref0,0.924[0.187013],0.922556[0.190034],0.925543[0.18372],24,0_42
Signal0,1[0],1[0],1[0],24,0_42
Hybridindex,18.1655[1.08299],18.1508[1.10181],18.1801[1.06371],25,0_42
Pref0,0.92625[0.184217],0.92986[0.182089],0.922655[0.186243],25,0_42
Signal0,1[0],1[0],1[0],25,0_42
Hybridindex,18.1737[1.06686],18.1614[1.07653],18.1863[1.05681],26,0_42
Pref0,0.929[0.182918],0.923039[0.189824],0.935045[0.17543],26,0_42
Signal0,1[0],1[0],1[0],26,0_42
Hybridindex,18.1842[1.06169],18.1559[1.088],18.213[1.03353],27,0_42
Pref0,0.9315[0.181129],0.92999[0.179136],0.933031[0.183116],27,0_42
Signal0,1[0],1[0],1[0],27,0_42
Hybridindex,18.1788[1.03799],18.1907[1.03316],18.1667[1.04273],28,0_42
Pref0,0.927[0.180751],0.933466[0.174155],0.920443[0.186975],28,0_42
Signal0,1[0],1[0],1[0],28,0_42
Hybridindex,18.1698[1.05098],18.1592[1.04064],18.1813[1.06208],29,0_42
Pref0,0.92925[0.179915],0.92304[0.184367],0.936059[0.17465],29,0_42
Signal0,1[0],1[0],1[0],29,0_42
Hybridindex,18.1588[1.08209],18.1978[1.06288],18.1196[1.09962],30,0_42
Pref0,0.93475[0.174263],0.93007[0.180478],0.939439[0.167673],30,0_42
Signal0,1[0],1[0],1[0],30,0_42
Hybridindex,18.1227[1.07066],18.1029[1.08301],18.1438[1.05698],31,0_42
Pref0,0.939[0.171111],0.943689[0.164092],0.934021[0.178127],31,0_42
Signal0,1[0],1[0],1[0],31,0_42
Hybridindex,18.124[1.0497],18.1378[1.01126],18.11[1.08727],32,0_42
Pref0,0.93975[0.166568],0.930624[0.175687],0.949041[0.156193],32,0_42
Signal0,1[0],1[0],1[0],32,0_42
Hybridindex,18.1172[1.04277],18.1035[1.02698],18.1307[1.05786],33,0_42
Pref0,0.9405[0.166462],0.934343[0.173299],0.946535[0.159246],33,0_42
Signal0,1[0],1[0],1[0],33,0_42
Hybridindex,18.1073[1.05895],18.0851[1.04908],18.1299[1.06846],34,0_42
Pref0,0.936[0.172203],0.938675[0.165519],0.933266[0.178737],34,0_42
Signal0,1[0],1[0],1[0],34,0_42
Hybridindex,18.0925[1.06522],18.082[1.06719],18.1034[1.06306],35,0_42
Pref0,0.93775[0.171026],0.931729[0.18006],0.943992[0.16089],35,0_42
Signal0,1[0],1[0],1[0],35,0_42
Hybridindex,18.103[1.05896],18.0989[1.07672],18.1076[1.03866],36,0_42
Pref0,0.93175[0.177389],0.934248[0.174485],0.92895[0.180548],36,0_42
Signal0,1[0],1[0],1[0],36,0_42
Hybridindex,18.096[1.06209],18.0937[1.08572],18.0982[1.03901],37,0_42
Pref0,0.927[0.186202],0.920676[0.194874],0.93304[0.177314],37,0_42
Signal0,1[0],1[0],1[0],37,0_42
Hybridindex,18.0455[1.06779],18.076[1.08323],18.0166[1.05211],38,0_42
Pref0,0.92875[0.182479],0.933778[0.175439],0.923977[0.188795],38,0_42
Signal0,1[0],1[0],1[0],38,0_42
Hybridindex,18.0415[1.06655],18.0632[1.07859],18.0213[1.05479],39,0_42
Pref0,0.927[0.184854],0.920207[0.19276],0.933333[0.17693],39,0_42
Signal0,1[0],1[0],1[0],39,0_42
Hybridindex,18.0695[1.06755],18.085[1.07543],18.0538[1.05929],40,0_42
Pref0,0.92925[0.181299],0.934394[0.174605],0.924044[0.187688],40,0_42
Signal0,1[0],1[0],1[0],40,0_42
Hybridindex,18.0865[1.02153],18.0784[1.01243],18.0945[1.03039],41,0_42
Pref0,0.934[0.174339],0.936181[0.17421],0.931841[0.174439],41,0_42
Signal0,1[0],1[0],1[0],41,0_42
Hybridindex,18.0867[1.0824],18.0549[1.0788],18.1186[1.08507],42,0_42
Pref0,0.9315[0.179047],0.933566[0.176921],0.929429[0.181129],42,0_42
Signal0,1[0],1[0],1[0],42,0_42
Hybridindex,18.1035[1.06386],18.0764[1.06636],18.1299[1.06074],43,0_42
Pref0,0.93375[0.174602],0.933704[0.172525],0.933794[0.176607],43,0_42
Signal0,1[0],1[0],1[0],43,0_42
Hybridindex,18.1325[1.07364],18.1076[1.10132],18.1573[1.04469],44,0_42
Pref0,0.9325[0.178728],0.936937[0.176233],0.928072[0.181076],44,0_42
Signal0,1[0],1[0],1[0],44,0_42
Hybridindex,18.165[1.02641],18.1951[1.00583],18.134[1.04629],45,0_42
Pref0,0.93225[0.176167],0.929557[0.178149],0.935025[0.174058],45,0_42
Signal0,1[0],1[0],1[0],45,0_42
Hybridindex,18.17[1.0223],18.1264[1.06593],18.2152[0.973057],46,0_42
Pref0,0.9365[0.173833],0.933628[0.179505],0.939471[0.16771],46,0_42
Signal0,1[0],1[0],1[0],46,0_42
Hybridindex,18.1685[1.04659],18.1568[1.06947],18.1801[1.02331],47,0_42
Pref0,0.93975[0.170279],0.941709[0.168108],0.937811[0.172379],47,0_42
Signal0,1[0],1[0],1[0],47,0_42
Hybridindex,18.1097[1.05692],18.0936[1.07804],18.1264[1.03444],48,0_42
Pref0,0.9395[0.169085],0.938424[0.174484],0.940609[0.163327],48,0_42
Signal0,1[0],1[0],1[0],48,0_42
Hybridindex,18.1043[1.04988],18.1126[1.05203],18.096[1.04772],49,0_42
Pref0,0.93575[0.174634],0.941414[0.165456],0.930198[0.183014],49,0_42
Signal0,1[0],1[0],1[0],49,0_42
Hybridindex,18.1103[1.02858],18.0928[1.04664],18.1276[1.01],50,0_42
Pref0,0.939[0.170379],0.931294[0.18067],0.94666[0.159124],50,0_42
Signal0,1[0],1[0],1[0],50,0_42
Hybridindex,18.1178[0.970701],18.1077[0.971308],18.128[0.969971],51,0_42
Pref0,0.938[0.169281],0.939229[0.164883],0.936741[0.173661],51,0_42
Signal0,1[0],1[0],1[0],51,0_42
Hybridindex,18.1065[0.995318],18.0762[1.01212],18.1374[0.976914],52,0_42
Pref0,0.94175[0.166529],0.941584[0.16666],0.941919[0.166395],52,0_42
Signal0,1[0],1[0],1[0],52,0_42
Hybridindex,18.1242[0.996211],18.119[1.01297],18.1291[0.980396],53,0_42
Pref0,0.944[0.160044],0.949064[0.152948],0.939306[0.166212],53,0_42
Signal0,1[0],1[0],1[0],53,0_42
Hybridindex,18.122[0.986466],18.1417[0.98326],18.101[0.989428],54,0_42
Pref0,0.9425[0.166414],0.937864[0.172146],0.947423[0.159957],54,0_42
Signal0,1[0],1[0],1[0],54,0_42
Hybridindex,18.1315[0.975042],18.1539[0.975535],18.1089[0.974025],55,0_42
Pref0,0.94275[0.163087],0.942729[0.163858],0.942771[0.162306],55,0_42
Signal0,1[0],1[0],1[0],55,0_42
Hybridindex,18.081[1.01103],18.0693[1.04212],18.0932[0.977207],56,0_42
Pref0,0.93375[0.174602],0.929688[0.176604],0.938012[0.172374],56,0_42
Signal0,1[0],1[0],1[0],56,0_42
Hybridindex,18.0828[1.01736],18.0659[1.02411],18.1001[1.01006],57,0_42
Pref0,0.9315[0.180438],0.935039[0.176673],0.927846[0.184173],57,0_42
Signal0,1[0],1[0],1[0],57,0_42
Hybridindex,18.0835[1.02727],18.1094[1.02705],18.0558[1.02678],58,0_42
Pref0,0.932[0.179237],0.926912[0.185985],0.937435[0.17157],58,0_42
Signal0,1[0],1[0],1[0],58,0_42
Hybridindex,18.1152[1.00167],18.115[1.0219],18.1155[0.980474],59,0_42
Pref0,0.93675[0.172842],0.933366[0.178433],0.940223[0.166838],59,0_42
Signal0,1[0],1[0],1[0],59,0_42
Hybridindex,18.1403[0.983339],18.151[0.963365],18.1298[1.00231],60,0_42
Pref0,0.9355[0.174183],0.936677[0.173737],0.934353[0.174609],60,0_42
Signal0,1[0],1[0],1[0],60,0_42
Hybridindex,18.1558[1.01087],18.1746[0.990534],18.1357[1.0317],61,0_42
Pref0,0.92675[0.180304],0.92386[0.184966],0.929825[0.175155],61,0_42
Signal0,1[0],1[0],1[0],61,0_42
Hybridindex,18.1782[0.986586],18.1568[0.971251],18.1989[1.00072],62,0_42
Pref0,0.93425[0.179727],0.937882[0.178278],0.930747[0.181046],62,0_42
Signal0,1[0],1[0],1[0],62,0_42
Hybridindex,18.1827[0.958242],18.1895[0.950961],18.1762[0.965238],63,0_42
Pref0,0.9305[0.17796],0.933131[0.176038],0.927937[0.179776],63,0_42
Signal0,1[0],1[0],1[0],63,0_42
Hybridindex,18.1883[0.975673],18.1749[0.96592],18.2013[0.984945],64,0_42
Pref0,0.92725[0.181197],0.921132[0.187712],0.933234[0.174381],64,0_42
Signal0,1[0],1[0],1[0],64,0_42
Hybridindex,18.1502[0.976755],18.1699[0.968244],18.1293[0.985333],65,0_42
Pref0,0.92725[0.181197],0.928364[0.181952],0.92606[0.18038],65,0_42
Signal0,1[0],1[0],1[0],65,0_42
Hybridindex,18.1807[0.974913],18.172[0.967035],18.1902[0.983204],66,0_42
Pref0,0.92125[0.192804],0.924155[0.189829],0.918135[0.195897],66,0_42
Signal0,1[0],1[0],1[0],66,0_42
Hybridindex,18.1238[0.978423],18.1536[0.992753],18.0949[0.96349],67,0_42
Pref0,0.925[0.185405],0.917091[0.195298],0.932645[0.174973],67,0_42
Signal0,1[0],1[0],1[0],67,0_42
Hybridindex,18.1558[0.993789],18.1395[0.99877],18.1716[0.988665],68,0_42
Pref0,0.93225[0.175456],0.932049[0.174277],0.932446[0.176595],68,0_42
Signal0,1[0],1[0],1[0],68,0_42
Hybridindex,18.1657[0.982167],18.1874[0.98611],18.1429[0.977466],69,0_42
Pref0,0.936[0.172203],0.943525[0.158266],0.928058[0.185453],69,0_42
Signal0,1[0],1[0],1[0],69,0_42
Hybridindex,18.1195[0.962533],18.1327[0.978806],18.1069[0.946592],70,0_42
Pref0,0.93275[0.177771],0.926742[0.183913],0.938477[0.171517],70,0_42
Signal0,1[0],1[0],1[0],70,0_42
Hybridindex,18.136[0.985522],18.119[0.995158],18.153[0.975495],71,0_42
Pref0,0.92025[0.18779],0.9115[0.196004],0.929[0.178771],71,0_42
Signal0,1[0],1[0],1[0],71,0_42
Hybridindex,18.181[0.992088],18.1668[0.983059],18.1951[1.0008],72,0_42
Pref0,0.91725[0.197554],0.912826[0.201238],0.921657[0.193714],72,0_42
Signal0,1[0],1[0],1[0],72,0_42
Hybridindex,18.2172[0.986244],18.1985[0.947061],18.2369[1.02546],73,0_42
Pref0,0.916[0.194149],0.916098[0.193263],0.915897[0.195077],73,0_42
Signal0,1[0],1[0],1[0],73,0_42
Hybridindex,18.2383[0.971397],18.2515[0.973755],18.2243[0.968701],74,0_42
Pref0,0.91425[0.196906],0.916829[0.192614],0.911523[0.20131],74,0_42
Signal0,1[0],1[0],1[0],74,0_42
Hybridindex,18.258[1.00496],18.2068[0.998033],18.3124[1.00942],75,0_42
Pref0,0.91675[0.193506],0.912621[0.199844],0.921134[0.186439],75,0_42
Signal0,1[0],1[0],1[0],75,0_42
Hybridindex,18.2482[0.962417],18.2629[0.962133],18.2333[0.962478],76,0_42
Pref0,0.91675[0.195434],0.924257[0.187362],0.909091[0.203053],76,0_42
Signal0,1[0],1[0],1[0],76,0_42
Hybridindex,18.247[0.968112],18.2646[0.960294],18.2297[0.975434],77,0_42
Pref0,0.9185[0.191332],0.923891[0.185143],0.913194[0.197088],77,0_42
Signal0,1[0],1[0],1[0],77,0_42
Hybridindex,18.277[0.973664],18.3[0.964048],18.2549[0.982307],78,0_42
Pref0,0.9195[0.189129],0.918878[0.188444],0.920098[0.189783],78,0_42
Signal0,1[0],1[0],1[0],78,0_42
Hybridindex,18.3025[0.954067],18.3267[0.93617],18.2778[0.971363],79,0_42
Pref0,0.92675[0.183737],0.928218[0.178125],0.925253[0.18928],79,0_42
Signal0,1[0],1[0],1[0],79,0_42
Hybridindex,18.2935[0.949267],18.3116[0.94824],18.2752[0.949953],80,0_42
Pref0,0.92825[0.181596],0.929423[0.179709],0.927062[0.183478],80,0_42
Signal0,1[0],1[0],1[0],80,0_42
Hybridindex,18.3133[0.944722],18.2914[0.945401],18.3345[0.943577],81,0_42
Pref0,0.93425[0.170446],0.932995[0.171815],0.935468[0.169098],81,0_42
Signal0,1[0],1[0],1[0],81,0_42
Hybridindex,18.2805[0.951877],18.2916[0.956814],18.27[0.947046],82,0_42
Pref0,0.9335[0.180493],0.935832[0.17909],0.931287[0.181787],82,0_42
Signal0,1[0],1[0],1[0],82,0_42
Hybridindex,18.26[0.946388],18.264[0.935343],18.2561[0.956843],83,0_42
Pref0,0.933[0.178216],0.939224[0.169521],0.927032[0.185977],83,0_42
Signal0,1[0],1[0],1[0],83,0_42
Hybridindex,18.2488[0.943795],18.2552[0.954096],18.2427[0.934028],84,0_42
Pref0,0.932[0.184054],0.939441[0.173883],0.925048[0.192814],84,0_42
Signal0,1[0],1[0],1[0],84,0_42
Hybridindex,18.2565[0.95431],18.2477[0.96559],18.2652[0.942837],85,0_42
Pref0,0.92775[0.180707],0.929429[0.178344],0.926074[0.183019],85,0_42
Signal0,1[0],1[0],1[0],85,0_42
Hybridindex,18.2647[0.953694],18.2466[0.957805],18.2837[0.949027],86,0_42
Pref0,0.92725[0.185964],0.92402[0.190102],0.930612[0.181495],86,0_42
Signal0,1[0],1[0],1[0],86,0_42
Hybridindex,18.2492[0.970824],18.2362[0.984042],18.2622[0.957382],87,0_42
Pref0,0.92275[0.186165],0.919095[0.189517],0.926368[0.182714],87,0_42
Signal0,1[0],1[0],1[0],87,0_42
Hybridindex,18.2767[0.967747],18.2771[0.949973],18.2764[0.985131],88,0_42
Pref0,0.92[0.191964],0.924349[0.18468],0.915669[0.198859],88,0_42
Signal0,1[0],1[0],1[0],88,0_42
Hybridindex,18.2765[0.97072],18.2921[0.949206],18.2613[0.990957],89,0_42
Pref0,0.92725[0.182572],0.929513[0.179732],0.925049[0.185265],89,0_42
Signal0,1[0],1[0],1[0],89,0_42
Hybridindex,18.278[0.962531],18.2651[0.956869],18.2907[0.967904],90,0_42
Pref0,0.92625[0.185569],0.933972[0.173685],0.918651[0.196268],90,0_42
Signal0,1[0],1[0],1[0],90,0_42
Hybridindex,18.2915[0.939563],18.3146[0.967],18.2688[0.911297],91,0_42
Pref0,0.92575[0.184016],0.915657[0.196452],0.935644[0.170372],91,0_42
Signal0,1[0],1[0],1[0],91,0_42
Hybridindex,18.293[0.945463],18.2896[0.955563],18.2963[0.935426],92,0_42
Pref0,0.9295[0.178969],0.927346[0.180449],0.931615[0.177477],92,0_42
Signal0,1[0],1[0],1[0],92,0_42
Hybridindex,18.3092[0.948414],18.3207[0.981611],18.298[0.914566],93,0_42
Pref0,0.93025[0.17751],0.927778[0.17862],0.932673[0.176382],93,0_42
Signal0,1[0],1[0],1[0],93,0_42
Hybridindex,18.2943[0.960881],18.3386[0.947145],18.2458[0.973355],94,0_42
Pref0,0.93025[0.176096],0.927203[0.177702],0.933577[0.174265],94,0_42
Signal0,1[0],1[0],1[0],94,0_42
Hybridindex,18.3145[0.940659],18.32[0.925591],18.3086[0.956302],95,0_42
Pref0,0.9255[0.187616],0.919747[0.192589],0.931584[0.182011],95,0_42
Signal0,1[0],1[0],1[0],95,0_42
Hybridindex,18.2757[0.950177],18.278[0.946928],18.2734[0.953589],96,0_42
Pref0,0.92075[0.190642],0.926972[0.18067],0.914183[0.200422],96,0_42
Signal0,1[0],1[0],1[0],96,0_42
Hybridindex,18.271[0.927259],18.2904[0.933198],18.2508[0.920589],97,0_42
Pref0,0.9225[0.188398],0.923604[0.185258],0.921348[0.191611],97,0_42
Signal0,1[0],1[0],1[0],97,0_42
Hybridindex,18.2795[0.917812],18.2378[0.916924],18.32[0.916861],98,0_42
Pref0,0.925[0.185405],0.926978[0.183615],0.923077[0.187109],98,0_42
Signal0,1[0],1[0],1[0],98,0_42
Hybridindex,18.305[0.929637],18.2894[0.946619],18.3211[0.91149],99,0_42
Pref0,0.91725[0.195646],0.911417[0.202172],0.923272[0.188482],99,0_42
Signal0,1[0],1[0],1[0],99,0_42
Hybridindex,18.3085[0.964924],18.336[0.948634],18.28[0.980715],100,0_42
Pref0,0.913[0.201695],0.913556[0.201646],0.912424[0.201745],100,0_42
Signal0,1[0],1[0],1[0],100,0_42
Hybridindex,12.21[8.31961],12.2025[8.40349],12.2169[8.24173],1,0_43
Pref0,0.6105[0.41598],0.610125[0.420175],0.610845[0.412086],1,0_43
Signal0,0.6105[0.41598],0.610125[0.420175],0.610845[0.412086],1,0_43
Hybridindex,15.0712[6.07613],14.9558[6.11307],15.1806[6.03888],2,0_43
Pref0,0.7575[0.330823],0.748201[0.335941],0.76631[0.325655],2,0_43
Signal0,0.7505[0.336526],0.74409[0.338181],0.756573[0.334837],2,0_43
Hybridindex,16.7688[3.85047],16.6476[4.00144],16.8931[3.68497],3,0_43
Pref0,0.83675[0.26641],0.828727[0.273968],0.844985[0.258165],3,0_43
Signal0,0.86125[0.246725],0.856367[0.252043],0.866261[0.241043],3,0_43
Hybridindex,17.4322[2.44945],17.4357[2.46645],17.4288[2.43222],4,0_43
Pref0,0.867[0.243538],0.856431[0.250276],0.877633[0.23609],4,0_43
Signal0,0.9315[0.174091],0.937687[0.168139],0.925276[0.179666],4,0_43
Hybridindex,17.7028[1.85857],17.6611[1.8781],17.7464[1.83683],5,0_43
Pref0,0.88575[0.223768],0.88916[0.222446],0.882172[0.225091],5,0_43
Signal0,0.962[0.134373],0.958496[0.139706],0.965676[0.128437],5,0_43
Hybridindex,17.7452[1.57805],17.7397[1.60177],17.7516[1.5505],6,0_43
Pref0,0.887[0.223564],0.888368[0.22343],0.885439[0.223707],6,0_43
Signal0,0.98525[0.0846016],0.986398[0.0813394],0.98394[0.0881593],6,0_43
Hybridindex,17.7295[1.44623],17.6932[1.46471],17.7674[1.42567],7,0_43
Pref0,0.88875[0.224719],0.880137[0.233175],0.897751[0.215159],7,0_43
Signal0,0.99125[0.0655625],0.992661[0.0601284],0.989775[0.0707667],7,0_43
Hybridindex,17.7207[1.39343],17.7472[1.34938],17.6947[1.4349],8,0_43
Pref0,0.8875[0.221571],0.889506[0.222704],0.88553[0.220435],8,0_43
Signal0,0.99525[0.0485019],0.995459[0.0474322],0.995045[0.0495292],8,0_43
Hybridindex,17.7993[1.29473],17.817[1.27152],17.7825[1.31599],9,0_43
Pref0,0.8825[0.22846],0.873196[0.231319],0.891262[0.225383],9,0_43
Signal0,0.998[0.0315595],0.996907[0.0392024],0.999029[0.0220112],9,0_43
Hybridindex,17.7875[1.26386],17.8069[1.25559],17.7675[1.27202],10,0_43
Pref0,0.87825[0.228149],0.873892[0.232481],0.882741[0.223508],10,0_43
Signal0,0.99925[0.0193504],0.998522[0.0271428],1[0],10,0_43
Hybridindex,17.788[1.28084],17.8009[1.27455],17.7745[1.28724],11,0_43
Pref0,0.867[0.241994],0.869863[0.240661],0.864008[0.243343],11,0_43
Signal0,0.99975[0.0111775],0.999511[0.0156326],1[0],11,0_43
Hybridindex,17.7712[1.28532],17.7853[1.28015],17.757[1.29037],12,0_43
Pref0,0.863[0.246943],0.860338[0.246501],0.865694[0.247361],12,0_43
Signal0,1[0],1[0],1[0],12,0_43
Hybridindex,17.709[1.30884],17.7017[1.29104],17.7163[1.32634],13,0_43
Pref0,0.86875[0.237484],0.871371[0.234043],0.866134[0.24084],13,0_43
Signal0,1[0],1[0],1[0],13,0_43
Hybridindex,17.6945[1.27148],17.6702[1.28667],17.7186[1.25577],14,0_43
Pref0,0.86775[0.239552],0.862952[0.245528],0.87251[0.233374],14,0_43
Signal0,1[0],1[0],1[0],14,0_43
Hybridindex,17.7398[1.27432],17.7402[1.23703],17.7393[1.3102],15,0_43
Pref0,0.86625[0.239762],0.865829[0.241099],0.866667[0.23843],15,0_43
Signal0,1[0],1[0],1[0],15,0_43
Hybridindex,17.7288[1.28415],17.751[1.26812],17.7061[1.29985],16,0_43
Pref0,0.85925[0.24457],0.855655[0.245491],0.862903[0.243576],16,0_43
Signal0,1[0],1[0],1[0],16,0_43
Hybridindex,17.7013[1.30043],17.718[1.29578],17.6836[1.30507],17,0_43
Pref0,0.85575[0.25262],0.858537[0.251799],0.852821[0.253447],17,0_43
Signal0,1[0],1[0],1[0],17,0_43
Hybridindex,17.699[1.26862],17.6646[1.28837],17.7308[1.24927],18,0_43
Pref0,0.85625[0.247913],0.851562[0.253307],0.860577[0.242748],18,0_43
Signal0,1[0],1[0],1[0],18,0_43
Hybridindex,17.7132[1.2202],17.7384[1.21686],17.6872[1.22311],19,0_43
Pref0,0.866[0.240923],0.869223[0.23903],0.862665[0.242821],19,0_43
Signal0,1[0],1[0],1[0],19,0_43
Hybridindex,17.7045[1.21148],17.6918[1.25356],17.7166[1.16991],20,0_43
Pref0,0.8595[0.243433],0.857949[0.246152],0.860976[0.24081],20,0_43
Signal0,1[0],1[0],1[0],20,0_43
Hybridindex,17.726[1.19391],17.715[1.17792],17.7376[1.21055],21,0_43
Pref0,0.8605[0.247062],0.857282[0.247356],0.863918[0.246704],21,0_43
Signal0,1[0],1[0],1[0],21,0_43
Hybridindex,17.7515[1.18512],17.7897[1.15573],17.7102[1.21474],22,0_43
Pref0,0.85425[0.254719],0.849374[0.257098],0.859521[0.252017],22,0_43
Signal0,1[0],1[0],1[0],22,0_43
Hybridindex,17.7647[1.2108],17.7417[1.19731],17.7891[1.22444],23,0_43
Pref0,0.8555[0.251236],0.862354[0.24711],0.848251[0.255328],23,0_43
Signal0,1[0],1[0],1[0],23,0_43
Hybridindex,17.7667[1.16757],17.7366[1.17985],17.7952[1.15511],24,0_43
Pref0,0.84825[0.255141],0.848251[0.258332],0.848249[0.252086],24,0_43
Signal0,1[0],1[0],1[0],24,0_43
Hybridindex,17.7907[1.19941],17.7586[1.21325],17.8219[1.18503],25,0_43
Pref0,0.8515[0.254848],0.851118[0.25391],0.85187[0.255754],25,0_43
Signal0,1[0],1[0],1[0],25,0_43
Hybridindex,17.768[1.17119],17.7464[1.15911],17.7888[1.18234],26,0_43
Pref0,0.84925[0.251296],0.854888[0.248358],0.843811[0.253978],26,0_43
Signal0,1[0],1[0],1[0],26,0_43
Hybridindex,17.7123[1.19093],17.6947[1.16374],17.7301[1.21774],27,0_43
Pref0,0.8465[0.251372],0.856293[0.244184],0.836529[0.258103],27,0_43
Signal0,1[0],1[0],1[0],27,0_43
Hybridindex,17.701[1.20886],17.7154[1.17283],17.6862[1.24452],28,0_43
Pref0,0.84975[0.256027],0.850791[0.252398],0.848684[0.259687],28,0_43
Signal0,1[0],1[0],1[0],28,0_43
Hybridindex,17.7195[1.19481],17.7357[1.17062],17.7038[1.21749],29,0_43
Pref0,0.8565[0.244761],0.855397[0.239795],0.857564[0.249453],29,0_43
Signal0,1[0],1[0],1[0],29,0_43
Hybridindex,17.758[1.17535],17.7637[1.14414],17.7523[1.20577],30,0_43
Pref0,0.85975[0.246384],0.868132[0.239866],0.851351[0.252467],30,0_43
Signal0,1[0],1[0],1[0],30,0_43
Hybridindex,17.781[1.17006],17.7651[1.18058],17.7967[1.15936],31,0_43
Pref0,0.86025[0.242064],0.868209[0.232508],0.852386[0.250902],31,0_43
Signal0,1[0],1[0],1[0],31,0_43
Hybridindex,17.7757[1.17785],17.8023[1.16337],17.7502[1.19102],32,0_43
Pref0,0.86[0.245764],0.853422[0.251077],0.866308[0.24039],32,0_43
Signal0,1[0],1[0],1[0],32,0_43
Hybridindex,17.8095[1.15443],17.7859[1.16003],17.8338[1.14812],33,0_43
Pref0,0.85925[0.24457],0.855315[0.245493],0.863313[0.243546],33,0_43
Signal0,1[0],1[0],1[0],33,0_43
Hybridindex,17.7925[1.16563],17.7665[1.19807],17.8191[1.13075],34,0_43
Pref0,0.86175[0.247006],0.866239[0.241592],0.857143[0.252359],34,0_43
Signal0,1[0],1[0],1[0],34,0_43
Hybridindex,17.7712[1.14173],17.7381[1.13418],17.8038[1.14816],35,0_43
Pref0,0.8635[0.242627],0.85671[0.244316],0.870168[0.24077],35,0_43
Signal0,1[0],1[0],1[0],35,0_43
Hybridindex,17.7282[1.19007],17.7497[1.20372],17.7079[1.17664],36,0_43
Pref0,0.87675[0.228986],0.87667[0.22827],0.876826[0.229661],36,0_43
Signal0,1[0],1[0],1[0],36,0_43
Hybridindex,17.7727[1.1526],17.7589[1.12432],17.787[1.1808],37,0_43
Pref0,0.882[0.224891],0.874753[0.229899],0.889452[0.219372],37,0_43
Signal0,1[0],1[0],1[0],37,0_43
Hybridindex,17.763[1.17189],17.7636[1.19064],17.7624[1.15249],38,0_43
Pref0,0.86575[0.241561],0.86224[0.243552],0.869324[0.239465],38,0_43
Signal0,1[0],1[0],1[0],38,0_43
Hybridindex,17.7778[1.14792],17.7788[1.16344],17.7767[1.13135],39,0_43
Pref0,0.87225[0.238862],0.873294[0.233684],0.87115[0.244192],39,0_43
Signal0,1[0],1[0],1[0],39,0_43
Hybridindex,17.7593[1.18898],17.7405[1.18381],17.7792[1.19413],40,0_43
Pref0,0.87275[0.232234],0.875364[0.229355],0.869969[0.235226],40,0_43
Signal0,1[0],1[0],1[0],40,0_43
Hybridindex,17.7587[1.20143],17.734[1.21083],17.7827[1.19178],41,0_43
Pref0,0.87075[0.236473],0.869786[0.237254],0.871681[0.235711],41,0_43
Signal0,1[0],1[0],1[0],41,0_43
Hybridindex,17.7935[1.17467],17.8087[1.15952],17.778[1.18971],42,0_43
Pref0,0.871[0.237401],0.858276[0.241266],0.883956[0.232685],42,0_43
Signal0,1[0],1[0],1[0],42,0_43
Hybridindex,17.8335[1.18217],17.8154[1.17266],17.8504[1.1907],43,0_43
Pref0,0.8655[0.241681],0.859959[0.247591],0.870656[0.235932],43,0_43
Signal0,1[0],1[0],1[0],43,0_43
Hybridindex,17.8465[1.1581],17.8605[1.18218],17.833[1.13422],44,0_43
Pref0,0.86875[0.236429],0.865071[0.240654],0.872299[0.232224],44,0_43
Signal0,1[0],1[0],1[0],44,0_43
Hybridindex,17.8235[1.15384],17.8661[1.11478],17.7821[1.18913],45,0_43
Pref0,0.869[0.238933],0.869675[0.241495],0.868343[0.236413],45,0_43
Signal0,1[0],1[0],1[0],45,0_43
Hybridindex,17.8128[1.1402],17.8455[1.09059],17.78[1.18684],46,0_43
Pref0,0.873[0.231562],0.8715[0.228556],0.8745[0.23452],46,0_43
Signal0,1[0],1[0],1[0],46,0_43
Hybridindex,17.7785[1.1288],17.8032[1.12958],17.7538[1.12747],47,0_43
Pref0,0.8755[0.233452],0.885614[0.222718],0.865365[0.243312],47,0_43
Signal0,1[0],1[0],1[0],47,0_43
Hybridindex,17.8042[1.14469],17.8281[1.11945],17.7792[1.17005],48,0_43
Pref0,0.88275[0.229951],0.884277[0.226507],0.881148[0.233499],48,0_43
Signal0,1[0],1[0],1[0],48,0_43
Hybridindex,17.8032[1.14877],17.7953[1.14079],17.8111[1.15654],49,0_43
Pref0,0.88225[0.22915],0.891851[0.217735],0.872763[0.239519],49,0_43
Signal0,1[0],1[0],1[0],49,0_43
Hybridindex,17.7782[1.14409],17.8143[1.13386],17.7405[1.15351],50,0_43
Pref0,0.8875[0.221006],0.88172[0.225865],0.893552[0.215636],50,0_43
Signal0,1[0],1[0],1[0],50,0_43
Hybridindex,17.7718[1.11872],17.7646[1.10365],17.7792[1.13426],51,0_43
Pref0,0.8895[0.223136],0.892578[0.218043],0.88627[0.228314],51,0_43
Signal0,1[0],1[0],1[0],51,0_43
Hybridindex,17.787[1.15342],17.7909[1.15439],17.7829[1.15239],52,0_43
Pref0,0.8915[0.220744],0.899608[0.213317],0.883044[0.227924],52,0_43
Signal0,1[0],1[0],1[0],52,0_43
Hybridindex,17.8433[1.13029],17.8363[1.11575],17.8504[1.14501],53,0_43
Pref0,0.88875[0.224162],0.891026[0.226909],0.88641[0.221277],53,0_43
Signal0,1[0],1[0],1[0],53,0_43
Hybridindex,17.85[1.14226],17.8345[1.15471],17.8658[1.12921],54,0_43
Pref0,0.8875[0.222697],0.885035[0.227374],0.89001[0.217803],54,0_43
Signal0,1[0],1[0],1[0],54,0_43
Hybridindex,17.8753[1.13592],17.831[1.12527],17.9139[1.14373],55,0_43
Pref0,0.88925[0.217622],0.885193[0.22026],0.89279[0.215231],55,0_43
Signal0,1[0],1[0],1[0],55,0_43
Hybridindex,17.8655[1.10901],17.8989[1.1208],17.8348[1.09715],56,0_43
Pref0,0.8905[0.221945],0.887904[0.22185],0.892891[0.222006],56,0_43
Signal0,1[0],1[0],1[0],56,0_43
Hybridindex,17.8403[1.13594],17.8896[1.1166],17.7908[1.15287],57,0_43
Pref0,0.89325[0.216747],0.897602[0.214961],0.888889[0.218436],57,0_43
Signal0,1[0],1[0],1[0],57,0_43
Hybridindex,17.8197[1.11988],17.8513[1.1193],17.7887[1.11958],58,0_43
Pref0,0.8955[0.215243],0.895665[0.21871],0.895337[0.211777],58,0_43
Signal0,1[0],1[0],1[0],58,0_43
Hybridindex,17.8495[1.0972],17.8921[1.09248],17.8075[1.10022],59,0_43
Pref0,0.891[0.22443],0.879536[0.237287],0.902282[0.210406],59,0_43
Signal0,1[0],1[0],1[0],59,0_43
Hybridindex,17.865[1.09489],17.8437[1.08102],17.8864[1.10819],60,0_43
Pref0,0.898[0.212358],0.893107[0.214514],0.902903[0.210061],60,0_43
Signal0,1[0],1[0],1[0],60,0_43
Hybridindex,17.8603[1.12042],17.8374[1.13185],17.8845[1.10764],61,0_43
Pref0,0.8935[0.222279],0.88932[0.226588],0.897938[0.217521],61,0_43
Signal0,1[0],1[0],1[0],61,0_43
Hybridindex,17.853[1.11743],17.8707[1.14131],17.8345[1.09166],62,0_43
Pref0,0.88925[0.221606],0.89667[0.219849],0.881512[0.223162],62,0_43
Signal0,1[0],1[0],1[0],62,0_43
Hybridindex,17.8407[1.15283],17.8272[1.1626],17.8543[1.14285],63,0_43
Pref0,0.888[0.221824],0.893788[0.216414],0.882236[0.226938],63,0_43
Signal0,1[0],1[0],1[0],63,0_43
Hybridindex,17.8178[1.15333],17.8385[1.12291],17.7968[1.18294],64,0_43
Pref0,0.88525[0.229581],0.886183[0.226737],0.884306[0.23242],64,0_43
Signal0,1[0],1[0],1[0],64,0_43
Hybridindex,17.747[1.1187],17.7401[1.16286],17.7537[1.07407],65,0_43
Pref0,0.89[0.221133],0.892893[0.221784],0.887192[0.220464],65,0_43
Signal0,1[0],1[0],1[0],65,0_43
Hybridindex,17.7545[1.12338],17.7396[1.14465],17.7705[1.09979],66,0_43
Pref0,0.89[0.22],0.893443[0.216208],0.886293[0.223953],66,0_43
Signal0,1[0],1[0],1[0],66,0_43
Hybridindex,17.7362[1.12364],17.7103[1.11156],17.7613[1.1346],67,0_43
Pref0,0.884[0.231396],0.889002[0.233195],0.879175[0.229543],67,0_43
Signal0,1[0],1[0],1[0],67,0_43
Hybridindex,17.722[1.1477],17.7298[1.13288],17.7141[1.16236],68,0_43
Pref0,0.886[0.223056],0.886341[0.218859],0.885657[0.2272],68,0_43
Signal0,1[0],1[0],1[0],68,0_43
Hybridindex,17.697[1.14135],17.706[1.17018],17.6877[1.11067],69,0_43
Pref0,0.8905[0.224187],0.887414[0.231193],0.893693[0.216654],69,0_43
Signal0,1[0],1[0],1[0],69,0_43
Hybridindex,17.7055[1.12806],17.727[1.1563],17.6841[1.0988],70,0_43
Pref0,0.88875[0.22192],0.889279[0.223865],0.888224[0.219964],70,0_43
Signal0,1[0],1[0],1[0],70,0_43
Hybridindex,17.7415[1.118],17.7402[1.11678],17.7428[1.1192],71,0_43
Pref0,0.8835[0.224004],0.883686[0.222853],0.883317[0.225133],71,0_43
Signal0,1[0],1[0],1[0],71,0_43
Hybridindex,17.7165[1.09482],17.6843[1.07969],17.7492[1.10906],72,0_43
Pref0,0.89[0.218289],0.893459[0.214205],0.886478[0.222314],72,0_43
Signal0,1[0],1[0],1[0],72,0_43
Hybridindex,17.716[1.11247],17.6738[1.15301],17.7583[1.06865],73,0_43
Pref0,0.885[0.228637],0.88012[0.235709],0.88989[0.221217],73,0_43
Signal0,1[0],1[0],1[0],73,0_43
Hybridindex,17.699[1.13298],17.6662[1.1085],17.7304[1.15505],74,0_43
Pref0,0.8895[0.222575],0.883947[0.226284],0.894814[0.218835],74,0_43
Signal0,1[0],1[0],1[0],74,0_43
Hybridindex,17.683[1.13546],17.7091[1.13035],17.6582[1.13972],75,0_43
Pref0,0.89075[0.218951],0.898767[0.210902],0.883155[0.226051],75,0_43
Signal0,1[0],1[0],1[0],75,0_43
Hybridindex,17.7213[1.11912],17.7308[1.07548],17.7116[1.16145],76,0_43
Pref0,0.88975[0.21959],0.88209[0.224778],0.897487[0.213945],76,0_43
Signal0,1[0],1[0],1[0],76,0_43
Hybridindex,17.7725[1.09966],17.8005[1.0885],17.7442[1.1101],77,0_43
Pref0,0.884[0.230313],0.880597[0.23851],0.887437[0.221672],77,0_43
Signal0,1[0],1[0],1[0],77,0_43
Hybridindex,17.7875[1.10831],17.7959[1.10627],17.7793[1.11021],78,0_43
Pref0,0.883[0.229262],0.881726[0.234079],0.884236[0.224481],78,0_43
Signal0,1[0],1[0],1[0],78,0_43
Hybridindex,17.7835[1.10199],17.7884[1.11519],17.7786[1.08855],79,0_43
Pref0,0.88225[0.227508],0.874251[0.232481],0.890281[0.222113],79,0_43
Signal0,1[0],1[0],1[0],79,0_43
Hybridindex,17.7987[1.10187],17.7834[1.09596],17.8152[1.10793],80,0_43
Pref0,0.87675[0.234381],0.873791[0.234335],0.879917[0.234389],80,0_43
Signal0,1[0],1[0],1[0],80,0_43
Hybridindex,17.7808[1.10671],17.7475[1.09053],17.8139[1.12162],81,0_43
Pref0,0.875[0.229401],0.882265[0.22252],0.867764[0.235834],81,0_43
Signal0,1[0],1[0],1[0],81,0_43
Hybridindex,17.7737[1.0977],17.8232[1.07325],17.7218[1.12043],82,0_43
Pref0,0.86425[0.243304],0.868652[0.239188],0.859631[0.247466],82,0_43
Signal0,1[0],1[0],1[0],82,0_43
Hybridindex,17.752[1.09156],17.6909[1.10394],17.8104[1.07637],83,0_43
Pref0,0.87[0.235266],0.865404[0.234118],0.874389[0.236273],83,0_43
Signal0,1[0],1[0],1[0],83,0_43
Hybridindex,17.782[1.07853],17.7811[1.06752],17.783[1.09121],84,0_43
Pref0,0.877[0.233176],0.876394[0.23329],0.877706[0.233041],84,0_43
Signal0,1[0],1[0],1[0],84,0_43
Hybridindex,17.811[1.11547],17.8056[1.11265],17.8165[1.11831],85,0_43
Pref0,0.87925[0.235148],0.871032[0.244451],0.887601[0.224994],85,0_43
Signal0,1[0],1[0],1[0],85,0_43
Hybridindex,17.8042[1.1233],17.8091[1.15497],17.7996[1.09186],86,0_43
Pref0,0.8795[0.229085],0.867617[0.241537],0.890963[0.215775],86,0_43
Signal0,1[0],1[0],1[0],86,0_43
Hybridindex,17.856[1.0926],17.8587[1.06291],17.8533[1.12177],87,0_43
Pref0,0.8755[0.23452],0.88607[0.224617],0.864824[0.243651],87,0_43
Signal0,1[0],1[0],1[0],87,0_43
Hybridindex,17.8618[1.06161],17.8675[1.05442],17.8557[1.06915],88,0_43
Pref0,0.86225[0.242177],0.867476[0.237627],0.856701[0.246797],88,0_43
Signal0,1[0],1[0],1[0],88,0_43
Hybridindex,17.8[1.0911],17.8042[1.06239],17.7958[1.11856],89,0_43
Pref0,0.8695[0.236579],0.872351[0.233653],0.8667[0.239385],89,0_43
Signal0,1[0],1[0],1[0],89,0_43
Hybridindex,17.8185[1.06867],17.8092[1.07056],17.8277[1.06672],90,0_43
Pref0,0.8695[0.239728],0.865559[0.241267],0.873386[0.238138],90,0_43
Signal0,1[0],1[0],1[0],90,0_43
Hybridindex,17.7943[1.07217],17.8098[1.0618],17.7794[1.08178],91,0_43
Pref0,0.86425[0.237586],0.865542[0.240502],0.863014[0.234754],91,0_43
Signal0,1[0],1[0],1[0],91,0_43
Hybridindex,17.7595[1.05542],17.7528[1.04527],17.7662[1.06537],92,0_43
Pref0,0.8635[0.245189],0.866098[0.240932],0.860917[0.249322],92,0_43
Signal0,1[0],1[0],1[0],92,0_43
Hybridindex,17.7538[1.05297],17.7439[1.06766],17.7633[1.03833],93,0_43
Pref0,0.86825[0.234023],0.866903[0.237539],0.869565[0.230532],93,0_43
Signal0,1[0],1[0],1[0],93,0_43
Hybridindex,17.7797[1.07476],17.8088[1.08633],17.7495[1.06174],94,0_43
Pref0,0.86725[0.238228],0.872059[0.234424],0.862245[0.242022],94,0_43
Signal0,1[0],1[0],1[0],94,0_43
Hybridindex,17.793[1.08853],17.8218[1.10153],17.7658[1.07541],95,0_43
Pref0,0.8585[0.244904],0.860453[0.239811],0.856657[0.2496],95,0_43
Signal0,1[0],1[0],1[0],95,0_43
Hybridindex,17.7975[1.07284],17.808[1.07894],17.7869[1.06654],96,0_43
Pref0,0.8605[0.242466],0.853234[0.246573],0.867839[0.238021],96,0_43
Signal0,1[0],1[0],1[0],96,0_43
Hybridindex,17.8205[1.07983],17.834[1.09454],17.8069[1.06465],97,0_43
Pref0,0.86125[0.249747],0.861416[0.24608],0.861083[0.253382],97,0_43
Signal0,1[0],1[0],1[0],97,0_43
Hybridindex,17.7518[1.07784],17.7594[1.05207],17.7444[1.10194],98,0_43
Pref0,0.863[0.242345],0.865679[0.241477],0.860431[0.243146],98,0_43
Signal0,1[0],1[0],1[0],98,0_43
Hybridindex,17.7482[1.08926],17.7248[1.12494],17.7713[1.05246],99,0_43
Pref0,0.85425[0.251261],0.861391[0.242199],0.847222[0.259678],99,0_43
Signal0,1[0],1[0],1[0],99,0_43
Hybridindex,17.6875[1.12787],17.6971[1.12669],17.6782[1.12895],100,0_43
Pref0,0.84875[0.254948],0.850051[0.259193],0.847483[0.250736],100,0_43
Signal0,1[0],1[0],1[0],100,0_43
Hybridindex,12.255[8.33457],12.1663[8.33889],12.3392[8.32959],1,0_44
Pref0,0.61275[0.416728],0.608316[0.416944],0.616959[0.416479],1,0_44
Signal0,0.61275[0.416728],0.608316[0.416944],0.616959[0.416479],1,0_44
Hybridindex,15.1728[6.09801],15.0227[6.20539],15.3198[5.98726],2,0_44
Pref0,0.762[0.336684],0.761616[0.338955],0.762376[0.334442],2,0_44
Signal0,0.75425[0.33501],0.741919[0.340544],0.766337[0.329048],2,0_44
Hybridindex,16.9602[3.77837],16.9249[3.78038],16.9984[3.77581],3,0_44
Pref0,0.853[0.257665],0.843118[0.265842],0.863684[0.248078],3,0_44
Signal0,0.873[0.237426],0.873436[0.237501],0.872529[0.237343],3,0_44
Hybridindex,17.6013[2.40263],17.6488[2.35364],17.5548[2.44862],4,0_44
Pref0,0.8905[0.215661],0.890688[0.21269],0.890316[0.218522],4,0_44
Signal0,0.93475[0.168426],0.936741[0.166216],0.932806[0.170534],4,0_44
Hybridindex,17.7853[1.8775],17.8144[1.85784],17.756[1.89658],5,0_44
Pref0,0.8985[0.217825],0.904691[0.212268],0.892285[0.223092],5,0_44
Signal0,0.96625[0.125443],0.967565[0.123148],0.96493[0.127692],5,0_44
Hybridindex,17.85[1.57409],17.8538[1.55563],17.846[1.59368],6,0_44
Pref0,0.89475[0.216327],0.893822[0.215966],0.895747[0.21671],6,0_44
Signal0,0.98375[0.0886619],0.986004[0.0824753],0.981328[0.0948022],6,0_44
Hybridindex,17.823[1.44306],17.8207[1.42544],17.8252[1.45965],7,0_44
Pref0,0.898[0.212946],0.900102[0.212349],0.895996[0.213494],7,0_44
Signal0,0.98725[0.078819],0.985656[0.0834648],0.98877[0.0740885],7,0_44
Hybridindex,17.795[1.41923],17.7942[1.39543],17.7958[1.44293],8,0_44
Pref0,0.89975[0.208146],0.909046[0.195444],0.890342[0.219857],8,0_44
Signal0,0.99475[0.0509651],0.99503[0.0496023],0.994467[0.0523066],8,0_44
Hybridindex,17.8038[1.35152],17.8188[1.29514],17.7887[1.40538],9,0_44
Pref0,0.8945[0.214172],0.89039[0.218622],0.898601[0.209557],9,0_44
Signal0,0.99675[0.0401801],0.995996[0.0445642],0.997502[0.0352493],9,0_44
Hybridindex,17.8173[1.31424],17.8163[1.31043],17.8183[1.31816],10,0_44
Pref0,0.8975[0.213878],0.898522[0.212996],0.896447[0.214778],10,0_44
Signal0,0.9985[0.027345],0.997537[0.0350066],0.999492[0.0159232],10,0_44
Hybridindex,17.8305[1.29094],17.8103[1.31021],17.8521[1.26967],11,0_44
Pref0,0.8955[0.214079],0.899322[0.213371],0.891417[0.214757],11,0_44
Signal0,0.99975[0.0111775],1[0],0.999483[0.0160706],11,0_44
Hybridindex,17.8373[1.27442],17.7982[1.25828],17.876[1.28906],12,0_44
Pref0,0.89875[0.21065],0.90512[0.201111],0.89243[0.219522],12,0_44
Signal0,0.99975[0.0111775],1[0],0.999502[0.015772],12,0_44
Hybridindex,17.8268[1.26],17.8449[1.25965],17.8088[1.26009],13,0_44
Pref0,0.8875[0.226592],0.882175[0.232579],0.892751[0.220402],13,0_44
Signal0,0.9995[0.0158035],0.998993[0.0224167],1[0],13,0_44
Hybridindex,17.8313[1.25096],17.8528[1.22863],17.8085[1.27366],14,0_44
Pref0,0.89375[0.220989],0.889376[0.226625],0.898357[0.214795],14,0_44
Signal0,1[0],1[0],1[0],14,0_44
Hybridindex,17.8358[1.25335],17.8599[1.24418],17.8102[1.26248],15,0_44
Pref0,0.891[0.21936],0.884241[0.223225],0.898148[0.214966],15,0_44
Signal0,1[0],1[0],1[0],15,0_44
Hybridindex,17.884[1.22415],17.8837[1.20796],17.8843[1.23978],16,0_44
Pref0,0.89[0.220567],0.889788[0.220274],0.890208[0.220854],16,0_44
Signal0,1[0],1[0],1[0],16,0_44
Hybridindex,17.8798[1.21013],17.8917[1.23964],17.8687[1.18213],17,0_44
Pref0,0.8955[0.214079],0.891146[0.217406],0.899519[0.210881],17,0_44
Signal0,1[0],1[0],1[0],17,0_44
Hybridindex,17.9495[1.22972],17.9622[1.22286],17.9363[1.23666],18,0_44
Pref0,0.89825[0.214527],0.898921[0.217238],0.897554[0.211673],18,0_44
Signal0,1[0],1[0],1[0],18,0_44
Hybridindex,17.9432[1.17947],17.9366[1.18356],17.9499[1.17539],19,0_44
Pref0,0.89025[0.217554],0.891239[0.216987],0.889275[0.218108],19,0_44
Signal0,1[0],1[0],1[0],19,0_44
Hybridindex,17.9443[1.18047],17.9171[1.19611],17.9715[1.16396],20,0_44
Pref0,0.8905[0.221381],0.884615[0.223323],0.896396[0.21926],20,0_44
Signal0,1[0],1[0],1[0],20,0_44
Hybridindex,17.9462[1.17972],17.9162[1.18689],17.975[1.17208],21,0_44
Pref0,0.89375[0.22324],0.903984[0.214334],0.883937[0.231032],21,0_44
Signal0,1[0],1[0],1[0],21,0_44
Hybridindex,17.94[1.18708],17.9426[1.16674],17.9375[1.20644],22,0_44
Pref0,0.8915[0.217894],0.886179[0.223725],0.896654[0.211966],22,0_44
Signal0,1[0],1[0],1[0],22,0_44
Hybridindex,17.973[1.17187],17.9752[1.17821],17.9709[1.16564],23,0_44
Pref0,0.8895[0.220317],0.893617[0.217822],0.885489[0.222648],23,0_44
Signal0,1[0],1[0],1[0],23,0_44
Hybridindex,17.9537[1.18953],17.9712[1.18936],17.9366[1.18945],24,0_44
Pref0,0.88875[0.222482],0.884848[0.231099],0.892574[0.21363],24,0_44
Signal0,1[0],1[0],1[0],24,0_44
Hybridindex,17.9555[1.15856],17.9473[1.15653],17.9641[1.16064],25,0_44
Pref0,0.89175[0.223957],0.891602[0.225277],0.891906[0.222564],25,0_44
Signal0,1[0],1[0],1[0],25,0_44
Hybridindex,17.919[1.17758],17.9223[1.15956],17.9155[1.19662],26,0_44
Pref0,0.89075[0.218379],0.897201[0.212545],0.883817[0.224273],26,0_44
Signal0,1[0],1[0],1[0],26,0_44
Hybridindex,17.9567[1.16641],17.9353[1.17577],17.9801[1.15566],27,0_44
Pref0,0.89[0.217715],0.893097[0.216373],0.886625[0.21912],27,0_44
Signal0,1[0],1[0],1[0],27,0_44
Hybridindex,17.9722[1.18748],17.9644[1.21674],17.98[1.15755],28,0_44
Pref0,0.88875[0.219085],0.886774[0.222045],0.890719[0.216079],28,0_44
Signal0,1[0],1[0],1[0],28,0_44
Hybridindex,17.9345[1.16992],17.9226[1.18705],17.9463[1.15259],29,0_44
Pref0,0.89[0.219431],0.888945[0.218442],0.891045[0.220401],29,0_44
Signal0,1[0],1[0],1[0],29,0_44
Hybridindex,17.9007[1.18492],17.9304[1.15873],17.8724[1.20872],30,0_44
Pref0,0.89475[0.21047],0.895599[0.208202],0.893939[0.212609],30,0_44
Signal0,1[0],1[0],1[0],30,0_44
Hybridindex,17.8568[1.21124],17.8421[1.22782],17.8699[1.19598],31,0_44
Pref0,0.895[0.215],0.88754[0.216219],0.901709[0.213675],31,0_44
Signal0,1[0],1[0],1[0],31,0_44
Hybridindex,17.843[1.18516],17.8401[1.19286],17.8458[1.17763],32,0_44
Pref0,0.89775[0.21076],0.903553[0.201108],0.892118[0.219576],32,0_44
Signal0,1[0],1[0],1[0],32,0_44
Hybridindex,17.868[1.16472],17.8601[1.13896],17.8764[1.19136],33,0_44
Pref0,0.902[0.207113],0.909621[0.197395],0.893924[0.216646],33,0_44
Signal0,1[0],1[0],1[0],33,0_44
Hybridindex,17.862[1.17216],17.855[1.17502],17.8697[1.16895],34,0_44
Pref0,0.8995[0.211896],0.910305[0.202722],0.887605[0.220946],34,0_44
Signal0,1[0],1[0],1[0],34,0_44
Hybridindex,17.8475[1.18099],17.8425[1.18039],17.8522[1.18154],35,0_44
Pref0,0.9005[0.209999],0.898244[0.21375],0.902616[0.206397],35,0_44
Signal0,1[0],1[0],1[0],35,0_44
Hybridindex,17.8648[1.14415],17.8724[1.15899],17.8569[1.12872],36,0_44
Pref0,0.8935[0.215425],0.889219[0.219235],0.897877[0.211369],36,0_44
Signal0,1[0],1[0],1[0],36,0_44
Hybridindex,17.9055[1.10875],17.9281[1.11802],17.8819[1.09848],37,0_44
Pref0,0.89925[0.206699],0.894325[0.212356],0.904397[0.200488],37,0_44
Signal0,1[0],1[0],1[0],37,0_44
Hybridindex,17.8985[1.08924],17.9189[1.08143],17.8791[1.09625],38,0_44
Pref0,0.90425[0.206657],0.898357[0.209961],0.909844[0.203312],38,0_44
Signal0,1[0],1[0],1[0],38,0_44
Hybridindex,17.885[1.12151],17.8789[1.12869],17.891[1.11437],39,0_44
Pref0,0.9035[0.211395],0.902624[0.209158],0.904361[0.213566],39,0_44
Signal0,1[0],1[0],1[0],39,0_44
Hybridindex,17.8302[1.1138],17.8025[1.10948],17.8574[1.11736],40,0_44
Pref0,0.90025[0.214301],0.906566[0.205006],0.894059[0.222862],40,0_44
Signal0,1[0],1[0],1[0],40,0_44
Hybridindex,17.8545[1.12198],17.821[1.12304],17.8888[1.11985],41,0_44
Pref0,0.905[0.2067],0.913452[0.196852],0.89636[0.215963],41,0_44
Signal0,1[0],1[0],1[0],41,0_44
Hybridindex,17.8095[1.14693],17.7952[1.12576],17.8223[1.16543],42,0_44
Pref0,0.903[0.21352],0.895238[0.224501],0.909953[0.20293],42,0_44
Signal0,1[0],1[0],1[0],42,0_44
Hybridindex,17.7787[1.10947],17.7738[1.12526],17.7833[1.09476],43,0_44
Pref0,0.90575[0.209743],0.907001[0.206283],0.904602[0.212861],43,0_44
Signal0,1[0],1[0],1[0],43,0_44
Hybridindex,17.796[1.12445],17.7406[1.10538],17.8561[1.14175],44,0_44
Pref0,0.9[0.214476],0.900096[0.214977],0.899896[0.213931],44,0_44
Signal0,1[0],1[0],1[0],44,0_44
Hybridindex,17.7915[1.12095],17.7879[1.14196],17.7951[1.09944],45,0_44
Pref0,0.907[0.205185],0.907685[0.201568],0.906313[0.208752],45,0_44
Signal0,1[0],1[0],1[0],45,0_44
Hybridindex,17.8182[1.10706],17.8769[1.08716],17.7583[1.12389],46,0_44
Pref0,0.90925[0.198468],0.912463[0.196414],0.905966[0.200492],46,0_44
Signal0,1[0],1[0],1[0],46,0_44
Hybridindex,17.8152[1.09156],17.783[1.07865],17.8484[1.10369],47,0_44
Pref0,0.9025[0.20614],0.900888[0.206619],0.904158[0.205633],47,0_44
Signal0,1[0],1[0],1[0],47,0_44
Hybridindex,17.8618[1.11434],17.8614[1.11097],17.8621[1.11778],48,0_44
Pref0,0.8995[0.215406],0.89703[0.218662],0.90202[0.212003],48,0_44
Signal0,1[0],1[0],1[0],48,0_44
Hybridindex,17.885[1.09603],17.8926[1.07072],17.8777[1.11966],49,0_44
Pref0,0.89725[0.219243],0.893661[0.216735],0.900685[0.221562],49,0_44
Signal0,1[0],1[0],1[0],49,0_44
Hybridindex,17.8758[1.10315],17.8278[1.13352],17.9267[1.06753],50,0_44
Pref0,0.89025[0.219841],0.889428[0.218883],0.891125[0.220852],50,0_44
Signal0,1[0],1[0],1[0],50,0_44
Hybridindex,17.8395[1.13247],17.8726[1.15004],17.806[1.11345],51,0_44
Pref0,0.88775[0.223663],0.884577[0.226615],0.890955[0.220594],51,0_44
Signal0,1[0],1[0],1[0],51,0_44
Hybridindex,17.86[1.15375],17.8315[1.18],17.8877[1.12701],52,0_44
Pref0,0.895[0.215581],0.899492[0.210269],0.89064[0.220526],52,0_44
Signal0,1[0],1[0],1[0],52,0_44
Hybridindex,17.8102[1.18401],17.8556[1.15637],17.7605[1.21163],53,0_44
Pref0,0.8975[0.213293],0.891013[0.2188],0.904612[0.206852],53,0_44
Signal0,1[0],1[0],1[0],53,0_44
Hybridindex,17.8225[1.14869],17.8579[1.10816],17.7882[1.18569],54,0_44
Pref0,0.9085[0.206465],0.908122[0.20756],0.908867[0.205396],54,0_44
Signal0,1[0],1[0],1[0],54,0_44
Hybridindex,17.8278[1.14005],17.7918[1.17405],17.8628[1.10479],55,0_44
Pref0,0.9125[0.201479],0.910841[0.205433],0.914116[0.197537],55,0_44
Signal0,1[0],1[0],1[0],55,0_44
Hybridindex,17.8528[1.06745],17.8884[1.0479],17.8193[1.0844],56,0_44
Pref0,0.91225[0.197294],0.912707[0.196492],0.911822[0.198042],56,0_44
Signal0,1[0],1[0],1[0],56,0_44
Hybridindex,17.8422[1.08408],17.8777[1.0772],17.8081[1.08958],57,0_44
Pref0,0.90875[0.198868],0.909786[0.198789],0.907753[0.198939],57,0_44
Signal0,1[0],1[0],1[0],57,0_44
Hybridindex,17.8603[1.09275],17.8692[1.10077],17.8519[1.08512],58,0_44
Pref0,0.91275[0.205578],0.914685[0.203921],0.910939[0.207101],58,0_44
Signal0,1[0],1[0],1[0],58,0_44
Hybridindex,17.8343[1.09037],17.8527[1.05403],17.8149[1.12698],59,0_44
Pref0,0.9125[0.201479],0.910244[0.203008],0.914872[0.199832],59,0_44
Signal0,1[0],1[0],1[0],59,0_44
Hybridindex,17.8472[1.08296],17.8499[1.10432],17.8447[1.06231],60,0_44
Pref0,0.90875[0.20322],0.908016[0.207806],0.909445[0.198775],60,0_44
Signal0,1[0],1[0],1[0],60,0_44
Hybridindex,17.851[1.11402],17.8545[1.1112],17.8475[1.11689],61,0_44
Pref0,0.90775[0.205827],0.90495[0.207234],0.910606[0.204343],61,0_44
Signal0,1[0],1[0],1[0],61,0_44
Hybridindex,17.8325[1.13521],17.847[1.17923],17.818[1.08921],62,0_44
Pref0,0.91075[0.201642],0.914[0.20026],0.9075[0.202962],62,0_44
Signal0,1[0],1[0],1[0],62,0_44
Hybridindex,17.8365[1.12484],17.8159[1.11409],17.8569[1.13506],63,0_44
Pref0,0.91725[0.195646],0.912738[0.202562],0.921735[0.188414],63,0_44
Signal0,1[0],1[0],1[0],63,0_44
Hybridindex,17.8732[1.10218],17.8712[1.09842],17.8752[1.10582],64,0_44
Pref0,0.915[0.198179],0.915314[0.19806],0.914694[0.198294],64,0_44
Signal0,1[0],1[0],1[0],64,0_44
Hybridindex,17.877[1.07836],17.8739[1.08015],17.8801[1.0766],65,0_44
Pref0,0.91175[0.200841],0.911201[0.200115],0.912289[0.201549],65,0_44
Signal0,1[0],1[0],1[0],65,0_44
Hybridindex,17.863[1.10453],17.8496[1.11751],17.8761[1.09146],66,0_44
Pref0,0.9115[0.201662],0.916751[0.19422],0.906343[0.208585],66,0_44
Signal0,1[0],1[0],1[0],66,0_44
Hybridindex,17.8675[1.10327],17.8506[1.06738],17.8852[1.13943],67,0_44
Pref0,0.90975[0.209117],0.912109[0.205134],0.907275[0.213188],67,0_44
Signal0,1[0],1[0],1[0],67,0_44
Hybridindex,17.8472[1.09215],17.8[1.07378],17.8945[1.10821],68,0_44
Pref0,0.90875[0.206878],0.916[0.201107],0.9015[0.212245],68,0_44
Signal0,1[0],1[0],1[0],68,0_44
Hybridindex,17.84[1.09757],17.8501[1.13314],17.8302[1.06167],69,0_44
Pref0,0.9125[0.197088],0.911348[0.198762],0.913623[0.195437],69,0_44
Signal0,1[0],1[0],1[0],69,0_44
Hybridindex,17.876[1.09858],17.8764[1.06752],17.8756[1.12778],70,0_44
Pref0,0.90675[0.201691],0.901831[0.204916],0.911504[0.198409],70,0_44
Signal0,1[0],1[0],1[0],70,0_44
Hybridindex,17.8622[1.08704],17.8625[1.06105],17.862[1.11277],71,0_44
Pref0,0.90175[0.209695],0.896723[0.213169],0.906848[0.205987],71,0_44
Signal0,1[0],1[0],1[0],71,0_44
Hybridindex,17.878[1.09721],17.878[1.08404],17.878[1.11002],72,0_44
Pref0,0.90325[0.206796],0.905746[0.199387],0.900794[0.213808],72,0_44
Signal0,1[0],1[0],1[0],72,0_44
Hybridindex,17.9052[1.05766],17.9344[1.05456],17.8776[1.05986],73,0_44
Pref0,0.90425[0.209062],0.906154[0.209182],0.902439[0.208932],73,0_44
Signal0,1[0],1[0],1[0],73,0_44
Hybridindex,17.9288[1.06539],17.9367[1.07265],17.9212[1.05842],74,0_44
Pref0,0.90575[0.208547],0.908436[0.205006],0.90321[0.211809],74,0_44
Signal0,1[0],1[0],1[0],74,0_44
Hybridindex,17.9555[1.04691],17.9374[1.08063],17.9741[1.01065],75,0_44
Pref0,0.9105[0.197458],0.907389[0.195503],0.913706[0.199403],75,0_44
Signal0,1[0],1[0],1[0],75,0_44
Hybridindex,17.9513[1.06384],17.9262[1.07848],17.9768[1.04807],76,0_44
Pref0,0.91175[0.200217],0.915347[0.195271],0.908081[0.205075],76,0_44
Signal0,1[0],1[0],1[0],76,0_44
Hybridindex,17.9228[1.05257],17.9343[1.05229],17.9105[1.05273],77,0_44
Pref0,0.90725[0.203771],0.900778[0.208943],0.914095[0.197924],77,0_44
Signal0,1[0],1[0],1[0],77,0_44
Hybridindex,17.91[1.05079],17.9514[1.03052],17.8697[1.06862],78,0_44
Pref0,0.90975[0.204279],0.910334[0.204594],0.909181[0.20397],78,0_44
Signal0,1[0],1[0],1[0],78,0_44
Hybridindex,17.9028[1.0357],17.8759[1.0778],17.9289[0.992262],79,0_44
Pref0,0.912[0.200639],0.913374[0.199654],0.910661[0.201585],79,0_44
Signal0,1[0],1[0],1[0],79,0_44
Hybridindex,17.871[1.04862],17.89[1.03521],17.8523[1.0613],80,0_44
Pref0,0.9135[0.198161],0.920787[0.19068],0.906343[0.204991],80,0_44
Signal0,1[0],1[0],1[0],80,0_44
Hybridindex,17.8712[1.04585],17.8761[1.05334],17.8661[1.03776],81,0_44
Pref0,0.9225[0.18972],0.92788[0.188942],0.916753[0.19038],81,0_44
Signal0,1[0],1[0],1[0],81,0_44
Hybridindex,17.859[1.08978],17.8791[1.11339],17.8388[1.06522],82,0_44
Pref0,0.92225[0.191911],0.923077[0.185856],0.921421[0.19779],82,0_44
Signal0,1[0],1[0],1[0],82,0_44
Hybridindex,17.853[1.07023],17.872[1.057],17.833[1.08366],83,0_44
Pref0,0.92475[0.182927],0.921616[0.188367],0.928058[0.176945],83,0_44
Signal0,1[0],1[0],1[0],83,0_44
Hybridindex,17.83[1.08021],17.8524[1.08057],17.8082[1.07941],84,0_44
Pref0,0.922[0.19472],0.923935[0.199632],0.920118[0.189803],84,0_44
Signal0,1[0],1[0],1[0],84,0_44
Hybridindex,17.8712[1.06292],17.8528[1.05915],17.8898[1.06637],85,0_44
Pref0,0.916[0.197342],0.91517[0.20422],0.916834[0.190183],85,0_44
Signal0,1[0],1[0],1[0],85,0_44
Hybridindex,17.8375[1.0548],17.8405[1.07055],17.8348[1.04006],86,0_44
Pref0,0.9195[0.1937],0.919187[0.192365],0.919789[0.194922],86,0_44
Signal0,1[0],1[0],1[0],86,0_44
Hybridindex,17.8305[1.06701],17.8566[1.07539],17.8046[1.05799],87,0_44
Pref0,0.91375[0.196051],0.910732[0.197921],0.91675[0.194128],87,0_44
Signal0,1[0],1[0],1[0],87,0_44
Hybridindex,17.8455[1.0899],17.8601[1.08391],17.8315[1.0954],88,0_44
Pref0,0.916[0.194792],0.914447[0.197594],0.91748[0.192072],88,0_44
Signal0,1[0],1[0],1[0],88,0_44
Hybridindex,17.8995[1.04888],17.9241[1.0589],17.8755[1.03845],89,0_44
Pref0,0.9105[0.200598],0.913462[0.19702],0.907609[0.20399],89,0_44
Signal0,1[0],1[0],1[0],89,0_44
Hybridindex,17.9[1.05534],17.9112[1.04773],17.8892[1.0625],90,0_44
Pref0,0.90725[0.201922],0.902041[0.208483],0.912255[0.19528],90,0_44
Signal0,1[0],1[0],1[0],90,0_44
Hybridindex,17.872[1.06024],17.8768[1.094],17.8674[1.02715],91,0_44
Pref0,0.90775[0.207641],0.901951[0.219403],0.913255[0.195664],91,0_44
Signal0,1[0],1[0],1[0],91,0_44
Hybridindex,17.8828[1.07442],17.8955[1.06879],17.8697[1.07998],92,0_44
Pref0,0.913[0.196675],0.915842[0.189702],0.910101[0.203502],92,0_44
Signal0,1[0],1[0],1[0],92,0_44
Hybridindex,17.9017[1.0747],17.8813[1.07453],17.9228[1.07445],93,0_44
Pref0,0.90975[0.204279],0.911823[0.200635],0.907614[0.207946],93,0_44
Signal0,1[0],1[0],1[0],93,0_44
Hybridindex,17.9468[1.04656],17.9541[1.06901],17.9397[1.02448],94,0_44
Pref0,0.923[0.187273],0.923469[0.186974],0.922549[0.187558],94,0_44
Signal0,1[0],1[0],1[0],94,0_44
Hybridindex,17.9082[1.09314],17.8887[1.09177],17.9279[1.09417],95,0_44
Pref0,0.924[0.190326],0.92515[0.18525],0.922846[0.195283],95,0_44
Signal0,1[0],1[0],1[0],95,0_44
Hybridindex,17.9235[1.05102],17.9534[1.03883],17.8931[1.0624],96,0_44
Pref0,0.92875[0.182479],0.929563[0.180934],0.927923[0.184031],96,0_44
Signal0,1[0],1[0],1[0],96,0_44
Hybridindex,17.9612[1.04779],17.9683[1.05286],17.9543[1.04273],97,0_44
Pref0,0.92875[0.183162],0.927996[0.18667],0.929494[0.179633],97,0_44
Signal0,1[0],1[0],1[0],97,0_44
Hybridindex,17.9715[1.05733],17.9694[1.07582],17.9736[1.03928],98,0_44
Pref0,0.92825[0.183649],0.932584[0.1752],0.924094[0.191308],98,0_44
Signal0,1[0],1[0],1[0],98,0_44
Hybridindex,18.0115[1.02768],18.0326[0.998195],17.9912[1.05494],99,0_44
Pref0,0.92675[0.185093],0.929226[0.181449],0.924361[0.18851],99,0_44
Signal0,1[0],1[0],1[0],99,0_44
Hybridindex,18.035[0.996757],18.0413[0.998893],18.0288[0.994611],100,0_44
Pref0,0.9255[0.184932],0.922883[0.188774],0.928075[0.181034],100,0_44
Signal0,1[0],1[0],1[0],100,0_44
Hybridindex,12.92[8.17151],13.3002[8.11469],12.5352[8.21071],1,0_45
Pref0,0.646[0.408576],0.66501[0.405735],0.626761[0.410536],1,0_45
Signal0,0.646[0.408576],0.66501[0.405735],0.626761[0.410536],1,0_45
Hybridindex,15.4927[5.74372],15.5025[5.77017],15.4827[5.71632],2,0_45
Pref0,0.77075[0.320655],0.772906[0.322253],0.768528[0.318984],2,0_45
Signal0,0.776[0.318707],0.778325[0.317973],0.773604[0.319444],2,0_45
Hybridindex,17.0828[3.58581],17.1512[3.63217],17.0122[3.53602],3,0_45
Pref0,0.8555[0.254695],0.858621[0.25589],0.852284[0.253418],3,0_45
Signal0,0.87875[0.235952],0.884236[0.232035],0.873096[0.239791],3,0_45
Hybridindex,17.6275[2.31819],17.6926[2.34081],17.5661[2.29494],4,0_45
Pref0,0.8795[0.229085],0.881565[0.226649],0.877551[0.231343],4,0_45
Signal0,0.9375[0.168356],0.936663[0.170885],0.93829[0.165931],4,0_45
Hybridindex,17.805[1.80519],17.7681[1.85308],17.8415[1.75584],5,0_45
Pref0,0.88325[0.231289],0.894366[0.218391],0.872266[0.242863],5,0_45
Signal0,0.96675[0.124577],0.970322[0.118145],0.963221[0.130526],5,0_45
Hybridindex,17.8167[1.59743],17.8779[1.60252],17.7553[1.58993],6,0_45
Pref0,0.887[0.220751],0.892822[0.212351],0.881143[0.228741],6,0_45
Signal0,0.98175[0.0937653],0.984048[0.0878726],0.979438[0.0992878],6,0_45
Hybridindex,17.7873[1.43086],17.7645[1.41771],17.8092[1.44312],7,0_45
Pref0,0.88[0.228254],0.879451[0.227698],0.880531[0.22879],7,0_45
Signal0,0.98975[0.0708515],0.990844[0.0670373],0.988692[0.0743372],7,0_45
Hybridindex,17.7593[1.411],17.7761[1.40227],17.7435[1.41897],8,0_45
Pref0,0.87275[0.2365],0.873065[0.237998],0.872454[0.235084],8,0_45
Signal0,0.99375[0.0555512],0.993808[0.0552959],0.993695[0.0557901],8,0_45
Hybridindex,17.7353[1.37032],17.7057[1.38297],17.7641[1.35726],9,0_45
Pref0,0.8755[0.23452],0.881966[0.22167],0.8692[0.246233],9,0_45
Signal0,0.99825[0.0295286],0.99848[0.027524],0.998026[0.0313571],9,0_45
Hybridindex,17.7452[1.34879],17.7754[1.29619],17.7149[1.39895],10,0_45
Pref0,0.8765[0.230212],0.873752[0.234882],0.879259[0.225394],10,0_45
Signal0,0.9995[0.0158035],1[0],0.998998[0.0223606],10,0_45
Hybridindex,17.7347[1.32033],17.7217[1.32594],17.748[1.31447],11,0_45
Pref0,0.872[0.240033],0.866071[0.246844],0.878024[0.232754],11,0_45
Signal0,0.999[0.0223383],0.999008[0.0222497],0.998992[0.022428],11,0_45
Hybridindex,17.742[1.31764],17.741[1.33713],17.743[1.29786],12,0_45
Pref0,0.87575[0.228991],0.872[0.233701],0.8795[0.22412],12,0_45
Signal0,0.99925[0.0193504],0.9995[0.0158035],0.999[0.0223383],12,0_45
Hybridindex,17.7387[1.28564],17.7575[1.30017],17.72[1.27067],13,0_45
Pref0,0.86675[0.241598],0.864[0.245976],0.8695[0.237107],13,0_45
Signal0,0.99925[0.0193504],0.9985[0.027345],1[0],13,0_45
Hybridindex,17.6878[1.27078],17.6551[1.25017],17.7208[1.29045],14,0_45
Pref0,0.86325[0.240675],0.857356[0.244788],0.869215[0.23629],14,0_45
Signal0,1[0],1[0],1[0],14,0_45
Hybridindex,17.6872[1.30099],17.6803[1.30193],17.6939[1.30004],15,0_45
Pref0,0.85325[0.252665],0.848825[0.259893],0.857493[0.245459],15,0_45
Signal0,1[0],1[0],1[0],15,0_45
Hybridindex,17.6735[1.30323],17.6306[1.34276],17.7163[1.26108],16,0_45
Pref0,0.8515[0.251888],0.854855[0.252027],0.848152[0.251706],16,0_45
Signal0,1[0],1[0],1[0],16,0_45
Hybridindex,17.6477[1.28347],17.6616[1.2855],17.6336[1.28124],17,0_45
Pref0,0.84775[0.252873],0.849802[0.248851],0.845648[0.256911],17,0_45
Signal0,1[0],1[0],1[0],17,0_45
Hybridindex,17.6788[1.20672],17.6694[1.20832],17.6885[1.20498],18,0_45
Pref0,0.85075[0.258069],0.851126[0.260661],0.850358[0.255336],18,0_45
Signal0,1[0],1[0],1[0],18,0_45
Hybridindex,17.6732[1.19179],17.6926[1.12472],17.6545[1.25304],19,0_45
Pref0,0.85425[0.250264],0.84248[0.257182],0.86565[0.242833],19,0_45
Signal0,1[0],1[0],1[0],19,0_45
Hybridindex,17.704[1.18865],17.6969[1.19236],17.7107[1.18506],20,0_45
Pref0,0.85525[0.252334],0.849744[0.257677],0.860488[0.247031],20,0_45
Signal0,1[0],1[0],1[0],20,0_45
Hybridindex,17.6983[1.20138],17.6943[1.21231],17.7023[1.19014],21,0_45
Pref0,0.8525[0.248985],0.854807[0.250825],0.850151[0.247077],21,0_45
Signal0,1[0],1[0],1[0],21,0_45
Hybridindex,17.6642[1.21589],17.6604[1.22165],17.6678[1.21064],22,0_45
Pref0,0.84925[0.249298],0.853838[0.244139],0.845091[0.253812],22,0_45
Signal0,1[0],1[0],1[0],22,0_45
Hybridindex,17.6212[1.21518],17.6044[1.21816],17.6385[1.21189],23,0_45
Pref0,0.848[0.255237],0.839268[0.260546],0.856926[0.249377],23,0_45
Signal0,1[0],1[0],1[0],23,0_45
Hybridindex,17.678[1.17593],17.6622[1.18905],17.6941[1.16215],24,0_45
Pref0,0.85275[0.247876],0.847676[0.247724],0.857937[0.247924],24,0_45
Signal0,1[0],1[0],1[0],24,0_45
Hybridindex,17.7[1.18691],17.6719[1.16936],17.7261[1.20239],25,0_45
Pref0,0.855[0.244387],0.858775[0.241777],0.851495[0.246734],25,0_45
Signal0,1[0],1[0],1[0],25,0_45
Hybridindex,17.7248[1.15957],17.7221[1.18238],17.7275[1.13578],26,0_45
Pref0,0.85625[0.248417],0.856578[0.251019],0.855915[0.245728],26,0_45
Signal0,1[0],1[0],1[0],26,0_45
Hybridindex,17.728[1.12451],17.7044[1.11877],17.7528[1.12998],27,0_45
Pref0,0.855[0.248948],0.861463[0.237523],0.848205[0.260245],27,0_45
Signal0,1[0],1[0],1[0],27,0_45
Hybridindex,17.727[1.12859],17.747[1.1159],17.7072[1.1407],28,0_45
Pref0,0.85775[0.248777],0.85492[0.255041],0.860558[0.24237],28,0_45
Signal0,1[0],1[0],1[0],28,0_45
Hybridindex,17.7428[1.11387],17.7074[1.10683],17.7797[1.11998],29,0_45
Pref0,0.853[0.249281],0.845401[0.251363],0.860941[0.246837],29,0_45
Signal0,1[0],1[0],1[0],29,0_45
Hybridindex,17.732[1.15084],17.7326[1.16802],17.7314[1.1331],30,0_45
Pref0,0.846[0.258426],0.849206[0.259883],0.842742[0.256896],30,0_45
Signal0,1[0],1[0],1[0],30,0_45
Hybridindex,17.7285[1.1707],17.6988[1.14884],17.7601[1.19271],31,0_45
Pref0,0.85475[0.247037],0.848691[0.252813],0.861197[0.240573],31,0_45
Signal0,1[0],1[0],1[0],31,0_45
Hybridindex,17.7667[1.12259],17.704[1.13386],17.8282[1.108],32,0_45
Pref0,0.85275[0.249384],0.857071[0.246235],0.848515[0.252361],32,0_45
Signal0,1[0],1[0],1[0],32,0_45
Hybridindex,17.7675[1.10394],17.751[1.1384],17.785[1.06601],33,0_45
Pref0,0.85525[0.251341],0.855058[0.254156],0.855453[0.24833],33,0_45
Signal0,1[0],1[0],1[0],33,0_45
Hybridindex,17.7658[1.12428],17.7411[1.12578],17.7909[1.12219],34,0_45
Pref0,0.85375[0.247964],0.848515[0.256254],0.859091[0.239092],34,0_45
Signal0,1[0],1[0],1[0],34,0_45
Hybridindex,17.7703[1.12165],17.7812[1.09098],17.7591[1.15198],35,0_45
Pref0,0.85475[0.247037],0.84901[0.252167],0.860606[0.241551],35,0_45
Signal0,1[0],1[0],1[0],35,0_45
Hybridindex,17.7937[1.1447],17.7637[1.17028],17.8252[1.11648],36,0_45
Pref0,0.852[0.255629],0.855186[0.254254],0.848671[0.257015],36,0_45
Signal0,1[0],1[0],1[0],36,0_45
Hybridindex,17.7645[1.14249],17.7628[1.09304],17.7662[1.18961],37,0_45
Pref0,0.856[0.245487],0.853561[0.241443],0.858425[0.249419],37,0_45
Signal0,1[0],1[0],1[0],37,0_45
Hybridindex,17.7862[1.13751],17.8059[1.14533],17.7651[1.12863],38,0_45
Pref0,0.8605[0.246048],0.855491[0.251821],0.865904[0.239546],38,0_45
Signal0,1[0],1[0],1[0],38,0_45
Hybridindex,17.7667[1.1607],17.7507[1.1865],17.7829[1.13382],39,0_45
Pref0,0.85725[0.243921],0.865672[0.237871],0.848744[0.249595],39,0_45
Signal0,1[0],1[0],1[0],39,0_45
Hybridindex,17.7365[1.16708],17.7447[1.19038],17.7277[1.14133],40,0_45
Pref0,0.8605[0.243495],0.86368[0.240345],0.857069[0.246803],40,0_45
Signal0,1[0],1[0],1[0],40,0_45
Hybridindex,17.7465[1.15639],17.7368[1.17785],17.7566[1.13354],41,0_45
Pref0,0.85575[0.251629],0.860784[0.245012],0.85051[0.258231],41,0_45
Signal0,1[0],1[0],1[0],41,0_45
Hybridindex,17.7162[1.14198],17.6703[1.16673],17.76[1.11616],42,0_45
Pref0,0.84725[0.2565],0.846154[0.259038],0.848293[0.254059],42,0_45
Signal0,1[0],1[0],1[0],42,0_45
Hybridindex,17.7383[1.11708],17.71[1.1256],17.7676[1.10739],43,0_45
Pref0,0.851[0.255047],0.846418[0.256829],0.855759[0.253095],43,0_45
Signal0,1[0],1[0],1[0],43,0_45
Hybridindex,17.7105[1.13245],17.6804[1.1364],17.7397[1.12785],44,0_45
Pref0,0.8465[0.25824],0.842988[0.256999],0.849902[0.259391],44,0_45
Signal0,1[0],1[0],1[0],44,0_45
Hybridindex,17.7205[1.13551],17.6771[1.13951],17.7643[1.12976],45,0_45
Pref0,0.85025[0.250898],0.846269[0.253333],0.854271[0.24835],45,0_45
Signal0,1[0],1[0],1[0],45,0_45
Hybridindex,17.716[1.13593],17.7561[1.09955],17.677[1.16891],46,0_45
Pref0,0.8525[0.253956],0.858519[0.248756],0.846647[0.258778],46,0_45
Signal0,1[0],1[0],1[0],46,0_45
Hybridindex,17.6412[1.18456],17.6506[1.18978],17.632[1.17928],47,0_45
Pref0,0.83375[0.262175],0.838353[0.265058],0.829183[0.259203],47,0_45
Signal0,1[0],1[0],1[0],47,0_45
Hybridindex,17.691[1.1359],17.6794[1.14033],17.7038[1.13086],48,0_45
Pref0,0.84175[0.259965],0.84876[0.25618],0.834034[0.263854],48,0_45
Signal0,1[0],1[0],1[0],48,0_45
Hybridindex,17.6735[1.15115],17.6784[1.16717],17.6684[1.13422],49,0_45
Pref0,0.8525[0.251483],0.851471[0.250974],0.853571[0.252007],49,0_45
Signal0,1[0],1[0],1[0],49,0_45
Hybridindex,17.6608[1.12418],17.6433[1.11287],17.6781[1.13507],50,0_45
Pref0,0.856[0.245996],0.859218[0.246153],0.852794[0.245797],50,0_45
Signal0,1[0],1[0],1[0],50,0_45
Hybridindex,17.6773[1.09245],17.6349[1.09547],17.7203[1.0877],51,0_45
Pref0,0.84975[0.2501],0.84871[0.256229],0.850806[0.24371],51,0_45
Signal0,1[0],1[0],1[0],51,0_45
Hybridindex,17.7093[1.10446],17.7042[1.12893],17.7144[1.0786],52,0_45
Pref0,0.8515[0.252879],0.846949[0.255742],0.856199[0.249801],52,0_45
Signal0,1[0],1[0],1[0],52,0_45
Hybridindex,17.7385[1.11304],17.7191[1.10176],17.7583[1.12412],53,0_45
Pref0,0.84575[0.25609],0.845697[0.252444],0.845804[0.259764],53,0_45
Signal0,1[0],1[0],1[0],53,0_45
Hybridindex,17.762[1.11953],17.7866[1.09148],17.7379[1.1459],54,0_45
Pref0,0.855[0.25045],0.850656[0.254915],0.859267[0.24591],54,0_45
Signal0,1[0],1[0],1[0],54,0_45
Hybridindex,17.7653[1.14161],17.795[1.13744],17.7371[1.14483],55,0_45
Pref0,0.8535[0.251571],0.853032[0.250351],0.853944[0.252719],55,0_45
Signal0,1[0],1[0],1[0],55,0_45
Hybridindex,17.7662[1.14586],17.7648[1.15393],17.7677[1.13753],56,0_45
Pref0,0.85275[0.251381],0.843874[0.259849],0.861842[0.242063],56,0_45
Signal0,1[0],1[0],1[0],56,0_45
Hybridindex,17.7662[1.14934],17.7645[1.14686],17.768[1.15183],57,0_45
Pref0,0.847[0.251676],0.853792[0.249412],0.84018[0.253747],57,0_45
Signal0,1[0],1[0],1[0],57,0_45
Hybridindex,17.8085[1.11974],17.7839[1.12709],17.8322[1.11212],58,0_45
Pref0,0.84325[0.260872],0.835882[0.259532],0.850343[0.261961],58,0_45
Signal0,1[0],1[0],1[0],58,0_45
Hybridindex,17.8535[1.11076],17.8295[1.10075],17.8774[1.12011],59,0_45
Pref0,0.85175[0.252778],0.845537[0.257705],0.857926[0.24763],59,0_45
Signal0,1[0],1[0],1[0],59,0_45
Hybridindex,17.8418[1.15373],17.8062[1.14655],17.8774[1.15977],60,0_45
Pref0,0.85575[0.247623],0.862138[0.241695],0.849349[0.253261],60,0_45
Signal0,1[0],1[0],1[0],60,0_45
Hybridindex,17.8863[1.09061],17.8841[1.08877],17.8885[1.09253],61,0_45
Pref0,0.86275[0.245025],0.858121[0.249123],0.867587[0.240574],61,0_45
Signal0,1[0],1[0],1[0],61,0_45
Hybridindex,17.8845[1.08819],17.9161[1.092],17.8513[1.08317],62,0_45
Pref0,0.8595[0.242404],0.861463[0.241596],0.857436[0.243234],62,0_45
Signal0,1[0],1[0],1[0],62,0_45
Hybridindex,17.8908[1.10677],17.9297[1.09551],17.8538[1.1161],63,0_45
Pref0,0.8675[0.234934],0.87115[0.232342],0.864035[0.237315],63,0_45
Signal0,1[0],1[0],1[0],63,0_45
Hybridindex,17.8747[1.10054],17.8701[1.08903],17.8794[1.11184],64,0_45
Pref0,0.876[0.231028],0.882146[0.220336],0.86989[0.241032],64,0_45
Signal0,1[0],1[0],1[0],64,0_45
Hybridindex,17.897[1.06613],17.8728[1.07553],17.9204[1.05644],65,0_45
Pref0,0.885[0.226991],0.879451[0.235387],0.890364[0.218436],65,0_45
Signal0,1[0],1[0],1[0],65,0_45
Hybridindex,17.9097[1.06324],17.9369[1.04843],17.8831[1.07692],66,0_45
Pref0,0.88325[0.229662],0.877397[0.233115],0.888999[0.226071],66,0_45
Signal0,1[0],1[0],1[0],66,0_45
Hybridindex,17.9193[1.05587],17.9633[1.03995],17.8745[1.06995],67,0_45
Pref0,0.88275[0.229407],0.890377[0.223022],0.875[0.235465],67,0_45
Signal0,1[0],1[0],1[0],67,0_45
Hybridindex,17.8795[1.08015],17.914[1.09937],17.845[1.05947],68,0_45
Pref0,0.888[0.229033],0.8815[0.239181],0.8945[0.218219],68,0_45
Signal0,1[0],1[0],1[0],68,0_45
Hybridindex,17.8865[1.07022],17.8929[1.06808],17.8799[1.07237],69,0_45
Pref0,0.891[0.216492],0.89536[0.212883],0.886525[0.220046],69,0_45
Signal0,1[0],1[0],1[0],69,0_45
Hybridindex,17.8457[1.08032],17.8153[1.09144],17.8772[1.06782],70,0_45
Pref0,0.894[0.221391],0.884236[0.227749],0.904061[0.214177],70,0_45
Signal0,1[0],1[0],1[0],70,0_45
Hybridindex,17.875[1.0939],17.8858[1.14498],17.8647[1.04279],71,0_45
Pref0,0.893[0.220909],0.902152[0.209668],0.884277[0.230778],71,0_45
Signal0,1[0],1[0],1[0],71,0_45
Hybridindex,17.8983[1.10421],17.8964[1.10671],17.9[1.10177],72,0_45
Pref0,0.8865[0.225539],0.888832[0.223214],0.884236[0.227749],72,0_45
Signal0,1[0],1[0],1[0],72,0_45
Hybridindex,17.8805[1.07458],17.8803[1.0806],17.8807[1.06834],73,0_45
Pref0,0.89[0.223942],0.88867[0.228337],0.891371[0.219313],73,0_45
Signal0,1[0],1[0],1[0],73,0_45
Hybridindex,17.8855[1.04971],17.8918[1.03528],17.8791[1.06399],74,0_45
Pref0,0.8925[0.220667],0.898305[0.21561],0.88666[0.225489],74,0_45
Signal0,1[0],1[0],1[0],74,0_45
Hybridindex,17.8903[1.07985],17.8776[1.07052],17.9028[1.08891],75,0_45
Pref0,0.892[0.221554],0.897192[0.21761],0.886839[0.225287],75,0_45
Signal0,1[0],1[0],1[0],75,0_45
Hybridindex,17.8515[1.06686],17.8518[1.05008],17.8512[1.08436],76,0_45
Pref0,0.8895[0.221449],0.88484[0.225022],0.894439[0.21749],76,0_45
Signal0,1[0],1[0],1[0],76,0_45
Hybridindex,17.8543[1.06695],17.8239[1.06138],17.8821[1.07128],77,0_45
Pref0,0.8945[0.216494],0.894984[0.217317],0.894056[0.215736],77,0_45
Signal0,1[0],1[0],1[0],77,0_45
Hybridindex,17.8475[1.07366],17.8344[1.09447],17.8599[1.05345],78,0_45
Pref0,0.88875[0.224162],0.889403[0.219569],0.888132[0.228417],78,0_45
Signal0,1[0],1[0],1[0],78,0_45
Hybridindex,17.7885[1.1008],17.8076[1.10022],17.7695[1.10105],79,0_45
Pref0,0.896[0.214905],0.889279[0.219343],0.902695[0.210177],79,0_45
Signal0,1[0],1[0],1[0],79,0_45
Hybridindex,17.8047[1.11792],17.7924[1.13242],17.817[1.10319],80,0_45
Pref0,0.8905[0.21854],0.883651[0.225068],0.897308[0.211633],80,0_45
Signal0,1[0],1[0],1[0],80,0_45
Hybridindex,17.7937[1.13472],17.7549[1.12985],17.8351[1.13841],81,0_45
Pref0,0.89675[0.213224],0.892718[0.215639],0.901031[0.210544],81,0_45
Signal0,1[0],1[0],1[0],81,0_45
Hybridindex,17.8235[1.10004],17.8164[1.10173],17.8307[1.09829],82,0_45
Pref0,0.893[0.217488],0.886567[0.226522],0.899497[0.207763],82,0_45
Signal0,1[0],1[0],1[0],82,0_45
Hybridindex,17.7873[1.07685],17.8095[1.06739],17.7646[1.08592],83,0_45
Pref0,0.88875[0.22079],0.886905[0.218461],0.890625[0.223117],83,0_45
Signal0,1[0],1[0],1[0],83,0_45
Hybridindex,17.7963[1.0687],17.822[1.06948],17.7714[1.06735],84,0_45
Pref0,0.88775[0.218002],0.889624[0.212226],0.885939[0.223428],84,0_45
Signal0,1[0],1[0],1[0],84,0_45
Hybridindex,17.8002[1.03934],17.7994[1.03138],17.801[1.04652],85,0_45
Pref0,0.88075[0.232173],0.87395[0.241176],0.886927[0.223502],85,0_45
Signal0,1[0],1[0],1[0],85,0_45
Hybridindex,17.7913[1.07671],17.7961[1.05427],17.7866[1.09815],86,0_45
Pref0,0.88575[0.222648],0.890688[0.218558],0.880929[0.226465],86,0_45
Signal0,1[0],1[0],1[0],86,0_45
Hybridindex,17.812[1.04733],17.8189[1.02726],17.8051[1.06706],87,0_45
Pref0,0.88975[0.221856],0.888224[0.224456],0.891283[0.219204],87,0_45
Signal0,1[0],1[0],1[0],87,0_45
Hybridindex,17.8117[1.04878],17.8056[1.07263],17.8178[1.02468],88,0_45
Pref0,0.8885[0.223199],0.890232[0.221082],0.886792[0.225254],88,0_45
Signal0,1[0],1[0],1[0],88,0_45
Hybridindex,17.8487[1.05107],17.8374[1.07028],17.86[1.03165],89,0_45
Pref0,0.883[0.228716],0.896274[0.213625],0.869911[0.241968],89,0_45
Signal0,1[0],1[0],1[0],89,0_45
Hybridindex,17.861[1.05068],17.8472[1.06854],17.8759[1.03089],90,0_45
Pref0,0.87925[0.231936],0.874156[0.234094],0.884735[0.229464],90,0_45
Signal0,1[0],1[0],1[0],90,0_45
Hybridindex,17.8697[1.04662],17.8487[1.05017],17.8911[1.04256],91,0_45
Pref0,0.86975[0.242714],0.868552[0.240562],0.870968[0.244875],91,0_45
Signal0,1[0],1[0],1[0],91,0_45
Hybridindex,17.8852[1.04185],17.8749[1.03964],17.8963[1.04409],92,0_45
Pref0,0.866[0.24299],0.870999[0.241927],0.860681[0.244003],92,0_45
Signal0,1[0],1[0],1[0],92,0_45
Hybridindex,17.8822[1.04368],17.9084[1.01347],17.855[1.0736],93,0_45
Pref0,0.86525[0.239202],0.866797[0.237074],0.863636[0.24139],93,0_45
Signal0,1[0],1[0],1[0],93,0_45
Hybridindex,17.8893[1.03567],17.8629[1.01884],17.9146[1.05099],94,0_45
Pref0,0.85625[0.249922],0.851682[0.247659],0.860648[0.252003],94,0_45
Signal0,1[0],1[0],1[0],94,0_45
Hybridindex,17.9047[1.01688],17.9515[1.02029],17.8608[1.0117],95,0_45
Pref0,0.84525[0.252839],0.847781[0.248417],0.842871[0.256903],95,0_45
Signal0,1[0],1[0],1[0],95,0_45
Hybridindex,17.9035[1.04376],17.9039[1.03433],17.903[1.05339],96,0_45
Pref0,0.845[0.257827],0.856158[0.255961],0.833503[0.259234],96,0_45
Signal0,1[0],1[0],1[0],96,0_45
Hybridindex,17.923[1.03541],17.9161[1.04601],17.9301[1.02436],97,0_45
Pref0,0.84575[0.255601],0.837117[0.264042],0.85461[0.246324],97,0_45
Signal0,1[0],1[0],1[0],97,0_45
Hybridindex,17.9247[1.05568],18[1.02773],17.8527[1.07684],98,0_45
Pref0,0.8395[0.260748],0.853272[0.247057],0.826321[0.272558],98,0_45
Signal0,1[0],1[0],1[0],98,0_45
Hybridindex,17.9477[1.04792],17.9207[1.08096],17.9736[1.0147],99,0_45
Pref0,0.84125[0.263957],0.843398[0.264865],0.839198[0.263071],99,0_45
Signal0,1[0],1[0],1[0],99,0_45
Hybridindex,17.9477[1.07093],17.9493[1.05357],17.9463[1.08755],100,0_45
Pref0,0.8365[0.262712],0.827586[0.269643],0.845168[0.255494],100,0_45
Signal0,1[0],1[0],1[0],100,0_45
Hybridindex,12.47[8.19751],12.5677[8.18705],12.3729[8.20673],1,0_46
Pref0,0.6235[0.409875],0.628385[0.409352],0.618644[0.410337],1,0_46
Signal0,0.6235[0.409875],0.628385[0.409352],0.618644[0.410337],1,0_46
Hybridindex,14.763[6.24426],14.819[6.18726],14.707[6.30025],2,0_46
Pref0,0.74[0.343366],0.743[0.342711],0.737[0.343993],2,0_46
Signal0,0.73775[0.342199],0.737[0.338129],0.7385[0.346219],2,0_46
Hybridindex,16.6232[3.98098],16.5568[4.07222],16.6846[3.89385],3,0_46
Pref0,0.833[0.269464],0.836458[0.270655],0.829808[0.268321],3,0_46
Signal0,0.856[0.251523],0.851042[0.259605],0.860577[0.243736],3,0_46
Hybridindex,17.4105[2.57944],17.5199[2.56151],17.3103[2.5917],4,0_46
Pref0,0.87475[0.234387],0.876569[0.230823],0.873084[0.237592],4,0_46
Signal0,0.92325[0.187708],0.92364[0.186987],0.922893[0.188366],4,0_46
Hybridindex,17.6313[1.98366],17.5735[1.98907],17.6915[1.9762],5,0_46
Pref0,0.8825[0.230095],0.873164[0.237982],0.892237[0.221152],5,0_46
Signal0,0.959[0.137182],0.956415[0.141042],0.961696[0.132985],5,0_46
Hybridindex,17.6562[1.70146],17.599[1.75214],17.7124[1.64834],6,0_46
Pref0,0.89425[0.220662],0.897475[0.22098],0.891089[0.220305],6,0_46
Signal0,0.98175[0.0937653],0.981313[0.0948379],0.982178[0.0926999],6,0_46
Hybridindex,17.616[1.53763],17.5914[1.56524],17.6401[1.50968],7,0_46
Pref0,0.893[0.222601],0.900505[0.220077],0.885644[0.224803],7,0_46
Signal0,0.99[0.07],0.989899[0.0703454],0.990099[0.0696596],7,0_46
Hybridindex,17.6627[1.44443],17.6389[1.39536],17.685[1.48838],8,0_46
Pref0,0.89975[0.210535],0.89171[0.214582],0.907246[0.206409],8,0_46
Signal0,0.99475[0.0509651],0.995337[0.048061],0.994203[0.0535252],8,0_46
Hybridindex,17.664[1.39243],17.7017[1.34608],17.6271[1.43536],9,0_46
Pref0,0.901[0.210829],0.903438[0.209791],0.898615[0.211813],9,0_46
Signal0,0.99575[0.0459014],0.996461[0.0419159],0.995054[0.0494807],9,0_46
Hybridindex,17.661[1.33841],17.6405[1.32326],17.6815[1.35307],10,0_46
Pref0,0.8975[0.213293],0.8915[0.219038],0.9035[0.207214],10,0_46
Signal0,0.9975[0.0352668],0.9985[0.027345],0.9965[0.0416863],10,0_46
Hybridindex,17.618[1.34036],17.6484[1.33089],17.587[1.34928],11,0_46
Pref0,0.8975[0.213878],0.901583[0.206131],0.893327[0.221439],11,0_46
Signal0,0.99775[0.0334655],0.996044[0.0443011],0.999494[0.015891],11,0_46
Hybridindex,17.5475[1.3422],17.5531[1.35477],17.5422[1.33025],12,0_46
Pref0,0.89925[0.209701],0.900929[0.206921],0.897672[0.212268],12,0_46
Signal0,0.99975[0.0111775],1[0],0.999515[0.0155643],12,0_46
Hybridindex,17.5547[1.32075],17.5465[1.33769],17.5631[1.30318],13,0_46
Pref0,0.901[0.212012],0.89901[0.212712],0.90303[0.211275],13,0_46
Signal0,0.99975[0.0111775],1[0],0.999495[0.015883],13,0_46
Hybridindex,17.569[1.29576],17.5758[1.28949],17.5619[1.30223],14,0_46
Pref0,0.90375[0.208832],0.89775[0.216864],0.91002[0.199902],14,0_46
Signal0,1[0],1[0],1[0],14,0_46
Hybridindex,17.548[1.33808],17.569[1.35662],17.5273[1.31921],15,0_46
Pref0,0.90725[0.200056],0.900806[0.204381],0.913605[0.195489],15,0_46
Signal0,1[0],1[0],1[0],15,0_46
Hybridindex,17.5502[1.30532],17.4826[1.33048],17.6147[1.27754],16,0_46
Pref0,0.907[0.208209],0.907787[0.20421],0.90625[0.211948],16,0_46
Signal0,1[0],1[0],1[0],16,0_46
Hybridindex,17.5087[1.32497],17.4945[1.33872],17.5232[1.31072],17,0_46
Pref0,0.9025[0.213293],0.906653[0.208378],0.898288[0.218083],17,0_46
Signal0,1[0],1[0],1[0],17,0_46
Hybridindex,17.473[1.34453],17.4363[1.33198],17.5078[1.35542],18,0_46
Pref0,0.91[0.202855],0.910678[0.199406],0.909357[0.206073],18,0_46
Signal0,1[0],1[0],1[0],18,0_46
Hybridindex,17.4062[1.35049],17.3476[1.33483],17.4665[1.36379],19,0_46
Pref0,0.90725[0.204383],0.914201[0.197458],0.900101[0.21103],19,0_46
Signal0,1[0],1[0],1[0],19,0_46
Hybridindex,17.3735[1.34322],17.4056[1.34045],17.3434[1.34513],20,0_46
Pref0,0.9145[0.199223],0.909185[0.201921],0.919496[0.196522],20,0_46
Signal0,1[0],1[0],1[0],20,0_46
Hybridindex,17.3657[1.30618],17.3909[1.30073],17.3414[1.31099],21,0_46
Pref0,0.9085[0.200319],0.904569[0.204094],0.912315[0.196512],21,0_46
Signal0,1[0],1[0],1[0],21,0_46
Hybridindex,17.3577[1.28905],17.4244[1.28462],17.2957[1.29007],22,0_46
Pref0,0.9185[0.190677],0.91399[0.194113],0.922705[0.187319],22,0_46
Signal0,1[0],1[0],1[0],22,0_46
Hybridindex,17.359[1.28758],17.3714[1.28246],17.3463[1.29268],23,0_46
Pref0,0.91525[0.194145],0.926805[0.184952],0.903438[0.202433],23,0_46
Signal0,1[0],1[0],1[0],23,0_46
Hybridindex,17.3867[1.27996],17.3925[1.28085],17.3812[1.27907],24,0_46
Pref0,0.915[0.198179],0.917343[0.19635],0.912722[0.199916],24,0_46
Signal0,1[0],1[0],1[0],24,0_46
Hybridindex,17.4103[1.30521],17.3783[1.3109],17.4413[1.2989],25,0_46
Pref0,0.91125[0.201862],0.908215[0.207476],0.914201[0.196205],25,0_46
Signal0,1[0],1[0],1[0],25,0_46
Hybridindex,17.431[1.30556],17.461[1.27077],17.4009[1.33884],26,0_46
Pref0,0.9125[0.200234],0.916583[0.198105],0.908408[0.202263],26,0_46
Signal0,1[0],1[0],1[0],26,0_46
Hybridindex,17.3665[1.30908],17.4087[1.31512],17.3251[1.30178],27,0_46
Pref0,0.91575[0.198184],0.920787[0.189353],0.910803[0.206371],27,0_46
Signal0,1[0],1[0],1[0],27,0_46
Hybridindex,17.4138[1.26696],17.3617[1.27678],17.4656[1.25496],28,0_46
Pref0,0.9225[0.184374],0.925852[0.177697],0.919162[0.190734],28,0_46
Signal0,1[0],1[0],1[0],28,0_46
Hybridindex,17.437[1.27005],17.4181[1.27947],17.4562[1.26014],29,0_46
Pref0,0.91925[0.195204],0.926514[0.186597],0.911883[0.203296],29,0_46
Signal0,1[0],1[0],1[0],29,0_46
Hybridindex,17.3455[1.25255],17.3536[1.27187],17.3375[1.23311],30,0_46
Pref0,0.925[0.187417],0.923038[0.189944],0.926938[0.184865],30,0_46
Signal0,1[0],1[0],1[0],30,0_46
Hybridindex,17.3725[1.26481],17.3909[1.24563],17.3538[1.28374],31,0_46
Pref0,0.9215[0.189309],0.918155[0.192873],0.924899[0.185554],31,0_46
Signal0,1[0],1[0],1[0],31,0_46
Hybridindex,17.3648[1.28485],17.3774[1.2792],17.3521[1.29033],32,0_46
Pref0,0.92125[0.187546],0.931932[0.17292],0.910589[0.200518],32,0_46
Signal0,1[0],1[0],1[0],32,0_46
Hybridindex,17.363[1.29855],17.2861[1.31346],17.4386[1.27924],33,0_46
Pref0,0.9245[0.186547],0.920787[0.188016],0.928147[0.18502],33,0_46
Signal0,1[0],1[0],1[0],33,0_46
Hybridindex,17.3505[1.30668],17.3245[1.28901],17.3755[1.32295],34,0_46
Pref0,0.925[0.18473],0.92398[0.18235],0.92598[0.186982],34,0_46
Signal0,1[0],1[0],1[0],34,0_46
Hybridindex,17.365[1.25051],17.3729[1.27208],17.3571[1.22838],35,0_46
Pref0,0.9285[0.18135],0.929212[0.184045],0.927783[0.178595],35,0_46
Signal0,1[0],1[0],1[0],35,0_46
Hybridindex,17.3828[1.28048],17.3829[1.28094],17.3826[1.28002],36,0_46
Pref0,0.92325[0.189036],0.917085[0.193901],0.929353[0.183889],36,0_46
Signal0,1[0],1[0],1[0],36,0_46
Hybridindex,17.4258[1.28535],17.4349[1.29941],17.4166[1.27109],37,0_46
Pref0,0.92575[0.18537],0.922923[0.18735],0.928571[0.183328],37,0_46
Signal0,1[0],1[0],1[0],37,0_46
Hybridindex,17.4215[1.2684],17.4371[1.29122],17.4057[1.24454],38,0_46
Pref0,0.9235[0.186139],0.921209[0.19016],0.925832[0.181925],38,0_46
Signal0,1[0],1[0],1[0],38,0_46
Hybridindex,17.408[1.25311],17.4803[1.24706],17.3409[1.25498],39,0_46
Pref0,0.9235[0.190782],0.928868[0.18194],0.918515[0.198511],39,0_46
Signal0,1[0],1[0],1[0],39,0_46
Hybridindex,17.4455[1.27614],17.439[1.25365],17.4519[1.29786],40,0_46
Pref0,0.92125[0.191503],0.918851[0.191075],0.923611[0.191894],40,0_46
Signal0,1[0],1[0],1[0],40,0_46
Hybridindex,17.4597[1.26264],17.4717[1.31118],17.4476[1.2112],41,0_46
Pref0,0.91525[0.199856],0.908234[0.209548],0.922379[0.189234],41,0_46
Signal0,1[0],1[0],1[0],41,0_46
Hybridindex,17.4402[1.24972],17.4786[1.24257],17.4013[1.25573],42,0_46
Pref0,0.923[0.192538],0.923535[0.18673],0.922457[0.198253],42,0_46
Signal0,1[0],1[0],1[0],42,0_46
Hybridindex,17.4142[1.25649],17.4054[1.27058],17.4226[1.2431],43,0_46
Pref0,0.926[0.181725],0.932782[0.173565],0.919652[0.188824],43,0_46
Signal0,1[0],1[0],1[0],43,0_46
Hybridindex,17.3992[1.2653],17.3761[1.2681],17.424[1.26183],44,0_46
Pref0,0.926[0.182412],0.919167[0.191798],0.933299[0.171518],44,0_46
Signal0,1[0],1[0],1[0],44,0_46
Hybridindex,17.3878[1.24299],17.3958[1.2444],17.3792[1.24144],45,0_46
Pref0,0.91925[0.19838],0.924051[0.19128],0.914183[0.205486],45,0_46
Signal0,1[0],1[0],1[0],45,0_46
Hybridindex,17.3867[1.23917],17.3523[1.26348],17.4206[1.21382],46,0_46
Pref0,0.9245[0.186547],0.922379[0.189234],0.926587[0.18384],46,0_46
Signal0,1[0],1[0],1[0],46,0_46
Hybridindex,17.3412[1.25297],17.346[1.24278],17.3362[1.26358],47,0_46
Pref0,0.9205[0.19021],0.913743[0.1965],0.927618[0.183081],47,0_46
Signal0,1[0],1[0],1[0],47,0_46
Hybridindex,17.3427[1.24314],17.3584[1.19928],17.3278[1.28353],48,0_46
Pref0,0.927[0.184177],0.932004[0.180117],0.922211[0.187855],48,0_46
Signal0,1[0],1[0],1[0],48,0_46
Hybridindex,17.3343[1.20318],17.3441[1.20028],17.3249[1.20588],49,0_46
Pref0,0.9305[0.17796],0.928425[0.179438],0.932485[0.176511],49,0_46
Signal0,1[0],1[0],1[0],49,0_46
Hybridindex,17.404[1.19991],17.3759[1.19144],17.4321[1.20765],50,0_46
Pref0,0.93475[0.171369],0.926927[0.182206],0.942557[0.159442],50,0_46
Signal0,1[0],1[0],1[0],50,0_46
Hybridindex,17.4047[1.24662],17.4263[1.24095],17.3808[1.25244],51,0_46
Pref0,0.9365[0.173112],0.934411[0.177044],0.938819[0.168611],51,0_46
Signal0,1[0],1[0],1[0],51,0_46
Hybridindex,17.3983[1.22954],17.399[1.26861],17.3976[1.19157],52,0_46
Pref0,0.9355[0.170557],0.941753[0.162007],0.929612[0.178034],52,0_46
Signal0,1[0],1[0],1[0],52,0_46
Hybridindex,17.4062[1.20803],17.4333[1.19838],17.3794[1.21695],53,0_46
Pref0,0.9325[0.173763],0.928786[0.180393],0.936191[0.166832],53,0_46
Signal0,1[0],1[0],1[0],53,0_46
Hybridindex,17.3833[1.22147],17.384[1.19292],17.3825[1.24916],54,0_46
Pref0,0.931[0.178154],0.926707[0.185167],0.935259[0.170807],54,0_46
Signal0,1[0],1[0],1[0],54,0_46
Hybridindex,17.369[1.22825],17.3453[1.22494],17.3914[1.23095],55,0_46
Pref0,0.9375[0.172753],0.941418[0.163972],0.933788[0.180602],55,0_46
Signal0,1[0],1[0],1[0],55,0_46
Hybridindex,17.335[1.24259],17.2998[1.26122],17.3688[1.22351],56,0_46
Pref0,0.93375[0.173885],0.939224[0.166481],0.928501[0.180544],56,0_46
Signal0,1[0],1[0],1[0],56,0_46
Hybridindex,17.3313[1.21136],17.3572[1.25256],17.305[1.16769],57,0_46
Pref0,0.93475[0.176401],0.938806[0.16983],0.930653[0.182707],57,0_46
Signal0,1[0],1[0],1[0],57,0_46
Hybridindex,17.3637[1.21802],17.3377[1.23054],17.391[1.20416],58,0_46
Pref0,0.92775[0.182085],0.928152[0.182224],0.927329[0.181939],58,0_46
Signal0,1[0],1[0],1[0],58,0_46
Hybridindex,17.3565[1.22266],17.3284[1.22318],17.3849[1.22149],59,0_46
Pref0,0.923[0.185933],0.920398[0.188294],0.925628[0.18348],59,0_46
Signal0,1[0],1[0],1[0],59,0_46
Hybridindex,17.3895[1.20894],17.3608[1.19006],17.4159[1.22549],60,0_46
Pref0,0.9235[0.185466],0.927007[0.179475],0.920269[0.190762],60,0_46
Signal0,1[0],1[0],1[0],60,0_46
Hybridindex,17.358[1.21123],17.3436[1.23138],17.3717[1.19159],61,0_46
Pref0,0.92475[0.18765],0.928205[0.182502],0.921463[0.192361],61,0_46
Signal0,1[0],1[0],1[0],61,0_46
Hybridindex,17.3448[1.23896],17.359[1.25136],17.3301[1.2259],62,0_46
Pref0,0.9255[0.182893],0.924556[0.181704],0.926471[0.184102],62,0_46
Signal0,1[0],1[0],1[0],62,0_46
Hybridindex,17.3008[1.25635],17.3075[1.28027],17.294[1.23218],63,0_46
Pref0,0.9265[0.184656],0.928643[0.180545],0.924378[0.188613],63,0_46
Signal0,1[0],1[0],1[0],63,0_46
Hybridindex,17.3493[1.22623],17.3688[1.22247],17.3293[1.22975],64,0_46
Pref0,0.921[0.193672],0.914851[0.199448],0.927273[0.187389],64,0_46
Signal0,1[0],1[0],1[0],64,0_46
Hybridindex,17.3873[1.22787],17.4034[1.21919],17.3711[1.23626],65,0_46
Pref0,0.91775[0.193933],0.907908[0.206325],0.927572[0.180185],65,0_46
Signal0,1[0],1[0],1[0],65,0_46
Hybridindex,17.3545[1.22672],17.3585[1.22761],17.3505[1.22579],66,0_46
Pref0,0.92625[0.187579],0.924032[0.188914],0.928499[0.186188],66,0_46
Signal0,1[0],1[0],1[0],66,0_46
Hybridindex,17.354[1.18171],17.3868[1.17553],17.3201[1.1871],67,0_46
Pref0,0.92625[0.186242],0.919291[0.191816],0.933435[0.180024],67,0_46
Signal0,1[0],1[0],1[0],67,0_46
Hybridindex,17.392[1.16687],17.4377[1.17726],17.3451[1.15425],68,0_46
Pref0,0.92575[0.189372],0.923913[0.188978],0.927632[0.189757],68,0_46
Signal0,1[0],1[0],1[0],68,0_46
Hybridindex,17.41[1.18518],17.4365[1.1795],17.3835[1.19024],69,0_46
Pref0,0.92375[0.183196],0.928[0.17837],0.9195[0.187802],69,0_46
Signal0,1[0],1[0],1[0],69,0_46
Hybridindex,17.4295[1.17772],17.4523[1.19547],17.4059[1.15861],70,0_46
Pref0,0.92575[0.186714],0.923795[0.191624],0.927772[0.181471],70,0_46
Signal0,1[0],1[0],1[0],70,0_46
Hybridindex,17.441[1.1512],17.4569[1.1359],17.4248[1.16636],71,0_46
Pref0,0.9265[0.183297],0.921705[0.189712],0.931382[0.176392],71,0_46
Signal0,1[0],1[0],1[0],71,0_46
Hybridindex,17.5[1.09716],17.4875[1.12377],17.5125[1.06979],72,0_46
Pref0,0.929[0.182918],0.925425[0.185009],0.932567[0.180736],72,0_46
Signal0,1[0],1[0],1[0],72,0_46
Hybridindex,17.528[1.11612],17.5793[1.08945],17.479[1.13884],73,0_46
Pref0,0.92475[0.186982],0.928352[0.182344],0.92131[0.191244],73,0_46
Signal0,1[0],1[0],1[0],73,0_46
Hybridindex,17.5328[1.12486],17.4659[1.13585],17.5954[1.11079],74,0_46
Pref0,0.9265[0.182614],0.927686[0.184464],0.925388[0.180854],74,0_46
Signal0,1[0],1[0],1[0],74,0_46
Hybridindex,17.5587[1.1455],17.5846[1.15996],17.535[1.13155],75,0_46
Pref0,0.92425[0.188114],0.922675[0.191998],0.925695[0.184467],75,0_46
Signal0,1[0],1[0],1[0],75,0_46
Hybridindex,17.572[1.11683],17.5896[1.16514],17.5536[1.06381],76,0_46
Pref0,0.91925[0.19648],0.915279[0.2002],0.923391[0.192437],76,0_46
Signal0,1[0],1[0],1[0],76,0_46
Hybridindex,17.5718[1.12193],17.5847[1.11565],17.5602[1.1274],77,0_46
Pref0,0.9165[0.196921],0.914815[0.197585],0.918009[0.196312],77,0_46
Signal0,1[0],1[0],1[0],77,0_46
Hybridindex,17.5763[1.14611],17.5549[1.13272],17.5969[1.15854],78,0_46
Pref0,0.925[0.186748],0.925813[0.184744],0.924213[0.188666],78,0_46
Signal0,1[0],1[0],1[0],78,0_46
Hybridindex,17.5452[1.09228],17.5546[1.08626],17.536[1.09818],79,0_46
Pref0,0.92925[0.181299],0.921421[0.187394],0.937063[0.174655],79,0_46
Signal0,1[0],1[0],1[0],79,0_46
Hybridindex,17.5628[1.12436],17.5989[1.13179],17.5283[1.11615],80,0_46
Pref0,0.934[0.177184],0.933914[0.17674],0.934082[0.177605],80,0_46
Signal0,1[0],1[0],1[0],80,0_46
Hybridindex,17.5418[1.14875],17.5188[1.1705],17.5664[1.1244],81,0_46
Pref0,0.93825[0.169003],0.936293[0.17241],0.940353[0.165237],81,0_46
Signal0,1[0],1[0],1[0],81,0_46
Hybridindex,17.5358[1.15211],17.5693[1.13533],17.503[1.16732],82,0_46
Pref0,0.94075[0.165422],0.94332[0.158516],0.938241[0.171859],82,0_46
Signal0,1[0],1[0],1[0],82,0_46
Hybridindex,17.5375[1.13097],17.5428[1.14877],17.5323[1.11312],83,0_46
Pref0,0.93875[0.166953],0.940584[0.164878],0.936941[0.168955],83,0_46
Signal0,1[0],1[0],1[0],83,0_46
Hybridindex,17.5682[1.10101],17.5346[1.10057],17.6027[1.10039],84,0_46
Pref0,0.9465[0.158549],0.947134[0.160045],0.94585[0.156999],84,0_46
Signal0,1[0],1[0],1[0],84,0_46
Hybridindex,17.5802[1.11543],17.5757[1.11183],17.5849[1.11913],85,0_46
Pref0,0.94925[0.157478],0.947394[0.161226],0.95117[0.153482],85,0_46
Signal0,1[0],1[0],1[0],85,0_46
Hybridindex,17.6185[1.0889],17.6055[1.09311],17.6313[1.08457],86,0_46
Pref0,0.9505[0.151821],0.946231[0.156511],0.954726[0.146909],86,0_46
Signal0,1[0],1[0],1[0],86,0_46
Hybridindex,17.6593[1.11255],17.6419[1.11761],17.6777[1.10686],87,0_46
Pref0,0.95375[0.149953],0.951895[0.152303],0.955716[0.147397],87,0_46
Signal0,1[0],1[0],1[0],87,0_46
Hybridindex,17.6985[1.1155],17.6683[1.1108],17.7303[1.11955],88,0_46
Pref0,0.954[0.149613],0.954634[0.148621],0.953333[0.150645],88,0_46
Signal0,1[0],1[0],1[0],88,0_46
Hybridindex,17.6833[1.14282],17.7384[1.14227],17.6294[1.1408],89,0_46
Pref0,0.9505[0.151821],0.946862[0.157345],0.954051[0.146141],89,0_46
Signal0,1[0],1[0],1[0],89,0_46
Hybridindex,17.6505[1.13031],17.6479[1.1391],17.6531[1.12155],90,0_46
Pref0,0.954[0.145375],0.953219[0.145609],0.954771[0.14514],90,0_46
Signal0,1[0],1[0],1[0],90,0_46
Hybridindex,17.6687[1.10222],17.6635[1.14129],17.674[1.0612],91,0_46
Pref0,0.9495[0.155563],0.952783[0.152863],0.946177[0.158179],91,0_46
Signal0,1[0],1[0],1[0],91,0_46
Hybridindex,17.662[1.11591],17.6503[1.11936],17.6732[1.11248],92,0_46
Pref0,0.9475[0.158883],0.952454[0.150116],0.942759[0.166703],92,0_46
Signal0,1[0],1[0],1[0],92,0_46
Hybridindex,17.6348[1.15476],17.6059[1.15799],17.6633[1.15083],93,0_46
Pref0,0.94625[0.159643],0.949297[0.155842],0.943227[0.163271],93,0_46
Signal0,1[0],1[0],1[0],93,0_46
Hybridindex,17.5998[1.14539],17.6249[1.13237],17.5758[1.15719],94,0_46
Pref0,0.95175[0.151812],0.951382[0.151555],0.952102[0.152057],94,0_46
Signal0,1[0],1[0],1[0],94,0_46
Hybridindex,17.6145[1.15667],17.6373[1.13327],17.5924[1.17843],95,0_46
Pref0,0.95175[0.150987],0.945575[0.158958],0.957719[0.142605],95,0_46
Signal0,1[0],1[0],1[0],95,0_46
Hybridindex,17.6382[1.15683],17.6226[1.15408],17.6547[1.15948],96,0_46
Pref0,0.94775[0.158572],0.943359[0.165993],0.952357[0.150254],96,0_46
Signal0,1[0],1[0],1[0],96,0_46
Hybridindex,17.6492[1.13934],17.6556[1.13804],17.6432[1.14055],97,0_46
Pref0,0.947[0.160284],0.946776[0.16229],0.947214[0.158344],97,0_46
Signal0,1[0],1[0],1[0],97,0_46
Hybridindex,17.693[1.12406],17.706[1.12818],17.679[1.11941],98,0_46
Pref0,0.9535[0.148619],0.958614[0.139504],0.947971[0.157697],98,0_46
Signal0,1[0],1[0],1[0],98,0_46
Hybridindex,17.7267[1.10881],17.7722[1.06496],17.6802[1.15013],99,0_46
Pref0,0.9625[0.134513],0.95751[0.142926],0.967611[0.125105],99,0_46
Signal0,1[0],1[0],1[0],99,0_46
Hybridindex,17.6898[1.10696],17.7017[1.09902],17.6776[1.11487],100,0_46
Pref0,0.96675[0.126568],0.965312[0.128981],0.968214[0.124045],100,0_46
Signal0,1[0],1[0],1[0],100,0_46
Hybridindex,12.455[8.35601],12.5523[8.35802],12.3571[8.35286],1,0_47
Pref0,0.62275[0.417801],0.627617[0.417901],0.617854[0.417643],1,0_47
Signal0,0.62275[0.417801],0.627617[0.417901],0.617854[0.417643],1,0_47
Hybridindex,15.2828[6.14833],15.3575[6.11955],15.2059[6.17684],2,0_47
Pref0,0.767[0.336097],0.773669[0.333541],0.760142[0.338568],2,0_47
Signal0,0.75925[0.33491],0.768245[0.329421],0.75[0.340214],2,0_47
Hybridindex,16.788[3.9247],16.647[3.9983],16.927[3.84569],3,0_47
Pref0,0.835[0.265565],0.829305[0.27449],0.840616[0.256337],3,0_47
Signal0,0.856[0.253503],0.850957[0.25867],0.860973[0.248204],3,0_47
Hybridindex,17.4988[2.56259],17.4027[2.56219],17.5867[2.5598],4,0_47
Pref0,0.87925[0.234616],0.86977[0.236644],0.887931[0.232404],4,0_47
Signal0,0.9265[0.186676],0.927301[0.182089],0.925766[0.190776],4,0_47
Hybridindex,17.6845[1.97629],17.6361[1.9375],17.7332[2.01338],5,0_47
Pref0,0.895[0.22017],0.89332[0.22122],0.89669[0.219096],5,0_47
Signal0,0.9605[0.135793],0.961117[0.135751],0.95988[0.135833],5,0_47
Hybridindex,17.795[1.6644],17.7854[1.65285],17.8046[1.67586],6,0_47
Pref0,0.9045[0.20342],0.904691[0.201412],0.904309[0.205416],6,0_47
Signal0,0.9825[0.0918899],0.983034[0.0905273],0.981964[0.0932348],6,0_47
Hybridindex,17.7903[1.47492],17.8324[1.47137],17.7434[1.47744],7,0_47
Pref0,0.905[0.209105],0.902184[0.209972],0.908131[0.208092],7,0_47
Signal0,0.9915[0.0646355],0.990978[0.0665547],0.99208[0.0624272],7,0_47
Hybridindex,17.7978[1.41914],17.8019[1.42155],17.7937[1.41679],8,0_47
Pref0,0.91225[0.20168],0.912867[0.202584],0.911649[0.200794],8,0_47
Signal0,0.997[0.0386135],0.995441[0.0475273],0.998519[0.0271695],8,0_47
Hybridindex,17.8337[1.35849],17.8385[1.34808],17.8293[1.36818],9,0_47
Pref0,0.9105[0.199974],0.913829[0.196866],0.907371[0.202803],9,0_47
Signal0,0.99925[0.0193504],0.999484[0.016054],0.99903[0.0220006],9,0_47
Hybridindex,17.7613[1.30705],17.7188[1.27832],17.8031[1.33339],10,0_47
Pref0,0.9195[0.191754],0.919859[0.1915],0.919147[0.192004],10,0_47
Signal0,1[0],1[0],1[0],10,0_47
Hybridindex,17.781[1.28551],17.7859[1.29339],17.7758[1.27707],11,0_47
Pref0,0.92025[0.187123],0.919417[0.189049],0.921134[0.185052],11,0_47
Signal0,1[0],1[0],1[0],11,0_47
Hybridindex,17.8042[1.25182],17.7932[1.27455],17.8149[1.22954],12,0_47
Pref0,0.9255[0.186949],0.92237[0.186632],0.928501[0.187202],12,0_47
Signal0,1[0],1[0],1[0],12,0_47
Hybridindex,17.8502[1.23002],17.8156[1.23876],17.8859[1.21994],13,0_47
Pref0,0.929[0.182918],0.922091[0.19191],0.936105[0.172896],13,0_47
Signal0,1[0],1[0],1[0],13,0_47
Hybridindex,17.8483[1.24503],17.9[1.19812],17.7965[1.28815],14,0_47
Pref0,0.92425[0.188114],0.9225[0.18906],0.926[0.187147],14,0_47
Signal0,1[0],1[0],1[0],14,0_47
Hybridindex,17.8825[1.21951],17.8746[1.22652],17.8905[1.21227],15,0_47
Pref0,0.9215[0.191932],0.930624[0.185296],0.91221[0.198028],15,0_47
Signal0,1[0],1[0],1[0],15,0_47
Hybridindex,17.888[1.2154],17.9223[1.19381],17.8547[1.23508],16,0_47
Pref0,0.92225[0.187963],0.924365[0.186104],0.920197[0.189726],16,0_47
Signal0,1[0],1[0],1[0],16,0_47
Hybridindex,17.8833[1.20996],17.8848[1.2394],17.8816[1.17769],17,0_47
Pref0,0.9235[0.188143],0.918199[0.197609],0.929162[0.177299],17,0_47
Signal0,1[0],1[0],1[0],17,0_47
Hybridindex,17.904[1.18513],17.8516[1.20578],17.9551[1.16239],18,0_47
Pref0,0.9275[0.179565],0.927052[0.177931],0.927937[0.181143],18,0_47
Signal0,1[0],1[0],1[0],18,0_47
Hybridindex,17.9022[1.20284],17.8947[1.17839],17.9098[1.22661],19,0_47
Pref0,0.9255[0.183575],0.92327[0.188379],0.927717[0.178644],19,0_47
Signal0,1[0],1[0],1[0],19,0_47
Hybridindex,17.879[1.18485],17.868[1.20792],17.89[1.16121],20,0_47
Pref0,0.923[0.186604],0.9255[0.184932],0.9205[0.188228],20,0_47
Signal0,1[0],1[0],1[0],20,0_47
Hybridindex,17.8998[1.19303],17.8691[1.22317],17.9302[1.16149],21,0_47
Pref0,0.91775[0.194576],0.909228[0.204108],0.926221[0.184224],21,0_47
Signal0,1[0],1[0],1[0],21,0_47
Hybridindex,17.8562[1.20746],17.8125[1.20858],17.9014[1.20464],22,0_47
Pref0,0.9255[0.186949],0.921752[0.189615],0.92937[0.184074],22,0_47
Signal0,1[0],1[0],1[0],22,0_47
Hybridindex,17.862[1.19936],17.8686[1.21024],17.8554[1.1884],23,0_47
Pref0,0.92325[0.191009],0.919258[0.195871],0.927218[0.185966],23,0_47
Signal0,1[0],1[0],1[0],23,0_47
Hybridindex,17.8515[1.18129],17.844[1.1816],17.8589[1.18093],24,0_47
Pref0,0.92925[0.181987],0.930792[0.18255],0.927717[0.181413],24,0_47
Signal0,1[0],1[0],1[0],24,0_47
Hybridindex,17.8377[1.16202],17.7936[1.18521],17.8837[1.13557],25,0_47
Pref0,0.9255[0.186279],0.926961[0.186054],0.92398[0.1865],25,0_47
Signal0,1[0],1[0],1[0],25,0_47
Hybridindex,17.8495[1.15892],17.8159[1.1565],17.8829[1.16036],26,0_47
Pref0,0.9295[0.181052],0.932798[0.179147],0.926221[0.182866],26,0_47
Signal0,1[0],1[0],1[0],26,0_47
Hybridindex,17.84[1.19327],17.8536[1.15463],17.8261[1.23137],27,0_47
Pref0,0.92825[0.180214],0.928289[0.178051],0.92821[0.182398],27,0_47
Signal0,1[0],1[0],1[0],27,0_47
Hybridindex,17.9032[1.16265],17.9508[1.12568],17.8561[1.19634],28,0_47
Pref0,0.92975[0.179416],0.932731[0.173532],0.926793[0.18502],28,0_47
Signal0,1[0],1[0],1[0],28,0_47
Hybridindex,17.9385[1.1287],17.938[1.11404],17.939[1.14273],29,0_47
Pref0,0.92775[0.185486],0.925305[0.190634],0.930118[0.180328],29,0_47
Signal0,1[0],1[0],1[0],29,0_47
Hybridindex,17.9635[1.12179],18.044[1.09027],17.8792[1.14785],30,0_47
Pref0,0.9265[0.187344],0.929619[0.182125],0.923234[0.192603],30,0_47
Signal0,1[0],1[0],1[0],30,0_47
Hybridindex,17.964[1.10937],17.9147[1.11966],18.0118[1.09718],31,0_47
Pref0,0.93675[0.175711],0.939594[0.172046],0.93399[0.179153],31,0_47
Signal0,1[0],1[0],1[0],31,0_47
Hybridindex,17.9617[1.14167],17.976[1.13606],17.9474[1.14709],32,0_47
Pref0,0.9335[0.176289],0.941558[0.168235],0.925425[0.183652],32,0_47
Signal0,1[0],1[0],1[0],32,0_47
Hybridindex,17.9895[1.11776],17.9478[1.13148],18.0325[1.10176],33,0_47
Pref0,0.93275[0.176359],0.9375[0.169765],0.927846[0.182788],33,0_47
Signal0,1[0],1[0],1[0],33,0_47
Hybridindex,17.9818[1.12452],17.9593[1.12501],18.0034[1.12362],34,0_47
Pref0,0.93625[0.171204],0.939919[0.164134],0.932711[0.177686],34,0_47
Signal0,1[0],1[0],1[0],34,0_47
Hybridindex,17.956[1.09957],17.8863[1.09944],18.0254[1.09531],35,0_47
Pref0,0.936[0.168535],0.931363[0.173518],0.940619[0.16329],35,0_47
Signal0,1[0],1[0],1[0],35,0_47
Hybridindex,17.9955[1.08108],18[1.10752],17.9908[1.05248],36,0_47
Pref0,0.937[0.175445],0.930312[0.184082],0.944045[0.165569],36,0_47
Signal0,1[0],1[0],1[0],36,0_47
Hybridindex,18.0042[1.07476],18.0418[1.04265],17.9672[1.10426],37,0_47
Pref0,0.9335[0.178403],0.934542[0.177385],0.932473[0.179396],37,0_47
Signal0,1[0],1[0],1[0],37,0_47
Hybridindex,17.9943[1.08563],18.0403[1.07503],17.9477[1.09429],38,0_47
Pref0,0.934[0.177888],0.930915[0.183701],0.937123[0.171747],38,0_47
Signal0,1[0],1[0],1[0],38,0_47
Hybridindex,18.0343[1.07411],18.0152[1.111],18.0541[1.03393],39,0_47
Pref0,0.9385[0.169463],0.942647[0.163883],0.934184[0.174978],39,0_47
Signal0,1[0],1[0],1[0],39,0_47
Hybridindex,18.0572[1.10141],18.0597[1.07691],18.0549[1.12485],40,0_47
Pref0,0.94125[0.1656],0.934783[0.175736],0.947577[0.154784],40,0_47
Signal0,1[0],1[0],1[0],40,0_47
Hybridindex,18.0458[1.08871],18.0391[1.08961],18.0522[1.0878],41,0_47
Pref0,0.945[0.158035],0.942073[0.161605],0.947835[0.154446],41,0_47
Signal0,1[0],1[0],1[0],41,0_47
Hybridindex,18.06[1.07268],18.0907[1.06816],18.0298[1.07626],42,0_47
Pref0,0.94525[0.160865],0.950605[0.155801],0.93998[0.165528],42,0_47
Signal0,1[0],1[0],1[0],42,0_47
Hybridindex,18.0278[1.06447],18.0359[1.07799],18.0196[1.05061],43,0_47
Pref0,0.9485[0.156038],0.946713[0.159053],0.950301[0.152916],43,0_47
Signal0,1[0],1[0],1[0],43,0_47
Hybridindex,17.9937[1.07707],17.9691[1.07479],18.0194[1.07885],44,0_47
Pref0,0.95075[0.150663],0.942647[0.162381],0.959184[0.136902],44,0_47
Signal0,1[0],1[0],1[0],44,0_47
Hybridindex,18.0235[1.07422],18.0418[1.0439],18.0055[1.10295],45,0_47
Pref0,0.94825[0.161855],0.949597[0.163381],0.946925[0.160327],45,0_47
Signal0,1[0],1[0],1[0],45,0_47
Hybridindex,18.0265[1.05181],18.0478[1.03269],18.0055[1.06991],46,0_47
Pref0,0.9475[0.156505],0.954683[0.14701],0.940417[0.165028],46,0_47
Signal0,1[0],1[0],1[0],46,0_47
Hybridindex,18.05[1.0636],18.0633[1.05943],18.037[1.0675],47,0_47
Pref0,0.94225[0.162911],0.945289[0.159297],0.939289[0.166303],47,0_47
Signal0,1[0],1[0],1[0],47,0_47
Hybridindex,18.0255[1.05527],18.0381[1.03814],18.0123[1.07276],48,0_47
Pref0,0.94275[0.160771],0.941349[0.162402],0.944217[0.159033],48,0_47
Signal0,1[0],1[0],1[0],48,0_47
Hybridindex,18.0335[1.05659],18.0659[1.03446],17.9995[1.07826],49,0_47
Pref0,0.945[0.161168],0.939453[0.170437],0.95082[0.150611],49,0_47
Signal0,1[0],1[0],1[0],49,0_47
Hybridindex,18.0643[1.07703],18.0714[1.09487],18.0571[1.05877],50,0_47
Pref0,0.948[0.15426],0.944611[0.160077],0.951403[0.148111],50,0_47
Signal0,1[0],1[0],1[0],50,0_47
Hybridindex,18.0663[1.05711],18.08[1.04496],18.0527[1.06881],51,0_47
Pref0,0.94925[0.154271],0.945674[0.160377],0.952783[0.147905],51,0_47
Signal0,1[0],1[0],1[0],51,0_47
Hybridindex,18.0712[1.02874],18.1009[1.02691],18.0407[1.02973],52,0_47
Pref0,0.9515[0.152144],0.953248[0.150554],0.949695[0.153747],52,0_47
Signal0,1[0],1[0],1[0],52,0_47
Hybridindex,18.047[1.03588],18.0335[1.03731],18.0597[1.03437],53,0_47
Pref0,0.9445[0.160218],0.94324[0.16342],0.945684[0.157139],53,0_47
Signal0,1[0],1[0],1[0],53,0_47
Hybridindex,18.0575[1.05886],18.0946[1.03624],18.0212[1.07927],54,0_47
Pref0,0.94525[0.160086],0.945344[0.160807],0.945158[0.159378],54,0_47
Signal0,1[0],1[0],1[0],54,0_47
Hybridindex,18.0493[1.03848],18.0182[1.03475],18.0814[1.04136],55,0_47
Pref0,0.94725[0.159976],0.952802[0.152767],0.941506[0.166914],55,0_47
Signal0,1[0],1[0],1[0],55,0_47
Hybridindex,18.0885[1.02843],18.0909[1.03048],18.086[1.02632],56,0_47
Pref0,0.954[0.147932],0.952569[0.148188],0.955466[0.147655],56,0_47
Signal0,1[0],1[0],1[0],56,0_47
Hybridindex,18.1348[0.999359],18.1275[1.00216],18.1419[0.99652],57,0_47
Pref0,0.95175[0.15345],0.954317[0.150872],0.949203[0.155923],57,0_47
Signal0,1[0],1[0],1[0],57,0_47
Hybridindex,18.1303[1.0125],18.1301[1.01768],18.1304[1.00727],58,0_47
Pref0,0.95125[0.151652],0.949153[0.154387],0.95336[0.148821],58,0_47
Signal0,1[0],1[0],1[0],58,0_47
Hybridindex,18.088[1.04056],18.1097[1.02434],18.066[1.05629],59,0_47
Pref0,0.9475[0.158094],0.949851[0.153469],0.945116[0.162616],59,0_47
Signal0,1[0],1[0],1[0],59,0_47
Hybridindex,18.0645[1.05408],18.0196[1.03638],18.1092[1.06952],60,0_47
Pref0,0.95175[0.15345],0.959378[0.136605],0.944167[0.168192],60,0_47
Signal0,1[0],1[0],1[0],60,0_47
Hybridindex,18.0972[1.04099],18.071[1.03487],18.1235[1.04642],61,0_47
Pref0,0.95025[0.151327],0.9495[0.152315],0.951[0.15033],61,0_47
Signal0,1[0],1[0],1[0],61,0_47
Hybridindex,18.108[1.03578],18.1283[1.01069],18.0895[1.05784],62,0_47
Pref0,0.951[0.151159],0.951832[0.151032],0.950239[0.15127],62,0_47
Signal0,1[0],1[0],1[0],62,0_47
Hybridindex,18.1125[1.01813],18.1118[1.00264],18.1132[1.0333],63,0_47
Pref0,0.95375[0.151611],0.955366[0.144313],0.952144[0.158517],63,0_47
Signal0,1[0],1[0],1[0],63,0_47
Hybridindex,18.0815[1.02511],18.0711[1.02609],18.0921[1.02402],64,0_47
Pref0,0.954[0.147932],0.954771[0.146843],0.953219[0.149023],64,0_47
Signal0,1[0],1[0],1[0],64,0_47
Hybridindex,18.1178[1.02226],18.1371[0.984529],18.0988[1.05745],65,0_47
Pref0,0.95475[0.146039],0.953441[0.150432],0.956028[0.141607],65,0_47
Signal0,1[0],1[0],1[0],65,0_47
Hybridindex,18.1262[0.994955],18.097[0.994408],18.1558[0.994636],66,0_47
Pref0,0.95375[0.147431],0.950746[0.152302],0.956784[0.142278],66,0_47
Signal0,1[0],1[0],1[0],66,0_47
Hybridindex,18.0953[1.03576],18.0904[1.01202],18.0998[1.05774],67,0_47
Pref0,0.94925[0.152642],0.945529[0.157424],0.952775[0.147882],67,0_47
Signal0,1[0],1[0],1[0],67,0_47
Hybridindex,18.116[1.04501],18.0828[1.04857],18.1519[1.03995],68,0_47
Pref0,0.947[0.160284],0.943215[0.163131],0.951093[0.157045],68,0_47
Signal0,1[0],1[0],1[0],68,0_47
Hybridindex,18.1562[1.01191],18.1465[1.01495],18.1654[1.00896],69,0_47
Pref0,0.942[0.163205],0.947884[0.15446],0.936469[0.170833],69,0_47
Signal0,1[0],1[0],1[0],69,0_47
Hybridindex,18.1672[0.998575],18.1411[1.02453],18.195[0.969602],70,0_47
Pref0,0.944[0.164663],0.951848[0.155529],0.9357[0.173416],70,0_47
Signal0,1[0],1[0],1[0],70,0_47
Hybridindex,18.1683[1.03008],18.1511[1.03503],18.1853[1.02486],71,0_47
Pref0,0.94475[0.16147],0.941767[0.165019],0.947709[0.157814],71,0_47
Signal0,1[0],1[0],1[0],71,0_47
Hybridindex,18.1745[1.00688],18.1594[1.0053],18.1892[1.00818],72,0_47
Pref0,0.942[0.162438],0.941117[0.161166],0.942857[0.163658],72,0_47
Signal0,1[0],1[0],1[0],72,0_47
Hybridindex,18.1938[0.971641],18.1936[1.00341],18.1939[0.938117],73,0_47
Pref0,0.945[0.16039],0.94901[0.154548],0.940909[0.166039],73,0_47
Signal0,1[0],1[0],1[0],73,0_47
Hybridindex,18.1675[0.995838],18.1794[0.977176],18.1551[1.01486],74,0_47
Pref0,0.946[0.15995],0.944282[0.161929],0.947799[0.157831],74,0_47
Signal0,1[0],1[0],1[0],74,0_47
Hybridindex,18.1905[1.0356],18.1722[1.06648],18.2078[1.00534],75,0_47
Pref0,0.94675[0.158239],0.946907[0.157348],0.946602[0.159072],75,0_47
Signal0,1[0],1[0],1[0],75,0_47
Hybridindex,18.1905[1.02358],18.2269[1.03452],18.1519[1.01042],76,0_47
Pref0,0.94675[0.16214],0.940719[0.171836],0.953141[0.150925],76,0_47
Signal0,1[0],1[0],1[0],76,0_47
Hybridindex,18.201[1.00242],18.2256[0.998618],18.1773[1.00551],77,0_47
Pref0,0.944[0.163138],0.94501[0.161241],0.943026[0.164942],77,0_47
Signal0,1[0],1[0],1[0],77,0_47
Hybridindex,18.1578[0.999995],18.1601[0.993647],18.1553[1.00657],78,0_47
Pref0,0.94675[0.158239],0.944172[0.162069],0.949438[0.154097],78,0_47
Signal0,1[0],1[0],1[0],78,0_47
Hybridindex,18.159[0.9836],18.1477[0.9861],18.1701[0.981006],79,0_47
Pref0,0.946[0.16073],0.94506[0.165758],0.946925[0.155617],79,0_47
Signal0,1[0],1[0],1[0],79,0_47
Hybridindex,18.1358[0.998597],18.1394[1.00895],18.1319[0.987646],80,0_47
Pref0,0.934[0.177888],0.928571[0.184491],0.939673[0.17053],80,0_47
Signal0,1[0],1[0],1[0],80,0_47
Hybridindex,18.1417[1.01367],18.165[1.00106],18.1186[1.02554],81,0_47
Pref0,0.92925[0.180609],0.9333[0.177225],0.925224[0.183822],81,0_47
Signal0,1[0],1[0],1[0],81,0_47
Hybridindex,18.1605[1.00623],18.2217[0.986476],18.1008[1.02161],82,0_47
Pref0,0.93025[0.180997],0.92915[0.180082],0.931324[0.181879],82,0_47
Signal0,1[0],1[0],1[0],82,0_47
Hybridindex,18.1705[0.982308],18.1581[1.0318],18.1828[0.930456],83,0_47
Pref0,0.92825[0.181596],0.925201[0.185242],0.931275[0.177852],83,0_47
Signal0,1[0],1[0],1[0],83,0_47
Hybridindex,18.197[0.977083],18.1855[1.00312],18.2091[0.948677],84,0_47
Pref0,0.92875[0.179021],0.929406[0.179613],0.928058[0.178391],84,0_47
Signal0,1[0],1[0],1[0],84,0_47
Hybridindex,18.2243[0.962854],18.2188[0.936851],18.2304[0.99121],85,0_47
Pref0,0.92925[0.181987],0.931947[0.179529],0.926221[0.184662],85,0_47
Signal0,1[0],1[0],1[0],85,0_47
Hybridindex,18.2125[0.963765],18.2196[0.959102],18.2055[0.968245],86,0_47
Pref0,0.9295[0.178269],0.932186[0.175574],0.926877[0.180822],86,0_47
Signal0,1[0],1[0],1[0],86,0_47
Hybridindex,18.237[0.946219],18.2525[0.936212],18.2215[0.95587],87,0_47
Pref0,0.93225[0.178983],0.9325[0.176618],0.932[0.181317],87,0_47
Signal0,1[0],1[0],1[0],87,0_47
Hybridindex,18.2145[0.96669],18.2074[0.980806],18.2217[0.952225],88,0_47
Pref0,0.9345[0.172365],0.938684[0.167019],0.930291[0.177482],88,0_47
Signal0,1[0],1[0],1[0],88,0_47
Hybridindex,18.186[0.999577],18.2022[1.01166],18.1704[0.987605],89,0_47
Pref0,0.92925[0.179219],0.927988[0.178443],0.93046[0.179952],89,0_47
Signal0,1[0],1[0],1[0],89,0_47
Hybridindex,18.2145[0.976468],18.2347[0.962261],18.1932[0.990798],90,0_47
Pref0,0.93075[0.183247],0.937683[0.173771],0.923433[0.192473],90,0_47
Signal0,1[0],1[0],1[0],90,0_47
Hybridindex,18.207[0.984709],18.1943[0.970541],18.22[0.99876],91,0_47
Pref0,0.9355[0.174183],0.933102[0.175943],0.937941[0.172339],91,0_47
Signal0,1[0],1[0],1[0],91,0_47
Hybridindex,18.1962[0.992779],18.1574[0.993136],18.2344[0.990948],92,0_47
Pref0,0.936[0.176505],0.93996[0.174504],0.932111[0.178363],92,0_47
Signal0,1[0],1[0],1[0],92,0_47
Hybridindex,18.2383[0.9652],18.25[0.944458],18.2265[0.985367],93,0_47
Pref0,0.9385[0.167981],0.932[0.175716],0.945[0.159609],93,0_47
Signal0,1[0],1[0],1[0],93,0_47
Hybridindex,18.2005[0.969175],18.1965[0.986061],18.2042[0.953243],94,0_47
Pref0,0.93325[0.172972],0.930873[0.177043],0.935453[0.169083],94,0_47
Signal0,1[0],1[0],1[0],94,0_47
Hybridindex,18.2323[0.958611],18.2276[0.966802],18.2367[0.950621],95,0_47
Pref0,0.93[0.178466],0.929226[0.181449],0.930747[0.175536],95,0_47
Signal0,1[0],1[0],1[0],95,0_47
Hybridindex,18.2225[0.946173],18.2406[0.917974],18.205[0.972333],96,0_47
Pref0,0.93175[0.178092],0.933876[0.178162],0.929695[0.178002],96,0_47
Signal0,1[0],1[0],1[0],96,0_47
Hybridindex,18.2338[0.927759],18.2236[0.911737],18.2442[0.943871],97,0_47
Pref0,0.92675[0.185767],0.923153[0.194774],0.930457[0.175928],97,0_47
Signal0,1[0],1[0],1[0],97,0_47
Hybridindex,18.2392[0.915906],18.2356[0.919424],18.2428[0.912424],98,0_47
Pref0,0.93275[0.176359],0.935419[0.169188],0.930129[0.183091],98,0_47
Signal0,1[0],1[0],1[0],98,0_47
Hybridindex,18.2312[0.91605],18.2571[0.891685],18.2064[0.938192],99,0_47
Pref0,0.9315[0.181129],0.934184[0.17643],0.928922[0.185496],99,0_47
Signal0,1[0],1[0],1[0],99,0_47
Hybridindex,18.24[0.936029],18.2366[0.927062],18.2434[0.945041],100,0_47
Pref0,0.927[0.182129],0.925595[0.184788],0.928427[0.179376],100,0_47
Signal0,1[0],1[0],1[0],100,0_47
Hybridindex,12.595[8.18633],12.5473[8.12091],12.6432[8.25159],1,0_48
Pref0,0.62975[0.409316],0.627363[0.406046],0.632161[0.41258],1,0_48
Signal0,0.62975[0.409316],0.627363[0.406046],0.632161[0.41258],1,0_48
Hybridindex,15.3035[5.93943],15.3929[5.99373],15.2167[5.88497],2,0_48
Pref0,0.768[0.328521],0.772589[0.331218],0.763547[0.32582],2,0_48
Signal0,0.75975[0.333024],0.764467[0.339238],0.755172[0.326815],2,0_48
Hybridindex,16.8[3.78797],16.938[3.71717],16.6598[3.85353],3,0_48
Pref0,0.8395[0.265499],0.851687[0.259879],0.827117[0.270529],3,0_48
Signal0,0.8635[0.243655],0.876984[0.233048],0.849798[0.253245],3,0_48
Hybridindex,17.3388[2.64492],17.3256[2.63137],17.3517[2.65821],4,0_48
Pref0,0.8505[0.252289],0.849246[0.252399],0.851741[0.252174],4,0_48
Signal0,0.92425[0.183404],0.920101[0.187279],0.928358[0.17939],4,0_48
Hybridindex,17.4853[2.0815],17.444[2.14248],17.5236[2.02236],5,0_48
Pref0,0.85375[0.25246],0.849585[0.256027],0.857625[0.249032],5,0_48
Signal0,0.963[0.131837],0.960581[0.134743],0.965251[0.129034],5,0_48
Hybridindex,17.607[1.70874],17.6035[1.69833],17.6106[1.71919],6,0_48
Pref0,0.86525[0.239202],0.864677[0.240431],0.865829[0.237952],6,0_48
Signal0,0.984[0.0907965],0.987562[0.077873],0.980402[0.102078],6,0_48
Hybridindex,17.6717[1.51629],17.728[1.51166],17.613[1.51889],7,0_48
Pref0,0.87[0.236326],0.868885[0.233937],0.871166[0.238791],7,0_48
Signal0,0.99225[0.0617652],0.991683[0.0639479],0.992843[0.0593928],7,0_48
Hybridindex,17.6902[1.4376],17.6406[1.44476],17.7391[1.42883],8,0_48
Pref0,0.8745[0.240831],0.882056[0.239077],0.867063[0.242315],8,0_48
Signal0,0.997[0.0386135],0.99748[0.035408],0.996528[0.0415217],8,0_48
Hybridindex,17.6945[1.36909],17.7277[1.3288],17.6613[1.40738],9,0_48
Pref0,0.87725[0.23304],0.883884[0.227117],0.870629[0.23862],9,0_48
Signal0,0.999[0.0223383],0.998498[0.0273587],0.9995[0.0157956],9,0_48
Hybridindex,17.6867[1.3274],17.6865[1.34811],17.687[1.30603],10,0_48
Pref0,0.87275[0.2365],0.87252[0.240636],0.872984[0.232223],10,0_48
Signal0,1[0],1[0],1[0],10,0_48
Hybridindex,17.6565[1.31454],17.6972[1.27688],17.6155[1.35019],11,0_48
Pref0,0.8795[0.232873],0.87002[0.238871],0.889056[0.226264],11,0_48
Signal0,1[0],1[0],1[0],11,0_48
Hybridindex,17.6627[1.27931],17.6776[1.30501],17.6472[1.25171],12,0_48
Pref0,0.884[0.226482],0.877202[0.229521],0.891104[0.22304],12,0_48
Signal0,1[0],1[0],1[0],12,0_48
Hybridindex,17.6822[1.27854],17.6447[1.25565],17.7222[1.30122],13,0_48
Pref0,0.88675[0.224832],0.88835[0.220679],0.885052[0.229147],13,0_48
Signal0,1[0],1[0],1[0],13,0_48
Hybridindex,17.708[1.26974],17.6529[1.28158],17.7638[1.25515],14,0_48
Pref0,0.88625[0.222342],0.881827[0.227104],0.890735[0.217314],14,0_48
Signal0,1[0],1[0],1[0],14,0_48
Hybridindex,17.6975[1.2482],17.6747[1.243],17.7212[1.25313],15,0_48
Pref0,0.8945[0.220499],0.895486[0.216174],0.893476[0.224898],15,0_48
Signal0,1[0],1[0],1[0],15,0_48
Hybridindex,17.7213[1.23983],17.7577[1.21864],17.6865[1.25871],16,0_48
Pref0,0.89325[0.219042],0.889344[0.219559],0.896973[0.218483],16,0_48
Signal0,1[0],1[0],1[0],16,0_48
Hybridindex,17.7365[1.23716],17.7214[1.257],17.751[1.21762],17,0_48
Pref0,0.9035[0.206004],0.89949[0.206649],0.907353[0.205309],17,0_48
Signal0,1[0],1[0],1[0],17,0_48
Hybridindex,17.7308[1.27127],17.7354[1.26177],17.7259[1.28114],18,0_48
Pref0,0.9055[0.206324],0.90918[0.206235],0.901639[0.206347],18,0_48
Signal0,1[0],1[0],1[0],18,0_48
Hybridindex,17.715[1.24781],17.7406[1.27541],17.6876[1.21691],19,0_48
Pref0,0.90875[0.199495],0.914976[0.196633],0.902073[0.202308],19,0_48
Signal0,1[0],1[0],1[0],19,0_48
Hybridindex,17.7817[1.19268],17.7609[1.18118],17.8013[1.203],20,0_48
Pref0,0.914[0.199635],0.919772[0.198421],0.908607[0.200612],20,0_48
Signal0,1[0],1[0],1[0],20,0_48
Hybridindex,17.8077[1.19485],17.8294[1.17562],17.7867[1.21285],21,0_48
Pref0,0.9085[0.204641],0.911168[0.20146],0.905911[0.207648],21,0_48
Signal0,1[0],1[0],1[0],21,0_48
Hybridindex,17.8175[1.18393],17.829[1.15417],17.8052[1.21492],22,0_48
Pref0,0.90275[0.210161],0.902415[0.213424],0.903109[0.206603],22,0_48
Signal0,1[0],1[0],1[0],22,0_48
Hybridindex,17.7682[1.19903],17.7713[1.17975],17.7653[1.2174],23,0_48
Pref0,0.89925[0.212072],0.900407[0.214419],0.89813[0.209768],23,0_48
Signal0,1[0],1[0],1[0],23,0_48
Hybridindex,17.7865[1.18381],17.7626[1.1764],17.8121[1.19117],24,0_48
Pref0,0.90575[0.204308],0.907157[0.205314],0.904244[0.203216],24,0_48
Signal0,1[0],1[0],1[0],24,0_48
Hybridindex,17.8405[1.17156],17.8175[1.18342],17.8634[1.1592],25,0_48
Pref0,0.912[0.198761],0.913741[0.201752],0.910269[0.195728],25,0_48
Signal0,1[0],1[0],1[0],25,0_48
Hybridindex,17.816[1.13705],17.8322[1.14779],17.7981[1.12483],26,0_48
Pref0,0.91675[0.197976],0.910867[0.1987],0.923239[0.196971],26,0_48
Signal0,1[0],1[0],1[0],26,0_48
Hybridindex,17.802[1.14096],17.7795[1.18517],17.8245[1.09451],27,0_48
Pref0,0.914[0.20026],0.91[0.204695],0.918[0.195643],27,0_48
Signal0,1[0],1[0],1[0],27,0_48
Hybridindex,17.8315[1.10425],17.8067[1.13937],17.8557[1.06829],28,0_48
Pref0,0.915[0.197547],0.920547[0.18959],0.909585[0.204874],28,0_48
Signal0,1[0],1[0],1[0],28,0_48
Hybridindex,17.8397[1.14278],17.8332[1.19428],17.8467[1.08596],29,0_48
Pref0,0.91975[0.194126],0.921463[0.19488],0.917949[0.193314],29,0_48
Signal0,1[0],1[0],1[0],29,0_48
Hybridindex,17.818[1.14918],17.8509[1.11465],17.7835[1.18329],30,0_48
Pref0,0.9275[0.185051],0.929619[0.18479],0.925281[0.185298],30,0_48
Signal0,1[0],1[0],1[0],30,0_48
Hybridindex,17.8092[1.13324],17.8459[1.1165],17.7719[1.14884],31,0_48
Pref0,0.92875[0.182479],0.924678[0.186978],0.932896[0.177684],31,0_48
Signal0,1[0],1[0],1[0],31,0_48
Hybridindex,17.817[1.09898],17.8315[1.10852],17.8023[1.08905],32,0_48
Pref0,0.92725[0.186635],0.925447[0.18761],0.929074[0.185625],32,0_48
Signal0,1[0],1[0],1[0],32,0_48
Hybridindex,17.8377[1.13503],17.8312[1.13793],17.8443[1.1321],33,0_48
Pref0,0.92275[0.188832],0.927856[0.181305],0.917665[0.19591],33,0_48
Signal0,1[0],1[0],1[0],33,0_48
Hybridindex,17.8062[1.1345],17.8085[1.13411],17.804[1.13488],34,0_48
Pref0,0.921[0.188438],0.917085[0.193901],0.924876[0.182787],34,0_48
Signal0,1[0],1[0],1[0],34,0_48
Hybridindex,17.8115[1.13003],17.8486[1.12923],17.7733[1.12958],35,0_48
Pref0,0.91125[0.203097],0.910256[0.207914],0.912272[0.198016],35,0_48
Signal0,1[0],1[0],1[0],35,0_48
Hybridindex,17.8002[1.13731],17.7733[1.15554],17.8264[1.11867],36,0_48
Pref0,0.91075[0.202878],0.915822[0.201448],0.905819[0.204138],36,0_48
Signal0,1[0],1[0],1[0],36,0_48
Hybridindex,17.7608[1.1376],17.7723[1.14975],17.749[1.125],37,0_48
Pref0,0.91275[0.200655],0.916667[0.195434],0.90877[0.205748],37,0_48
Signal0,1[0],1[0],1[0],37,0_48
Hybridindex,17.7838[1.14318],17.7745[1.15093],17.7934[1.13498],38,0_48
Pref0,0.92[0.191311],0.925[0.182608],0.914796[0.199835],38,0_48
Signal0,1[0],1[0],1[0],38,0_48
Hybridindex,17.776[1.17029],17.7934[1.17542],17.7581[1.16471],39,0_48
Pref0,0.9215[0.189968],0.927515[0.182904],0.915314[0.196776],39,0_48
Signal0,1[0],1[0],1[0],39,0_48
Hybridindex,17.788[1.16084],17.7674[1.17893],17.8087[1.14194],40,0_48
Pref0,0.91475[0.197756],0.915837[0.198696],0.913655[0.196797],40,0_48
Signal0,1[0],1[0],1[0],40,0_48
Hybridindex,17.8513[1.14739],17.8338[1.15206],17.8686[1.14244],41,0_48
Pref0,0.9115[0.199168],0.917417[0.193583],0.905594[0.204418],41,0_48
Signal0,1[0],1[0],1[0],41,0_48
Hybridindex,17.822[1.15523],17.8404[1.14789],17.8024[1.16267],42,0_48
Pref0,0.912[0.202499],0.912706[0.196091],0.911249[0.2091],42,0_48
Signal0,1[0],1[0],1[0],42,0_48
Hybridindex,17.7692[1.14625],17.7752[1.16198],17.7625[1.12809],43,0_48
Pref0,0.91075[0.203493],0.906867[0.206389],0.915155[0.200066],43,0_48
Signal0,1[0],1[0],1[0],43,0_48
Hybridindex,17.7797[1.11943],17.8053[1.09251],17.7542[1.14509],44,0_48
Pref0,0.91[0.201618],0.914915[0.193145],0.905095[0.209619],44,0_48
Signal0,1[0],1[0],1[0],44,0_48
Hybridindex,17.8102[1.11641],17.7975[1.13809],17.823[1.09415],45,0_48
Pref0,0.90825[0.20361],0.91[0.19975],0.9065[0.207383],45,0_48
Signal0,1[0],1[0],1[0],45,0_48
Hybridindex,17.8057[1.11507],17.802[1.14012],17.8097[1.08767],46,0_48
Pref0,0.912[0.200015],0.913359[0.199213],0.910548[0.200858],46,0_48
Signal0,1[0],1[0],1[0],46,0_48
Hybridindex,17.778[1.12237],17.78[1.15188],17.776[1.09093],47,0_48
Pref0,0.91325[0.201493],0.905697[0.208952],0.921079[0.193145],47,0_48
Signal0,1[0],1[0],1[0],47,0_48
Hybridindex,17.7815[1.07471],17.7664[1.09162],17.7964[1.05756],48,0_48
Pref0,0.91225[0.196659],0.910373[0.196964],0.914101[0.196341],48,0_48
Signal0,1[0],1[0],1[0],48,0_48
Hybridindex,17.8178[1.0906],17.8198[1.10994],17.8156[1.07005],49,0_48
Pref0,0.91[0.206519],0.909403[0.208464],0.910623[0.204469],49,0_48
Signal0,1[0],1[0],1[0],49,0_48
Hybridindex,17.8615[1.09525],17.8984[1.07803],17.8231[1.11155],50,0_48
Pref0,0.91625[0.19522],0.915604[0.19624],0.916922[0.194153],50,0_48
Signal0,1[0],1[0],1[0],50,0_48
Hybridindex,17.8712[1.09752],17.8704[1.1046],17.8721[1.09073],51,0_48
Pref0,0.907[0.204575],0.902152[0.213301],0.911621[0.195785],51,0_48
Signal0,1[0],1[0],1[0],51,0_48
Hybridindex,17.8553[1.13872],17.8547[1.14096],17.8558[1.1364],52,0_48
Pref0,0.90375[0.21062],0.902956[0.209835],0.904569[0.211424],52,0_48
Signal0,1[0],1[0],1[0],52,0_48
Hybridindex,17.8365[1.10545],17.8609[1.1222],17.8128[1.08842],53,0_48
Pref0,0.898[0.2147],0.896447[0.214778],0.899507[0.214613],53,0_48
Signal0,1[0],1[0],1[0],53,0_48
Hybridindex,17.8405[1.06069],17.8589[1.05807],17.8209[1.06312],54,0_48
Pref0,0.89675[0.213224],0.900582[0.211364],0.892673[0.21511],54,0_48
Signal0,1[0],1[0],1[0],54,0_48
Hybridindex,17.873[1.07987],17.9028[1.07022],17.8433[1.08859],55,0_48
Pref0,0.89625[0.215896],0.899299[0.21846],0.893214[0.213267],55,0_48
Signal0,1[0],1[0],1[0],55,0_48
Hybridindex,17.8717[1.06298],17.8662[1.06419],17.8772[1.06176],56,0_48
Pref0,0.89775[0.213705],0.901408[0.213569],0.894135[0.213778],56,0_48
Signal0,1[0],1[0],1[0],56,0_48
Hybridindex,17.8695[1.07003],17.8477[1.07422],17.891[1.06543],57,0_48
Pref0,0.893[0.217488],0.895477[0.214147],0.890547[0.220718],57,0_48
Signal0,1[0],1[0],1[0],57,0_48
Hybridindex,17.827[1.09193],17.8264[1.09907],17.8277[1.08398],58,0_48
Pref0,0.89325[0.21617],0.900095[0.20923],0.885669[0.223359],58,0_48
Signal0,1[0],1[0],1[0],58,0_48
Hybridindex,17.8268[1.10606],17.8332[1.10586],17.8206[1.10621],59,0_48
Pref0,0.88975[0.21959],0.88352[0.221924],0.895772[0.217141],59,0_48
Signal0,1[0],1[0],1[0],59,0_48
Hybridindex,17.8055[1.13023],17.7884[1.13549],17.8212[1.12515],60,0_48
Pref0,0.88575[0.226543],0.878788[0.230712],0.892138[0.222458],60,0_48
Signal0,1[0],1[0],1[0],60,0_48
Hybridindex,17.8038[1.12065],17.8059[1.12185],17.8017[1.11949],61,0_48
Pref0,0.8805[0.226869],0.882533[0.225973],0.87855[0.227709],61,0_48
Signal0,1[0],1[0],1[0],61,0_48
Hybridindex,17.8603[1.10061],17.8521[1.09891],17.8682[1.10221],62,0_48
Pref0,0.88525[0.223512],0.895137[0.215641],0.875617[0.230515],62,0_48
Signal0,1[0],1[0],1[0],62,0_48
Hybridindex,17.8635[1.10244],17.8499[1.11036],17.8774[1.09413],63,0_48
Pref0,0.88475[0.223254],0.88999[0.218765],0.879415[0.22761],63,0_48
Signal0,1[0],1[0],1[0],63,0_48
Hybridindex,17.836[1.10016],17.8169[1.08198],17.8541[1.11678],64,0_48
Pref0,0.87675[0.231159],0.88323[0.224517],0.870623[0.237105],64,0_48
Signal0,1[0],1[0],1[0],64,0_48
Hybridindex,17.8347[1.0709],17.8731[1.07181],17.7978[1.06872],65,0_48
Pref0,0.87075[0.238053],0.869011[0.238749],0.872424[0.23737],65,0_48
Signal0,1[0],1[0],1[0],65,0_48
Hybridindex,17.8163[1.07232],17.7782[1.0837],17.8525[1.06008],66,0_48
Pref0,0.874[0.232108],0.864754[0.23554],0.882812[0.22844],66,0_48
Signal0,1[0],1[0],1[0],66,0_48
Hybridindex,17.8175[1.09702],17.8144[1.10565],17.8205[1.08873],67,0_48
Pref0,0.87775[0.233837],0.87641[0.240422],0.879024[0.22739],67,0_48
Signal0,1[0],1[0],1[0],67,0_48
Hybridindex,17.8463[1.11332],17.7978[1.14102],17.8973[1.08103],68,0_48
Pref0,0.87875[0.235952],0.878168[0.237291],0.879363[0.234532],68,0_48
Signal0,1[0],1[0],1[0],68,0_48
Hybridindex,17.8712[1.10173],17.8833[1.09922],17.8589[1.10416],69,0_48
Pref0,0.877[0.232639],0.891133[0.22464],0.862437[0.239734],69,0_48
Signal0,1[0],1[0],1[0],69,0_48
Hybridindex,17.871[1.09994],17.8009[1.10192],17.9373[1.09394],70,0_48
Pref0,0.879[0.229911],0.888374[0.221384],0.870136[0.237352],70,0_48
Signal0,1[0],1[0],1[0],70,0_48
Hybridindex,17.8815[1.07655],17.9045[1.0736],17.8571[1.07915],71,0_48
Pref0,0.88225[0.224187],0.884578[0.224072],0.879773[0.224283],71,0_48
Signal0,1[0],1[0],1[0],71,0_48
Hybridindex,17.8597[1.08384],17.8438[1.08883],17.8752[1.07874],72,0_48
Pref0,0.88325[0.227474],0.890974[0.219555],0.87574[0.234675],72,0_48
Signal0,1[0],1[0],1[0],72,0_48
Hybridindex,17.8457[1.06399],17.8307[1.05582],17.8609[1.07195],73,0_48
Pref0,0.879[0.228821],0.876494[0.233382],0.881526[0.2241],73,0_48
Signal0,1[0],1[0],1[0],73,0_48
Hybridindex,17.8295[1.11375],17.8652[1.0893],17.7964[1.13489],74,0_48
Pref0,0.88075[0.227825],0.883975[0.229946],0.877767[0.225805],74,0_48
Signal0,1[0],1[0],1[0],74,0_48
Hybridindex,17.804[1.12809],17.8438[1.10381],17.7636[1.15083],75,0_48
Pref0,0.8725[0.23663],0.870536[0.236448],0.874496[0.236798],75,0_48
Signal0,1[0],1[0],1[0],75,0_48
Hybridindex,17.781[1.10501],17.7929[1.10028],17.7689[1.10965],76,0_48
Pref0,0.86275[0.241945],0.864945[0.239232],0.860524[0.244646],76,0_48
Signal0,1[0],1[0],1[0],76,0_48
Hybridindex,17.756[1.14432],17.7698[1.12553],17.7423[1.16261],77,0_48
Pref0,0.855[0.248948],0.863864[0.242991],0.846154[0.254446],77,0_48
Signal0,1[0],1[0],1[0],77,0_48
Hybridindex,17.7565[1.1267],17.7422[1.17126],17.7705[1.08116],78,0_48
Pref0,0.859[0.239518],0.844793[0.2482],0.872898[0.229861],78,0_48
Signal0,1[0],1[0],1[0],78,0_48
Hybridindex,17.7205[1.13143],17.6982[1.10703],17.7443[1.1564],79,0_48
Pref0,0.85325[0.249178],0.855136[0.24921],0.85124[0.249128],79,0_48
Signal0,1[0],1[0],1[0],79,0_48
Hybridindex,17.6765[1.13571],17.6624[1.14998],17.69[1.1217],80,0_48
Pref0,0.845[0.257342],0.848315[0.25613],0.841822[0.25846],80,0_48
Signal0,1[0],1[0],1[0],80,0_48
Hybridindex,17.6408[1.14534],17.5838[1.15599],17.6941[1.13269],81,0_48
Pref0,0.8425[0.257767],0.850052[0.255766],0.835431[0.259427],81,0_48
Signal0,1[0],1[0],1[0],81,0_48
Hybridindex,17.612[1.15302],17.6293[1.10718],17.5954[1.195],82,0_48
Pref0,0.8375[0.253167],0.844581[0.248464],0.830724[0.257406],82,0_48
Signal0,1[0],1[0],1[0],82,0_48
Hybridindex,17.6197[1.16984],17.6199[1.17024],17.6196[1.16945],83,0_48
Pref0,0.83525[0.259292],0.834514[0.260786],0.835968[0.257824],83,0_48
Signal0,1[0],1[0],1[0],83,0_48
Hybridindex,17.5828[1.16287],17.5871[1.17308],17.5786[1.15305],84,0_48
Pref0,0.83175[0.26752],0.833504[0.260427],0.830078[0.274099],84,0_48
Signal0,1[0],1[0],1[0],84,0_48
Hybridindex,17.5472[1.16786],17.5092[1.19476],17.5833[1.14062],85,0_48
Pref0,0.83525[0.258326],0.843268[0.255159],0.827653[0.261064],85,0_48
Signal0,1[0],1[0],1[0],85,0_48
Hybridindex,17.5365[1.19087],17.5104[1.18859],17.5629[1.19259],86,0_48
Pref0,0.83125[0.265327],0.831182[0.267952],0.831319[0.262638],86,0_48
Signal0,1[0],1[0],1[0],86,0_48
Hybridindex,17.565[1.15943],17.6188[1.16443],17.5082[1.1514],87,0_48
Pref0,0.825[0.268095],0.815969[0.274204],0.834532[0.261153],87,0_48
Signal0,1[0],1[0],1[0],87,0_48
Hybridindex,17.5478[1.14274],17.5283[1.1679],17.5669[1.11714],88,0_48
Pref0,0.82275[0.266378],0.821393[0.263651],0.824083[0.269023],88,0_48
Signal0,1[0],1[0],1[0],88,0_48
Hybridindex,17.533[1.18075],17.5492[1.20438],17.5188[1.15942],89,0_48
Pref0,0.82425[0.275657],0.82139[0.280702],0.826761[0.271126],89,0_48
Signal0,1[0],1[0],1[0],89,0_48
Hybridindex,17.5328[1.17071],17.5068[1.21303],17.5606[1.12287],90,0_48
Pref0,0.81125[0.278385],0.813043[0.279879],0.809326[0.276762],90,0_48
Signal0,1[0],1[0],1[0],90,0_48
Hybridindex,17.5748[1.19866],17.549[1.22891],17.601[1.16641],91,0_48
Pref0,0.81675[0.280258],0.812871[0.277244],0.820707[0.283245],91,0_48
Signal0,1[0],1[0],1[0],91,0_48
Hybridindex,17.5822[1.17009],17.5385[1.17774],17.6273[1.16044],92,0_48
Pref0,0.8155[0.276514],0.811144[0.279271],0.81998[0.273577],92,0_48
Signal0,1[0],1[0],1[0],92,0_48
Hybridindex,17.5805[1.16684],17.5995[1.15904],17.5619[1.17414],93,0_48
Pref0,0.81975[0.271358],0.810101[0.273952],0.829208[0.268454],93,0_48
Signal0,1[0],1[0],1[0],93,0_48
Hybridindex,17.5935[1.16727],17.5927[1.15094],17.5943[1.18365],94,0_48
Pref0,0.826[0.268745],0.831021[0.264217],0.820888[0.273184],94,0_48
Signal0,1[0],1[0],1[0],94,0_48
Hybridindex,17.5772[1.17947],17.5783[1.21224],17.5763[1.14933],95,0_48
Pref0,0.821[0.269182],0.82328[0.268225],0.818957[0.27002],95,0_48
Signal0,1[0],1[0],1[0],95,0_48
Hybridindex,17.5553[1.16911],17.5563[1.1479],17.5542[1.19049],96,0_48
Pref0,0.83125[0.268605],0.837117[0.269591],0.825228[0.267454],96,0_48
Signal0,1[0],1[0],1[0],96,0_48
Hybridindex,17.5472[1.14276],17.563[1.17471],17.5325[1.11169],97,0_48
Pref0,0.84225[0.258824],0.832301[0.255989],0.8516[0.261115],97,0_48
Signal0,1[0],1[0],1[0],97,0_48
Hybridindex,17.5482[1.16385],17.5495[1.15371],17.5471[1.17331],98,0_48
Pref0,0.843[0.255149],0.842268[0.250498],0.843689[0.25945],98,0_48
Signal0,1[0],1[0],1[0],98,0_48
Hybridindex,17.5755[1.15154],17.5976[1.11866],17.5521[1.18501],99,0_48
Pref0,0.8415[0.256667],0.83932[0.260055],0.843814[0.252998],99,0_48
Signal0,1[0],1[0],1[0],99,0_48
Hybridindex,17.621[1.17669],17.6055[1.18666],17.6371[1.16604],100,0_48
Pref0,0.846[0.255018],0.840039[0.260079],0.852192[0.249501],100,0_48
Signal0,1[0],1[0],1[0],100,0_48
Hybridindex,12.51[8.26438],12.4242[8.25],12.5941[8.27758],1,0_49
Pref0,0.6255[0.413219],0.621212[0.4125],0.629703[0.413879],1,0_49
Signal0,0.6255[0.413219],0.621212[0.4125],0.629703[0.413879],1,0_49
Hybridindex,15.2152[6.12697],15.289[6.07143],15.1386[6.18321],2,0_49
Pref0,0.76125[0.334848],0.762512[0.333783],0.759939[0.335946],2,0_49
Signal0,0.765[0.330568],0.768891[0.326795],0.760958[0.334394],2,0_49
Hybridindex,16.8615[3.95131],16.8158[4.04464],16.9052[3.85956],3,0_49
Pref0,0.84025[0.261925],0.83521[0.266654],0.845064[0.257237],3,0_49
Signal0,0.8685[0.246896],0.867451[0.245918],0.869501[0.247822],3,0_49
Hybridindex,17.594[2.55801],17.6774[2.51904],17.5119[2.59318],4,0_49
Pref0,0.8775[0.230204],0.885585[0.225098],0.869544[0.234848],4,0_49
Signal0,0.9335[0.175578],0.929435[0.181171],0.9375[0.169799],4,0_49
Hybridindex,17.7512[1.91507],17.7008[1.96314],17.8039[1.86217],5,0_49
Pref0,0.8905[0.21854],0.88002[0.226873],0.90143[0.208937],5,0_49
Signal0,0.96825[0.122951],0.964251[0.128828],0.972421[0.11636],5,0_49
Hybridindex,17.7705[1.63335],17.794[1.60394],17.7473[1.66163],6,0_49
Pref0,0.88625[0.22569],0.884925[0.224333],0.887562[0.227017],6,0_49
Signal0,0.98675[0.0803084],0.986935[0.0797619],0.986567[0.0808454],6,0_49
Hybridindex,17.758[1.4943],17.8073[1.47558],17.7088[1.51115],7,0_49
Pref0,0.88325[0.226924],0.886386[0.227831],0.88012[0.225972],7,0_49
Signal0,0.9925[0.0607762],0.994494[0.052177],0.990509[0.0682289],7,0_49
Hybridindex,17.768[1.36964],17.7706[1.36981],17.7654[1.36947],8,0_49
Pref0,0.878[0.23209],0.878848[0.233107],0.87714[0.231051],8,0_49
Signal0,0.99425[0.0533098],0.995035[0.0495779],0.993454[0.0568336],8,0_49
Hybridindex,17.7805[1.34101],17.7543[1.34377],17.8066[1.33776],9,0_49
Pref0,0.874[0.234252],0.881143[0.229835],0.866899[0.23835],9,0_49
Signal0,0.998[0.0315595],0.997492[0.0353196],0.998504[0.0273042],9,0_49
Hybridindex,17.8158[1.30888],17.8002[1.35405],17.831[1.26277],10,0_49
Pref0,0.87275[0.238081],0.880424[0.231435],0.865213[0.244197],10,0_49
Signal0,0.99825[0.0295286],0.997477[0.0354258],0.999009[0.0222387],10,0_49
Hybridindex,17.7858[1.285],17.7513[1.27078],17.8191[1.29772],11,0_49
Pref0,0.86975[0.236453],0.876907[0.235691],0.862832[0.236982],11,0_49
Signal0,0.9995[0.0158035],0.999491[0.0159394],0.999508[0.015671],11,0_49
Hybridindex,17.7845[1.28921],17.7626[1.29665],17.8052[1.28181],12,0_49
Pref0,0.87225[0.237813],0.873326[0.239978],0.871234[0.235747],12,0_49
Signal0,1[0],1[0],1[0],12,0_49
Hybridindex,17.7978[1.27876],17.8305[1.27465],17.7652[1.282],13,0_49
Pref0,0.86975[0.239081],0.870612[0.239753],0.868893[0.238409],13,0_49
Signal0,1[0],1[0],1[0],13,0_49
Hybridindex,17.7527[1.27122],17.7515[1.25717],17.7539[1.28441],14,0_49
Pref0,0.88075[0.226725],0.887064[0.221014],0.874756[0.231859],14,0_49
Signal0,1[0],1[0],1[0],14,0_49
Hybridindex,17.7305[1.27215],17.7401[1.25743],17.7206[1.28704],15,0_49
Pref0,0.87925[0.233012],0.876726[0.233088],0.881846[0.232904],15,0_49
Signal0,1[0],1[0],1[0],15,0_49
Hybridindex,17.7585[1.26617],17.8058[1.25346],17.7134[1.27653],16,0_49
Pref0,0.87875[0.232214],0.880635[0.231584],0.876953[0.232799],16,0_49
Signal0,1[0],1[0],1[0],16,0_49
Hybridindex,17.7808[1.21349],17.7565[1.23204],17.8066[1.19281],17,0_49
Pref0,0.8735[0.23558],0.879961[0.23514],0.866598[0.235853],17,0_49
Signal0,1[0],1[0],1[0],17,0_49
Hybridindex,17.8255[1.18218],17.8476[1.17061],17.8038[1.19304],18,0_49
Pref0,0.86675[0.235307],0.876892[0.225697],0.856789[0.243968],18,0_49
Signal0,1[0],1[0],1[0],18,0_49
Hybridindex,17.83[1.22713],17.8286[1.27786],17.8313[1.17507],19,0_49
Pref0,0.86875[0.234837],0.87248[0.231402],0.865079[0.238112],19,0_49
Signal0,1[0],1[0],1[0],19,0_49
Hybridindex,17.8235[1.19869],17.8593[1.18526],17.7876[1.21095],20,0_49
Pref0,0.882[0.232004],0.877246[0.236198],0.886774[0.227616],20,0_49
Signal0,1[0],1[0],1[0],20,0_49
Hybridindex,17.784[1.21916],17.8062[1.23098],17.7624[1.20711],21,0_49
Pref0,0.884[0.228132],0.896255[0.212504],0.872036[0.24182],21,0_49
Signal0,1[0],1[0],1[0],21,0_49
Hybridindex,17.766[1.24739],17.8391[1.17881],17.6955[1.30629],22,0_49
Pref0,0.89025[0.2249],0.89053[0.221046],0.88998[0.228555],22,0_49
Signal0,1[0],1[0],1[0],22,0_49
Hybridindex,17.765[1.24911],17.7379[1.22525],17.7916[1.2715],23,0_49
Pref0,0.89225[0.224755],0.889899[0.225852],0.894554[0.223651],23,0_49
Signal0,1[0],1[0],1[0],23,0_49
Hybridindex,17.7748[1.24072],17.7359[1.25912],17.8117[1.22182],24,0_49
Pref0,0.882[0.228749],0.884615[0.225932],0.879512[0.231369],24,0_49
Signal0,1[0],1[0],1[0],24,0_49
Hybridindex,17.7405[1.2377],17.7433[1.25635],17.7377[1.21865],25,0_49
Pref0,0.8785[0.233426],0.879362[0.233963],0.877633[0.232882],25,0_49
Signal0,1[0],1[0],1[0],25,0_49
Hybridindex,17.7108[1.22687],17.6992[1.23132],17.7222[1.22235],26,0_49
Pref0,0.87775[0.235966],0.873742[0.237154],0.88171[0.234719],26,0_49
Signal0,1[0],1[0],1[0],26,0_49
Hybridindex,17.7218[1.20154],17.6976[1.21413],17.7444[1.18915],27,0_49
Pref0,0.8905[0.220816],0.886997[0.226874],0.893792[0.214915],27,0_49
Signal0,1[0],1[0],1[0],27,0_49
Hybridindex,17.725[1.23324],17.6935[1.26211],17.7554[1.20395],28,0_49
Pref0,0.88725[0.222289],0.891548[0.214542],0.883104[0.229438],28,0_49
Signal0,1[0],1[0],1[0],28,0_49
Hybridindex,17.8008[1.23042],17.82[1.20288],17.7813[1.25721],29,0_49
Pref0,0.88275[0.226666],0.883848[0.227076],0.881645[0.226247],29,0_49
Signal0,1[0],1[0],1[0],29,0_49
Hybridindex,17.8225[1.18869],17.8238[1.16741],17.8212[1.20956],30,0_49
Pref0,0.879[0.230454],0.87988[0.230518],0.878122[0.230386],30,0_49
Signal0,1[0],1[0],1[0],30,0_49
Hybridindex,17.799[1.22213],17.7979[1.18344],17.8001[1.25978],31,0_49
Pref0,0.8795[0.225233],0.880739[0.225602],0.878257[0.224854],31,0_49
Signal0,1[0],1[0],1[0],31,0_49
Hybridindex,17.817[1.1929],17.7918[1.19675],17.8434[1.18828],32,0_49
Pref0,0.8765[0.229669],0.876344[0.227845],0.876663[0.231563],32,0_49
Signal0,1[0],1[0],1[0],32,0_49
Hybridindex,17.7888[1.16265],17.7852[1.16419],17.7924[1.16104],33,0_49
Pref0,0.87725[0.237818],0.875862[0.239784],0.87868[0.235767],33,0_49
Signal0,1[0],1[0],1[0],33,0_49
Hybridindex,17.7512[1.19739],17.8206[1.20363],17.677[1.1862],34,0_49
Pref0,0.8805[0.225765],0.882495[0.220938],0.878364[0.230801],34,0_49
Signal0,1[0],1[0],1[0],34,0_49
Hybridindex,17.757[1.1852],17.7791[1.18396],17.7335[1.18607],35,0_49
Pref0,0.87775[0.232228],0.879845[0.232114],0.875517[0.23233],35,0_49
Signal0,1[0],1[0],1[0],35,0_49
Hybridindex,17.6973[1.24267],17.6606[1.26584],17.7334[1.21831],36,0_49
Pref0,0.87975[0.232734],0.883182[0.233087],0.876365[0.232335],36,0_49
Signal0,1[0],1[0],1[0],36,0_49
Hybridindex,17.707[1.20401],17.7663[1.22665],17.6479[1.17802],37,0_49
Pref0,0.87925[0.230856],0.879379[0.228621],0.879121[0.233065],37,0_49
Signal0,1[0],1[0],1[0],37,0_49
Hybridindex,17.6902[1.21878],17.6877[1.20863],17.6928[1.22908],38,0_49
Pref0,0.87725[0.230884],0.880435[0.231067],0.873988[0.230651],38,0_49
Signal0,1[0],1[0],1[0],38,0_49
Hybridindex,17.6788[1.20465],17.6585[1.19402],17.6997[1.21517],39,0_49
Pref0,0.86725[0.241355],0.871555[0.236834],0.862805[0.245857],39,0_49
Signal0,1[0],1[0],1[0],39,0_49
Hybridindex,17.737[1.21679],17.7485[1.2531],17.7247[1.17688],40,0_49
Pref0,0.862[0.246386],0.878155[0.228882],0.844845[0.262618],40,0_49
Signal0,1[0],1[0],1[0],40,0_49
Hybridindex,17.7455[1.1794],17.7363[1.16598],17.7548[1.19262],41,0_49
Pref0,0.8595[0.249018],0.868631[0.236472],0.85035[0.260663],41,0_49
Signal0,1[0],1[0],1[0],41,0_49
Hybridindex,17.781[1.18027],17.8196[1.1479],17.7405[1.21192],42,0_49
Pref0,0.8615[0.243039],0.861681[0.241529],0.86131[0.244609],42,0_49
Signal0,1[0],1[0],1[0],42,0_49
Hybridindex,17.761[1.16023],17.7746[1.12455],17.7475[1.19428],43,0_49
Pref0,0.8605[0.248072],0.855634[0.252818],0.865308[0.243196],43,0_49
Signal0,1[0],1[0],1[0],43,0_49
Hybridindex,17.7518[1.14771],17.7899[1.12584],17.7125[1.16848],44,0_49
Pref0,0.86975[0.234329],0.866864[0.232953],0.872718[0.235699],44,0_49
Signal0,1[0],1[0],1[0],44,0_49
Hybridindex,17.7278[1.16823],17.7331[1.15543],17.7222[1.18134],45,0_49
Pref0,0.865[0.23775],0.864573[0.237155],0.865443[0.238365],45,0_49
Signal0,1[0],1[0],1[0],45,0_49
Hybridindex,17.7102[1.15517],17.727[1.12453],17.6934[1.1849],46,0_49
Pref0,0.86625[0.244409],0.861776[0.250958],0.870741[0.237568],46,0_49
Signal0,1[0],1[0],1[0],46,0_49
Hybridindex,17.6845[1.15367],17.6925[1.14699],17.6768[1.15999],47,0_49
Pref0,0.8675[0.238629],0.875894[0.23195],0.859452[0.244591],47,0_49
Signal0,1[0],1[0],1[0],47,0_49
Hybridindex,17.6762[1.13746],17.6745[1.14557],17.6779[1.12938],48,0_49
Pref0,0.862[0.244348],0.862676[0.239477],0.861332[0.249065],48,0_49
Signal0,1[0],1[0],1[0],48,0_49
Hybridindex,17.6992[1.15355],17.7061[1.13117],17.6923[1.17577],49,0_49
Pref0,0.85375[0.247964],0.862463[0.245518],0.844914[0.250109],49,0_49
Signal0,1[0],1[0],1[0],49,0_49
Hybridindex,17.7165[1.15904],17.6957[1.14403],17.7373[1.17347],50,0_49
Pref0,0.85775[0.24978],0.859359[0.252098],0.856144[0.247434],50,0_49
Signal0,1[0],1[0],1[0],50,0_49
Hybridindex,17.719[1.15446],17.6705[1.18908],17.7666[1.11738],51,0_49
Pref0,0.86[0.2503],0.863269[0.250576],0.856789[0.249987],51,0_49
Signal0,1[0],1[0],1[0],51,0_49
Hybridindex,17.7312[1.1684],17.6972[1.1732],17.7634[1.16293],52,0_49
Pref0,0.86125[0.241088],0.861483[0.239334],0.86103[0.242732],52,0_49
Signal0,1[0],1[0],1[0],52,0_49
Hybridindex,17.7025[1.18353],17.7066[1.17812],17.6981[1.18924],53,0_49
Pref0,0.872[0.231551],0.874394[0.230934],0.869453[0.232179],53,0_49
Signal0,1[0],1[0],1[0],53,0_49
Hybridindex,17.7188[1.19249],17.7184[1.1743],17.7191[1.2115],54,0_49
Pref0,0.87[0.237908],0.87233[0.236194],0.867526[0.239689],54,0_49
Signal0,1[0],1[0],1[0],54,0_49
Hybridindex,17.7203[1.21465],17.7288[1.18418],17.7118[1.24385],55,0_49
Pref0,0.8725[0.236101],0.874496[0.231416],0.870536[0.240607],55,0_49
Signal0,1[0],1[0],1[0],55,0_49
Hybridindex,17.7025[1.19373],17.6927[1.20907],17.712[1.17854],56,0_49
Pref0,0.8765[0.231296],0.878296[0.231617],0.874753[0.230969],56,0_49
Signal0,1[0],1[0],1[0],56,0_49
Hybridindex,17.7333[1.18088],17.7437[1.16642],17.7229[1.19487],57,0_49
Pref0,0.873[0.236899],0.877644[0.232945],0.868421[0.240646],57,0_49
Signal0,1[0],1[0],1[0],57,0_49
Hybridindex,17.7005[1.16503],17.6505[1.15923],17.7518[1.16874],58,0_49
Pref0,0.8745[0.233452],0.871668[0.235784],0.877406[0.230997],58,0_49
Signal0,1[0],1[0],1[0],58,0_49
Hybridindex,17.6623[1.1617],17.6884[1.14962],17.6358[1.17321],59,0_49
Pref0,0.877[0.233176],0.874254[0.23242],0.879779[0.233906],59,0_49
Signal0,1[0],1[0],1[0],59,0_49
Hybridindex,17.6618[1.16199],17.6575[1.15393],17.6659[1.16963],60,0_49
Pref0,0.877[0.234246],0.864519[0.246237],0.888943[0.221508],60,0_49
Signal0,1[0],1[0],1[0],60,0_49
Hybridindex,17.6685[1.17212],17.6804[1.19589],17.6567[1.14812],61,0_49
Pref0,0.878[0.228836],0.88256[0.22466],0.873512[0.232786],61,0_49
Signal0,1[0],1[0],1[0],61,0_49
Hybridindex,17.7225[1.14826],17.7163[1.13056],17.7283[1.16445],62,0_49
Pref0,0.87375[0.232779],0.871888[0.235422],0.875483[0.230279],62,0_49
Signal0,1[0],1[0],1[0],62,0_49
Hybridindex,17.7095[1.13495],17.7274[1.16713],17.693[1.10409],63,0_49
Pref0,0.87225[0.234105],0.864204[0.239294],0.879692[0.228948],63,0_49
Signal0,1[0],1[0],1[0],63,0_49
Hybridindex,17.738[1.1164],17.7607[1.10803],17.715[1.12436],64,0_49
Pref0,0.863[0.243374],0.861966[0.247757],0.864048[0.238843],64,0_49
Signal0,1[0],1[0],1[0],64,0_49
Hybridindex,17.7[1.14837],17.7057[1.13883],17.6941[1.15801],65,0_49
Pref0,0.854[0.250368],0.853116[0.245509],0.854904[0.255236],65,0_49
Signal0,1[0],1[0],1[0],65,0_49
Hybridindex,17.7035[1.14328],17.6811[1.13682],17.7263[1.14935],66,0_49
Pref0,0.8565[0.253294],0.857143[0.258638],0.855847[0.247744],66,0_49
Signal0,1[0],1[0],1[0],66,0_49
Hybridindex,17.69[1.16733],17.6937[1.17285],17.6862[1.16172],67,0_49
Pref0,0.8495[0.251694],0.847112[0.250063],0.851908[0.253304],67,0_49
Signal0,1[0],1[0],1[0],67,0_49
Hybridindex,17.6818[1.17158],17.6521[1.18165],17.7112[1.16075],68,0_49
Pref0,0.84675[0.259113],0.843876[0.25834],0.849602[0.259846],68,0_49
Signal0,1[0],1[0],1[0],68,0_49
Hybridindex,17.6253[1.1957],17.6002[1.22095],17.6495[1.17026],69,0_49
Pref0,0.8505[0.251296],0.840793[0.260749],0.859882[0.241438],69,0_49
Signal0,1[0],1[0],1[0],69,0_49
Hybridindex,17.6103[1.17992],17.6515[1.17835],17.5706[1.18007],70,0_49
Pref0,0.842[0.254039],0.831122[0.258135],0.852451[0.249596],70,0_49
Signal0,1[0],1[0],1[0],70,0_49
Hybridindex,17.6172[1.17234],17.6545[1.15105],17.5809[1.1916],71,0_49
Pref0,0.8395[0.260269],0.837386[0.259862],0.84156[0.260648],71,0_49
Signal0,1[0],1[0],1[0],71,0_49
Hybridindex,17.612[1.17535],17.626[1.17801],17.5983[1.17259],72,0_49
Pref0,0.8295[0.270518],0.839575[0.263929],0.819664[0.276445],72,0_49
Signal0,1[0],1[0],1[0],72,0_49
Hybridindex,17.5763[1.15955],17.6241[1.16127],17.5277[1.15579],73,0_49
Pref0,0.84125[0.254801],0.832671[0.259965],0.84995[0.249153],73,0_49
Signal0,1[0],1[0],1[0],73,0_49
Hybridindex,17.5748[1.17273],17.6154[1.14762],17.5337[1.19615],74,0_49
Pref0,0.8385[0.25479],0.841791[0.249067],0.835176[0.260399],74,0_49
Signal0,1[0],1[0],1[0],74,0_49
Hybridindex,17.6212[1.13178],17.6274[1.13808],17.6151[1.12535],75,0_49
Pref0,0.84025[0.260009],0.842786[0.259468],0.837688[0.26053],75,0_49
Signal0,1[0],1[0],1[0],75,0_49
Hybridindex,17.5925[1.14168],17.609[1.12836],17.5763[1.1544],76,0_49
Pref0,0.85175[0.249293],0.850151[0.253129],0.85332[0.245457],76,0_49
Signal0,1[0],1[0],1[0],76,0_49
Hybridindex,17.636[1.12439],17.649[1.11861],17.6233[1.12988],77,0_49
Pref0,0.86375[0.239397],0.858081[0.242692],0.869307[0.235991],77,0_49
Signal0,1[0],1[0],1[0],77,0_49
Hybridindex,17.6283[1.13839],17.6113[1.16786],17.6447[1.10885],78,0_49
Pref0,0.863[0.246437],0.864837[0.242831],0.86122[0.249866],78,0_49
Signal0,1[0],1[0],1[0],78,0_49
Hybridindex,17.5957[1.16992],17.5978[1.17957],17.5937[1.16005],79,0_49
Pref0,0.8645[0.242156],0.865938[0.244912],0.863041[0.239321],79,0_49
Signal0,1[0],1[0],1[0],79,0_49
Hybridindex,17.5953[1.12297],17.5896[1.10497],17.6009[1.14062],80,0_49
Pref0,0.86825[0.241385],0.878879[0.239587],0.857642[0.242704],80,0_49
Signal0,1[0],1[0],1[0],80,0_49
Hybridindex,17.5852[1.11237],17.6183[1.10557],17.551[1.11835],81,0_49
Pref0,0.8715[0.236088],0.872915[0.2402],0.870031[0.231731],81,0_49
Signal0,1[0],1[0],1[0],81,0_49
Hybridindex,17.582[1.12028],17.5569[1.12071],17.6071[1.11928],82,0_49
Pref0,0.86025[0.243608],0.867133[0.235103],0.853353[0.251654],82,0_49
Signal0,1[0],1[0],1[0],82,0_49
Hybridindex,17.577[1.13713],17.5746[1.14088],17.5795[1.13333],83,0_49
Pref0,0.856[0.245487],0.850895[0.245505],0.861167[0.245361],83,0_49
Signal0,1[0],1[0],1[0],83,0_49
Hybridindex,17.579[1.18628],17.5235[1.20472],17.632[1.16594],84,0_49
Pref0,0.85725[0.241862],0.854657[0.243359],0.859726[0.240399],84,0_49
Signal0,1[0],1[0],1[0],84,0_49
Hybridindex,17.5233[1.15935],17.535[1.13291],17.5125[1.18303],85,0_49
Pref0,0.864[0.24084],0.867432[0.242128],0.860845[0.239606],85,0_49
Signal0,1[0],1[0],1[0],85,0_49
Hybridindex,17.5083[1.16632],17.5199[1.13651],17.4965[1.19557],86,0_49
Pref0,0.86425[0.241758],0.874627[0.233304],0.853769[0.249569],86,0_49
Signal0,1[0],1[0],1[0],86,0_49
Hybridindex,17.5233[1.18135],17.5085[1.18821],17.5381[1.17423],87,0_49
Pref0,0.86475[0.240484],0.868263[0.242884],0.861222[0.237997],87,0_49
Signal0,1[0],1[0],1[0],87,0_49
Hybridindex,17.5068[1.15686],17.4689[1.1485],17.5432[1.16371],88,0_49
Pref0,0.87275[0.237555],0.876782[0.232516],0.868861[0.242253],88,0_49
Signal0,1[0],1[0],1[0],88,0_49
Hybridindex,17.544[1.15912],17.5291[1.16817],17.5588[1.14989],89,0_49
Pref0,0.87325[0.234114],0.873494[0.237245],0.873008[0.230966],89,0_49
Signal0,1[0],1[0],1[0],89,0_49
Hybridindex,17.5765[1.15169],17.5479[1.15083],17.604[1.15185],90,0_49
Pref0,0.86575[0.246175],0.860347[0.251129],0.870952[0.241195],90,0_49
Signal0,1[0],1[0],1[0],90,0_49
Hybridindex,17.5637[1.15057],17.5664[1.16079],17.561[1.14007],91,0_49
Pref0,0.86075[0.241318],0.858771[0.241043],0.862765[0.241581],91,0_49
Signal0,1[0],1[0],1[0],91,0_49
Hybridindex,17.575[1.14842],17.5764[1.13577],17.5736[1.16131],92,0_49
Pref0,0.869[0.239456],0.865025[0.241115],0.873096[0.237664],92,0_49
Signal0,1[0],1[0],1[0],92,0_49
Hybridindex,17.5182[1.17805],17.5046[1.18392],17.5315[1.17218],93,0_49
Pref0,0.864[0.238755],0.859756[0.239932],0.86811[0.237537],93,0_49
Signal0,1[0],1[0],1[0],93,0_49
Hybridindex,17.53[1.15536],17.5649[1.14122],17.4933[1.16892],94,0_49
Pref0,0.861[0.243781],0.85561[0.244212],0.866667[0.243198],94,0_49
Signal0,1[0],1[0],1[0],94,0_49
Hybridindex,17.5502[1.13296],17.6176[1.12965],17.4819[1.13222],95,0_49
Pref0,0.86875[0.243205],0.865575[0.248079],0.871976[0.238106],95,0_49
Signal0,1[0],1[0],1[0],95,0_49
Hybridindex,17.5918[1.1247],17.5888[1.12609],17.5948[1.12322],96,0_49
Pref0,0.869[0.233643],0.862136[0.240193],0.876289[0.226253],96,0_49
Signal0,1[0],1[0],1[0],96,0_49
Hybridindex,17.5892[1.12502],17.5562[1.13614],17.6208[1.11335],97,0_49
Pref0,0.86725[0.241355],0.865542[0.242619],0.868885[0.240129],97,0_49
Signal0,1[0],1[0],1[0],97,0_49
Hybridindex,17.5963[1.11259],17.6232[1.112],17.5681[1.11252],98,0_49
Pref0,0.868[0.242025],0.867546[0.238729],0.868475[0.245427],98,0_49
Signal0,1[0],1[0],1[0],98,0_49
Hybridindex,17.574[1.13469],17.6135[1.10197],17.5338[1.1657],99,0_49
Pref0,0.87025[0.238306],0.871655[0.242078],0.868819[0.234395],99,0_49
Signal0,1[0],1[0],1[0],99,0_49
Hybridindex,17.593[1.13682],17.5927[1.12954],17.5934[1.14483],100,0_49
Pref0,0.856[0.251026],0.861692[0.244961],0.849684[0.257442],100,0_49
Signal0,1[0],1[0],1[0],100,0_49
Hybridindex,12.625[8.23768],12.2978[8.34099],12.9615[8.11633],1,0_5
Pref0,0.63125[0.411884],0.614892[0.417049],0.648073[0.405816],1,0_5
Signal0,0.63125[0.411884],0.614892[0.417049],0.648073[0.405816],1,0_5
Hybridindex,15.7417[5.77059],15.686[5.8336],15.7975[5.70633],2,0_5
Pref0,0.7855[0.318182],0.787[0.318796],0.784[0.317559],2,0_5
Signal0,0.78875[0.321323],0.7855[0.322087],0.792[0.320525],2,0_5
Hybridindex,17.3023[3.43552],17.509[3.24189],17.0939[3.60826],3,0_5
Pref0,0.859[0.248232],0.86753[0.236974],0.850402[0.258801],3,0_5
Signal0,0.89125[0.218056],0.904382[0.206519],0.878012[0.228335],3,0_5
Hybridindex,17.751[2.3305],17.742[2.37973],17.76[2.28038],4,0_5
Pref0,0.88075[0.227825],0.880762[0.225638],0.880739[0.229984],4,0_5
Signal0,0.94275[0.161547],0.942385[0.161211],0.943114[0.16188],4,0_5
Hybridindex,17.968[1.79297],17.9597[1.76964],17.9758[1.81453],5,0_5
Pref0,0.89125[0.222033],0.894112[0.223599],0.888566[0.22052],5,0_5
Signal0,0.9685[0.121481],0.959711[0.136093],0.976744[0.105295],5,0_5
Hybridindex,18.0155[1.51509],18.0605[1.50973],17.969[1.51922],6,0_5
Pref0,0.8925[0.218961],0.893805[0.216186],0.89115[0.221786],6,0_5
Signal0,0.99025[0.0691371],0.994592[0.0517183],0.985758[0.0831758],6,0_5
Hybridindex,18.0532[1.37833],18.0256[1.39402],18.0819[1.36131],7,0_5
Pref0,0.889[0.218355],0.887414[0.220304],0.890641[0.216308],7,0_5
Signal0,0.99125[0.0655625],0.991642[0.0641023],0.990844[0.0670373],7,0_5
Hybridindex,18.0648[1.2707],18.048[1.26402],18.0826[1.27754],8,0_5
Pref0,0.892[0.216416],0.88905[0.215769],0.895145[0.21706],8,0_5
Signal0,0.99625[0.0431386],0.996609[0.0410394],0.995868[0.0452663],8,0_5
Hybridindex,18.061[1.28142],18.0462[1.29439],18.0753[1.26856],9,0_5
Pref0,0.8965[0.215146],0.898882[0.214298],0.894193[0.215939],9,0_5
Signal0,0.99875[0.0249687],0.998476[0.0275658],0.999016[0.0221621],9,0_5
Hybridindex,18.0733[1.26807],18.0492[1.28989],18.0966[1.24609],10,0_5
Pref0,0.90475[0.211074],0.909645[0.203917],0.9[0.217691],10,0_5
Signal0,0.9995[0.0158035],0.998985[0.0225074],1[0],10,0_5
Hybridindex,18.0837[1.25782],18.0864[1.26375],18.0811[1.25192],11,0_5
Pref0,0.90075[0.211008],0.90603[0.206585],0.895522[0.215171],11,0_5
Signal0,1[0],1[0],1[0],11,0_5
Hybridindex,18.0735[1.2043],18.1119[1.1535],18.0343[1.25281],12,0_5
Pref0,0.8945[0.221065],0.891584[0.223338],0.897475[0.218682],12,0_5
Signal0,1[0],1[0],1[0],12,0_5
Hybridindex,18.0918[1.13752],18.0942[1.14263],18.0892[1.1323],13,0_5
Pref0,0.8985[0.213185],0.897321[0.216215],0.899698[0.210054],13,0_5
Signal0,1[0],1[0],1[0],13,0_5
Hybridindex,18.1028[1.16117],18.0825[1.14433],18.1237[1.178],14,0_5
Pref0,0.9015[0.209279],0.905206[0.204571],0.897658[0.213983],14,0_5
Signal0,1[0],1[0],1[0],14,0_5
Hybridindex,18.083[1.13693],18.0335[1.15607],18.1356[1.11384],15,0_5
Pref0,0.89525[0.213664],0.909223[0.20136],0.880412[0.225049],15,0_5
Signal0,1[0],1[0],1[0],15,0_5
Hybridindex,18.0807[1.14831],18.1024[1.14626],18.0599[1.14988],16,0_5
Pref0,0.89225[0.220261],0.895005[0.221628],0.889598[0.218905],16,0_5
Signal0,1[0],1[0],1[0],16,0_5
Hybridindex,18.0607[1.16509],18.0909[1.15696],18.0302[1.17248],17,0_5
Pref0,0.89125[0.222033],0.899206[0.211439],0.883182[0.232004],17,0_5
Signal0,1[0],1[0],1[0],17,0_5
Hybridindex,18.045[1.16371],18.0789[1.18396],18.0092[1.14086],18,0_5
Pref0,0.90075[0.20982],0.903116[0.206067],0.898253[0.213682],18,0_5
Signal0,1[0],1[0],1[0],18,0_5
Hybridindex,18.0375[1.14186],18.0396[1.13331],18.0353[1.15072],19,0_5
Pref0,0.899[0.211066],0.906556[0.204705],0.891104[0.217234],19,0_5
Signal0,1[0],1[0],1[0],19,0_5
Hybridindex,18.0665[1.17509],18.0597[1.15961],18.0734[1.19047],20,0_5
Pref0,0.89475[0.218054],0.887065[0.220654],0.902513[0.215116],20,0_5
Signal0,1[0],1[0],1[0],20,0_5
Hybridindex,18.0667[1.16808],18.0738[1.16161],18.06[1.17427],21,0_5
Pref0,0.89825[0.217995],0.909461[0.209009],0.887414[0.225814],21,0_5
Signal0,1[0],1[0],1[0],21,0_5
Hybridindex,18.1118[1.13969],18.137[1.12527],18.0869[1.15319],22,0_5
Pref0,0.896[0.217219],0.899295[0.215066],0.892751[0.219273],22,0_5
Signal0,1[0],1[0],1[0],22,0_5
Hybridindex,18.1253[1.14474],18.1341[1.14168],18.1168[1.14757],23,0_5
Pref0,0.89775[0.215453],0.893114[0.217157],0.902142[0.213733],23,0_5
Signal0,1[0],1[0],1[0],23,0_5
Hybridindex,18.1412[1.08808],18.1457[1.08138],18.1369[1.09453],24,0_5
Pref0,0.908[0.208053],0.908629[0.208394],0.907389[0.207719],24,0_5
Signal0,1[0],1[0],1[0],24,0_5
Hybridindex,18.1883[1.08751],18.1713[1.08263],18.204[1.09179],25,0_5
Pref0,0.9045[0.211258],0.899273[0.210645],0.909354[0.211709],25,0_5
Signal0,1[0],1[0],1[0],25,0_5
Hybridindex,18.195[1.08038],18.1539[1.10192],18.2356[1.0571],26,0_5
Pref0,0.89925[0.214417],0.899899[0.212274],0.898608[0.21651],26,0_5
Signal0,1[0],1[0],1[0],26,0_5
Hybridindex,18.192[1.10063],18.1923[1.07061],18.1917[1.12916],27,0_5
Pref0,0.903[0.208185],0.902328[0.206975],0.903656[0.209357],27,0_5
Signal0,1[0],1[0],1[0],27,0_5
Hybridindex,18.1863[1.08935],18.2222[1.06559],18.149[1.11218],28,0_5
Pref0,0.90025[0.211364],0.903638[0.208135],0.896745[0.214598],28,0_5
Signal0,1[0],1[0],1[0],28,0_5
Hybridindex,18.2[1.09772],18.1793[1.08425],18.2212[1.11096],29,0_5
Pref0,0.8985[0.212009],0.902174[0.20926],0.894737[0.214723],29,0_5
Signal0,1[0],1[0],1[0],29,0_5
Hybridindex,18.188[1.10721],18.1845[1.08371],18.1916[1.13071],30,0_5
Pref0,0.8995[0.213072],0.896142[0.21583],0.902932[0.21016],30,0_5
Signal0,1[0],1[0],1[0],30,0_5
Hybridindex,18.2213[1.0658],18.2108[1.05549],18.2315[1.07569],31,0_5
Pref0,0.90175[0.214411],0.89181[0.220129],0.911474[0.208207],31,0_5
Signal0,1[0],1[0],1[0],31,0_5
Hybridindex,18.2035[1.04023],18.1711[1.03021],18.2352[1.04896],32,0_5
Pref0,0.90325[0.207399],0.893725[0.215402],0.912549[0.198837],32,0_5
Signal0,1[0],1[0],1[0],32,0_5
Hybridindex,18.2057[1.02654],18.2305[1.02559],18.1824[1.0269],33,0_5
Pref0,0.90625[0.203312],0.907407[0.199451],0.905156[0.206892],33,0_5
Signal0,1[0],1[0],1[0],33,0_5
Hybridindex,18.2177[1.0226],18.2241[1.02681],18.2114[1.01831],34,0_5
Pref0,0.9105[0.202459],0.91517[0.198018],0.905812[0.206717],34,0_5
Signal0,1[0],1[0],1[0],34,0_5
Hybridindex,18.26[0.996193],18.2428[0.975847],18.2773[1.01595],35,0_5
Pref0,0.91425[0.19627],0.912263[0.19663],0.916249[0.195887],35,0_5
Signal0,1[0],1[0],1[0],35,0_5
Hybridindex,18.268[0.975411],18.2546[0.98246],18.2809[0.968385],36,0_5
Pref0,0.91075[0.203493],0.907841[0.204107],0.913556[0.20286],36,0_5
Signal0,1[0],1[0],1[0],36,0_5
Hybridindex,18.2583[0.979634],18.2629[0.985174],18.2535[0.973949],37,0_5
Pref0,0.91475[0.197123],0.911706[0.199558],0.917843[0.194569],37,0_5
Signal0,1[0],1[0],1[0],37,0_5
Hybridindex,18.245[0.995603],18.2263[0.99975],18.2638[0.991075],38,0_5
Pref0,0.9145[0.197964],0.912587[0.203862],0.916416[0.191853],38,0_5
Signal0,1[0],1[0],1[0],38,0_5
Hybridindex,18.2515[1.01415],18.2218[1.02866],18.2802[0.999082],39,0_5
Pref0,0.9165[0.195647],0.909461[0.202833],0.923304[0.18819],39,0_5
Signal0,1[0],1[0],1[0],39,0_5
Hybridindex,18.2685[1.03219],18.3015[0.997941],18.2365[1.06339],40,0_5
Pref0,0.91225[0.203531],0.919797[0.200669],0.904926[0.206007],40,0_5
Signal0,1[0],1[0],1[0],40,0_5
Hybridindex,18.295[0.995603],18.2906[0.992303],18.2993[0.998815],41,0_5
Pref0,0.9135[0.200044],0.917255[0.200189],0.909812[0.199834],41,0_5
Signal0,1[0],1[0],1[0],41,0_5
Hybridindex,18.3005[1.0021],18.2982[0.984494],18.303[1.02038],42,0_5
Pref0,0.90875[0.207481],0.908074[0.208205],0.909465[0.206711],42,0_5
Signal0,1[0],1[0],1[0],42,0_5
Hybridindex,18.3045[0.986423],18.2903[0.964546],18.3179[1.00653],43,0_5
Pref0,0.90725[0.205603],0.903905[0.210869],0.910419[0.200434],43,0_5
Signal0,1[0],1[0],1[0],43,0_5
Hybridindex,18.29[0.97834],18.2775[0.990771],18.3034[0.964623],44,0_5
Pref0,0.9035[0.20661],0.908784[0.202851],0.897822[0.210427],44,0_5
Signal0,1[0],1[0],1[0],44,0_5
Hybridindex,18.2907[0.997918],18.2612[1.02975],18.3203[0.964068],45,0_5
Pref0,0.90525[0.203464],0.908092[0.200011],0.902402[0.206826],45,0_5
Signal0,1[0],1[0],1[0],45,0_5
Hybridindex,18.3055[0.985987],18.3234[0.985796],18.2873[0.985847],46,0_5
Pref0,0.902[0.213649],0.89881[0.217486],0.905242[0.209629],46,0_5
Signal0,1[0],1[0],1[0],46,0_5
Hybridindex,18.288[0.985549],18.2464[1.02795],18.3325[0.936097],47,0_5
Pref0,0.9[0.217371],0.889642[0.228466],0.911065[0.204276],47,0_5
Signal0,1[0],1[0],1[0],47,0_5
Hybridindex,18.2972[0.987556],18.3332[1.00815],18.2608[0.964864],48,0_5
Pref0,0.8935[0.219449],0.896723[0.214331],0.890232[0.224473],48,0_5
Signal0,1[0],1[0],1[0],48,0_5
Hybridindex,18.28[1.00205],18.262[1.01806],18.2989[0.984646],49,0_5
Pref0,0.8915[0.223557],0.890029[0.221914],0.89304[0.225255],49,0_5
Signal0,1[0],1[0],1[0],49,0_5
Hybridindex,18.253[1.02139],18.2391[0.989425],18.2665[1.05119],50,0_5
Pref0,0.8965[0.215146],0.889624[0.220455],0.903147[0.209673],50,0_5
Signal0,1[0],1[0],1[0],50,0_5
Hybridindex,18.241[1.00743],18.2261[1.03354],18.257[0.978402],51,0_5
Pref0,0.89025[0.2249],0.890821[0.224497],0.889637[0.22533],51,0_5
Signal0,1[0],1[0],1[0],51,0_5
Hybridindex,18.221[1.04399],18.2221[1.07149],18.2199[1.01498],52,0_5
Pref0,0.888[0.226839],0.898815[0.217403],0.8769[0.235616],52,0_5
Signal0,1[0],1[0],1[0],52,0_5
Hybridindex,18.222[1.02101],18.1958[1.02357],18.2487[1.0177],53,0_5
Pref0,0.89125[0.216907],0.896637[0.212024],0.885743[0.221652],53,0_5
Signal0,1[0],1[0],1[0],53,0_5
Hybridindex,18.2323[1.04878],18.2407[1.03904],18.2235[1.05871],54,0_5
Pref0,0.8895[0.224254],0.888016[0.225431],0.891039[0.223017],54,0_5
Signal0,1[0],1[0],1[0],54,0_5
Hybridindex,18.2225[1.03465],18.2653[1.04273],18.1798[1.02474],55,0_5
Pref0,0.88425[0.224114],0.884384[0.221236],0.884116[0.226949],55,0_5
Signal0,1[0],1[0],1[0],55,0_5
Hybridindex,18.2402[0.991037],18.2576[0.973849],18.2223[1.0082],56,0_5
Pref0,0.8815[0.226843],0.873156[0.231784],0.890132[0.221284],56,0_5
Signal0,1[0],1[0],1[0],56,0_5
Hybridindex,18.2525[1.00349],18.2733[0.999132],18.2318[1.00738],57,0_5
Pref0,0.89225[0.219123],0.890171[0.222198],0.894317[0.216004],57,0_5
Signal0,1[0],1[0],1[0],57,0_5
Hybridindex,18.2518[0.988432],18.2435[1.0037],18.2594[0.973972],58,0_5
Pref0,0.8865[0.225539],0.88162[0.229009],0.891032[0.222172],58,0_5
Signal0,1[0],1[0],1[0],58,0_5
Hybridindex,18.2533[1.00511],18.2523[1.00231],18.2542[1.00781],59,0_5
Pref0,0.8895[0.21918],0.884264[0.222597],0.894581[0.21569],59,0_5
Signal0,1[0],1[0],1[0],59,0_5
Hybridindex,18.2993[0.980344],18.3217[0.995667],18.2761[0.963754],60,0_5
Pref0,0.8895[0.222013],0.898522[0.211836],0.880203[0.231666],60,0_5
Signal0,1[0],1[0],1[0],60,0_5
Hybridindex,18.3165[0.97958],18.2986[0.970832],18.3356[0.988484],61,0_5
Pref0,0.88975[0.224098],0.88819[0.227227],0.891417[0.220694],61,0_5
Signal0,1[0],1[0],1[0],61,0_5
Hybridindex,18.3068[0.988827],18.3535[0.970402],18.2609[1.00445],62,0_5
Pref0,0.8915[0.219038],0.885354[0.223013],0.897525[0.2149],62,0_5
Signal0,1[0],1[0],1[0],62,0_5
Hybridindex,18.3242[0.964618],18.3259[0.971669],18.3226[0.957396],63,0_5
Pref0,0.89075[0.218951],0.88244[0.226733],0.899194[0.210413],63,0_5
Signal0,1[0],1[0],1[0],63,0_5
Hybridindex,18.3215[0.946117],18.2965[0.932904],18.3447[0.957639],64,0_5
Pref0,0.8945[0.215916],0.889927[0.219346],0.898746[0.212594],64,0_5
Signal0,1[0],1[0],1[0],64,0_5
Hybridindex,18.3355[0.966535],18.3286[0.969141],18.3426[0.963807],65,0_5
Pref0,0.8935[0.218307],0.88834[0.22423],0.898785[0.211938],65,0_5
Signal0,1[0],1[0],1[0],65,0_5
Hybridindex,18.3197[0.977438],18.3451[0.968721],18.2948[0.98529],66,0_5
Pref0,0.89875[0.212423],0.906155[0.201589],0.891477[0.22231],66,0_5
Signal0,1[0],1[0],1[0],66,0_5
Hybridindex,18.3362[0.96011],18.3274[0.954002],18.3453[0.96623],67,0_5
Pref0,0.89475[0.214003],0.893175[0.218942],0.89636[0.208822],67,0_5
Signal0,1[0],1[0],1[0],67,0_5
Hybridindex,18.3475[0.955245],18.3468[0.956466],18.3482[0.95401],68,0_5
Pref0,0.899[0.212247],0.902985[0.212287],0.894975[0.212132],68,0_5
Signal0,1[0],1[0],1[0],68,0_5
Hybridindex,18.3343[0.946917],18.3185[0.94725],18.3501[0.946319],69,0_5
Pref0,0.90225[0.211707],0.900299[0.211885],0.904213[0.21151],69,0_5
Signal0,1[0],1[0],1[0],69,0_5
Hybridindex,18.3675[0.943633],18.3315[0.961056],18.405[0.923623],70,0_5
Pref0,0.90175[0.209098],0.895201[0.215207],0.90858[0.202305],70,0_5
Signal0,1[0],1[0],1[0],70,0_5
Hybridindex,18.3495[0.958045],18.3498[0.974456],18.3492[0.941178],71,0_5
Pref0,0.90325[0.212754],0.901493[0.215674],0.905025[0.209749],71,0_5
Signal0,1[0],1[0],1[0],71,0_5
Hybridindex,18.3545[0.948594],18.3363[0.964648],18.3725[0.932044],72,0_5
Pref0,0.9055[0.208134],0.913153[0.199743],0.897908[0.215869],72,0_5
Signal0,1[0],1[0],1[0],72,0_5
Hybridindex,18.35[0.969923],18.3301[0.969551],18.3686[0.969899],73,0_5
Pref0,0.9115[0.202281],0.912435[0.198049],0.910628[0.206145],73,0_5
Signal0,1[0],1[0],1[0],73,0_5
Hybridindex,18.3325[0.968991],18.343[0.940007],18.3224[0.995993],74,0_5
Pref0,0.915[0.202546],0.915392[0.19933],0.914622[0.205594],74,0_5
Signal0,1[0],1[0],1[0],74,0_5
Hybridindex,18.347[0.990248],18.348[1.00646],18.346[0.974924],75,0_5
Pref0,0.92125[0.187546],0.91805[0.190615],0.924228[0.184595],75,0_5
Signal0,1[0],1[0],1[0],75,0_5
Hybridindex,18.3292[0.980035],18.3016[0.992311],18.3557[0.967405],76,0_5
Pref0,0.9165[0.192426],0.909509[0.19903],0.92319[0.18564],76,0_5
Signal0,1[0],1[0],1[0],76,0_5
Hybridindex,18.341[0.957585],18.363[0.940329],18.3182[0.974629],77,0_5
Pref0,0.91325[0.200872],0.922888[0.191152],0.903259[0.210008],77,0_5
Signal0,1[0],1[0],1[0],77,0_5
Hybridindex,18.3535[0.959186],18.3145[0.961448],18.394[0.955148],78,0_5
Pref0,0.917[0.193936],0.915604[0.193724],0.918451[0.194145],78,0_5
Signal0,1[0],1[0],1[0],78,0_5
Hybridindex,18.3603[0.951365],18.3613[0.949824],18.3592[0.952813],79,0_5
Pref0,0.9145[0.197332],0.914948[0.197231],0.914078[0.197425],79,0_5
Signal0,1[0],1[0],1[0],79,0_5
Hybridindex,18.3848[0.940129],18.3678[0.930671],18.4032[0.950005],80,0_5
Pref0,0.90975[0.200574],0.908525[0.201798],0.911088[0.19922],80,0_5
Signal0,1[0],1[0],1[0],80,0_5
Hybridindex,18.3833[0.925875],18.3931[0.926402],18.3738[0.925267],81,0_5
Pref0,0.915[0.193067],0.923625[0.182682],0.90668[0.202234],81,0_5
Signal0,1[0],1[0],1[0],81,0_5
Hybridindex,18.379[0.933064],18.4019[0.920199],18.3564[0.945058],82,0_5
Pref0,0.91225[0.20106],0.907948[0.206356],0.916501[0.195593],82,0_5
Signal0,1[0],1[0],1[0],82,0_5
Hybridindex,18.3672[0.930727],18.3685[0.934247],18.366[0.927297],83,0_5
Pref0,0.912[0.196229],0.911168[0.197644],0.912808[0.194844],83,0_5
Signal0,1[0],1[0],1[0],83,0_5
Hybridindex,18.387[0.909935],18.3968[0.914965],18.3776[0.904985],84,0_5
Pref0,0.91725[0.195006],0.909091[0.205663],0.925073[0.18387],84,0_5
Signal0,1[0],1[0],1[0],84,0_5
Hybridindex,18.3803[0.928862],18.3873[0.904046],18.3735[0.951683],85,0_5
Pref0,0.9185[0.195851],0.91358[0.198349],0.923152[0.193345],85,0_5
Signal0,1[0],1[0],1[0],85,0_5
Hybridindex,18.3558[0.959332],18.3554[0.966652],18.3561[0.95176],86,0_5
Pref0,0.91575[0.193072],0.914116[0.193753],0.917427[0.192357],86,0_5
Signal0,1[0],1[0],1[0],86,0_5
Hybridindex,18.3923[0.935155],18.3949[0.921061],18.3897[0.948868],87,0_5
Pref0,0.91[0.200998],0.914487[0.199928],0.905567[0.201951],87,0_5
Signal0,1[0],1[0],1[0],87,0_5
Hybridindex,18.3483[0.941991],18.3398[0.949485],18.3572[0.933884],88,0_5
Pref0,0.89825[0.219139],0.891262[0.227527],0.90567[0.209611],88,0_5
Signal0,1[0],1[0],1[0],88,0_5
Hybridindex,18.333[0.964552],18.3129[0.982348],18.3533[0.945806],89,0_5
Pref0,0.8895[0.222575],0.889055[0.222781],0.88995[0.222366],89,0_5
Signal0,1[0],1[0],1[0],89,0_5
Hybridindex,18.312[0.970003],18.3296[0.977236],18.2938[0.962109],90,0_5
Pref0,0.888[0.222387],0.888016[0.226518],0.887984[0.218023],90,0_5
Signal0,1[0],1[0],1[0],90,0_5
Hybridindex,18.3305[0.960479],18.3346[0.966946],18.3262[0.953655],91,0_5
Pref0,0.88725[0.228391],0.880137[0.237334],0.894683[0.218407],91,0_5
Signal0,1[0],1[0],1[0],91,0_5
Hybridindex,18.3633[0.93149],18.3531[0.954531],18.3729[0.908836],92,0_5
Pref0,0.89525[0.214249],0.89304[0.219501],0.897361[0.209087],92,0_5
Signal0,1[0],1[0],1[0],92,0_5
Hybridindex,18.3618[0.928177],18.3509[0.942498],18.3726[0.913414],93,0_5
Pref0,0.89225[0.22252],0.896311[0.222638],0.888164[0.222325],93,0_5
Signal0,1[0],1[0],1[0],93,0_5
Hybridindex,18.3882[0.913858],18.371[0.911167],18.4056[0.916235],94,0_5
Pref0,0.89225[0.220828],0.878486[0.229053],0.906124[0.211308],94,0_5
Signal0,1[0],1[0],1[0],94,0_5
Hybridindex,18.3878[0.922917],18.4087[0.901183],18.3669[0.943562],95,0_5
Pref0,0.888[0.222387],0.89318[0.215669],0.882851[0.228753],95,0_5
Signal0,1[0],1[0],1[0],95,0_5
Hybridindex,18.4193[0.910277],18.3886[0.943631],18.4478[0.877074],96,0_5
Pref0,0.8845[0.226737],0.878756[0.229472],0.889855[0.224024],96,0_5
Signal0,1[0],1[0],1[0],96,0_5
Hybridindex,18.4118[0.898937],18.4259[0.897884],18.3975[0.899773],97,0_5
Pref0,0.89525[0.211311],0.901493[0.208639],0.888945[0.213792],97,0_5
Signal0,1[0],1[0],1[0],97,0_5
Hybridindex,18.412[0.892192],18.3957[0.892422],18.429[0.891634],98,0_5
Pref0,0.899[0.214007],0.897649[0.214678],0.900409[0.213296],98,0_5
Signal0,1[0],1[0],1[0],98,0_5
Hybridindex,18.412[0.90499],18.4131[0.8914],18.411[0.917805],99,0_5
Pref0,0.88725[0.224527],0.889571[0.219391],0.885029[0.229312],99,0_5
Signal0,1[0],1[0],1[0],99,0_5
Hybridindex,18.4288[0.878521],18.443[0.865414],18.4138[0.891873],100,0_5
Pref0,0.8835[0.226777],0.882554[0.230682],0.884497[0.222585],100,0_5
Signal0,1[0],1[0],1[0],100,0_5
Hybridindex,12.69[8.20755],12.6413[8.16781],12.7361[8.24476],1,0_50
Pref0,0.6345[0.410378],0.632066[0.40839],0.636806[0.412238],1,0_50
Signal0,0.6345[0.410378],0.632066[0.40839],0.636806[0.412238],1,0_50
Hybridindex,15.4515[6.00257],15.5623[5.87764],15.3399[6.12391],2,0_50
Pref0,0.7705[0.329514],0.778386[0.324069],0.76255[0.334726],2,0_50
Signal0,0.77325[0.328191],0.773904[0.324431],0.77259[0.331937],2,0_50
Hybridindex,17.0365[3.79367],17.0036[3.78604],17.0682[3.80073],3,0_50
Pref0,0.84125[0.262056],0.835882[0.265358],0.846418[0.258733],3,0_50
Signal0,0.86825[0.246002],0.862385[0.249203],0.873896[0.242747],3,0_50
Hybridindex,17.7473[2.39833],17.7946[2.43526],17.7027[2.36223],4,0_50
Pref0,0.8735[0.23558],0.875129[0.238006],0.871969[0.233266],4,0_50
Signal0,0.938[0.166301],0.942724[0.160852],0.93356[0.171146],4,0_50
Hybridindex,17.9378[1.76939],17.933[1.76482],17.9424[1.77388],5,0_50
Pref0,0.88925[0.219908],0.888218[0.222347],0.890268[0.217471],5,0_50
Signal0,0.96225[0.132098],0.964753[0.127988],0.959782[0.135984],5,0_50
Hybridindex,17.993[1.51003],18.0025[1.5035],17.9835[1.51644],6,0_50
Pref0,0.89275[0.2165],0.895687[0.211627],0.889831[0.2212],6,0_50
Signal0,0.97925[0.0997218],0.979438[0.0992878],0.979063[0.100151],6,0_50
Hybridindex,17.9615[1.41749],17.9505[1.42333],17.9723[1.41167],7,0_50
Pref0,0.891[0.221628],0.895349[0.215475],0.886746[0.227406],7,0_50
Signal0,0.98925[0.072522],0.992417[0.0611081],0.986152[0.0820493],7,0_50
Hybridindex,17.9917[1.34947],18.007[1.32841],17.9765[1.37006],8,0_50
Pref0,0.888[0.226839],0.878122[0.234682],0.897898[0.21825],8,0_50
Signal0,0.99025[0.0691371],0.991009[0.066443],0.989489[0.0717272],8,0_50
Hybridindex,18.0138[1.29023],18.0258[1.32157],18.002[1.25863],9,0_50
Pref0,0.89075[0.215498],0.886364[0.218964],0.89505[0.211958],9,0_50
Signal0,0.996[0.0445421],0.993939[0.0547135],0.99802[0.0314035],9,0_50
Hybridindex,17.9503[1.28992],17.9192[1.31984],17.9815[1.2584],10,0_50
Pref0,0.892[0.213509],0.889721[0.214411],0.894289[0.212574],10,0_50
Signal0,0.9985[0.027345],0.998503[0.0273178],0.998497[0.0273723],10,0_50
Hybridindex,17.9385[1.22769],17.9589[1.23604],17.9178[1.21878],11,0_50
Pref0,0.89325[0.215591],0.883053[0.22636],0.903633[0.203518],11,0_50
Signal0,0.9985[0.027345],0.999009[0.0222387],0.997982[0.0317019],11,0_50
Hybridindex,17.9138[1.23731],17.8794[1.29533],17.9483[1.17505],12,0_50
Pref0,0.8905[0.222508],0.897308[0.219722],0.883651[0.225068],12,0_50
Signal0,0.99825[0.0295286],0.998006[0.0315124],0.998495[0.027386],12,0_50
Hybridindex,17.8508[1.24724],17.8546[1.26692],17.8467[1.22648],13,0_50
Pref0,0.8985[0.209637],0.900295[0.207023],0.89664[0.212297],13,0_50
Signal0,0.9995[0.0158035],1[0],0.998982[0.0225417],13,0_50
Hybridindex,17.8755[1.21768],17.8872[1.20773],17.8635[1.22766],14,0_50
Pref0,0.897[0.213638],0.894164[0.217156],0.899899[0.20994],14,0_50
Signal0,1[0],1[0],1[0],14,0_50
Hybridindex,17.8768[1.19653],17.8675[1.18419],17.8862[1.20894],15,0_50
Pref0,0.88975[0.217301],0.890702[0.219415],0.888777[0.215115],15,0_50
Signal0,1[0],1[0],1[0],15,0_50
Hybridindex,17.9277[1.19934],17.8981[1.20709],17.9547[1.19161],16,0_50
Pref0,0.89075[0.218951],0.896534[0.217556],0.885496[0.220079],16,0_50
Signal0,1[0],1[0],1[0],16,0_50
Hybridindex,17.955[1.17536],17.9969[1.13444],17.9152[1.21159],17,0_50
Pref0,0.893[0.223721],0.887577[0.224156],0.898148[0.223185],17,0_50
Signal0,1[0],1[0],1[0],17,0_50
Hybridindex,17.934[1.20287],18.0152[1.18936],17.855[1.21065],18,0_50
Pref0,0.89525[0.213664],0.901623[0.208728],0.889053[0.218179],18,0_50
Signal0,1[0],1[0],1[0],18,0_50
Hybridindex,17.9468[1.19522],17.9323[1.17796],17.9627[1.21373],19,0_50
Pref0,0.90175[0.209098],0.898378[0.209341],0.905462[0.208767],19,0_50
Signal0,1[0],1[0],1[0],19,0_50
Hybridindex,17.9725[1.17399],17.9904[1.1587],17.955[1.18852],20,0_50
Pref0,0.9075[0.206019],0.914141[0.196438],0.90099[0.214797],20,0_50
Signal0,1[0],1[0],1[0],20,0_50
Hybridindex,18.0075[1.17365],17.9753[1.20022],18.0404[1.1449],21,0_50
Pref0,0.905[0.207304],0.897626[0.212503],0.912538[0.201573],21,0_50
Signal0,1[0],1[0],1[0],21,0_50
Hybridindex,17.9922[1.14851],17.992[1.16217],17.9925[1.13473],22,0_50
Pref0,0.9005[0.209999],0.898297[0.212172],0.902695[0.207789],22,0_50
Signal0,1[0],1[0],1[0],22,0_50
Hybridindex,17.9915[1.14616],17.9712[1.15547],18.0114[1.13662],23,0_50
Pref0,0.90625[0.205149],0.907482[0.205547],0.905045[0.204751],23,0_50
Signal0,1[0],1[0],1[0],23,0_50
Hybridindex,18.0325[1.16948],17.9995[1.20026],18.0643[1.13817],24,0_50
Pref0,0.90225[0.208734],0.899592[0.207799],0.904809[0.209599],24,0_50
Signal0,1[0],1[0],1[0],24,0_50
Hybridindex,17.9902[1.13821],17.9759[1.16957],18.0045[1.10605],25,0_50
Pref0,0.902[0.207113],0.901104[0.207802],0.902888[0.206425],25,0_50
Signal0,1[0],1[0],1[0],25,0_50
Hybridindex,17.9632[1.15468],17.9624[1.15357],17.9641[1.15574],26,0_50
Pref0,0.90375[0.207029],0.900305[0.210917],0.90708[0.203144],26,0_50
Signal0,1[0],1[0],1[0],26,0_50
Hybridindex,17.9788[1.16444],17.954[1.15596],18.004[1.17249],27,0_50
Pref0,0.90725[0.20802],0.90396[0.209157],0.910606[0.2068],27,0_50
Signal0,1[0],1[0],1[0],27,0_50
Hybridindex,17.915[1.17921],17.9308[1.15865],17.8978[1.20088],28,0_50
Pref0,0.90575[0.206136],0.910183[0.20289],0.900938[0.209496],28,0_50
Signal0,1[0],1[0],1[0],28,0_50
Hybridindex,17.8927[1.15979],17.9197[1.17528],17.8635[1.14206],29,0_50
Pref0,0.908[0.201336],0.908654[0.202917],0.907292[0.199606],29,0_50
Signal0,1[0],1[0],1[0],29,0_50
Hybridindex,17.856[1.18586],17.861[1.17746],17.8507[1.19467],30,0_50
Pref0,0.91025[0.203887],0.909135[0.205025],0.911432[0.202668],30,0_50
Signal0,1[0],1[0],1[0],30,0_50
Hybridindex,17.846[1.18291],17.7957[1.20589],17.8942[1.1584],31,0_50
Pref0,0.90425[0.207863],0.904494[0.206682],0.904016[0.208989],31,0_50
Signal0,1[0],1[0],1[0],31,0_50
Hybridindex,17.8468[1.18791],17.8288[1.18199],17.8647[1.19356],32,0_50
Pref0,0.90575[0.203081],0.906687[0.199863],0.90481[0.206257],32,0_50
Signal0,1[0],1[0],1[0],32,0_50
Hybridindex,17.847[1.18684],17.8599[1.21997],17.8348[1.15438],33,0_50
Pref0,0.91575[0.193719],0.917351[0.192511],0.91423[0.194846],33,0_50
Signal0,1[0],1[0],1[0],33,0_50
Hybridindex,17.84[1.1855],17.8536[1.20818],17.8265[1.16249],34,0_50
Pref0,0.90825[0.199266],0.905936[0.20049],0.910537[0.198023],34,0_50
Signal0,1[0],1[0],1[0],34,0_50
Hybridindex,17.834[1.22584],17.8322[1.17575],17.8358[1.2735],35,0_50
Pref0,0.91025[0.204499],0.91206[0.20064],0.908458[0.208234],35,0_50
Signal0,1[0],1[0],1[0],35,0_50
Hybridindex,17.8513[1.13853],17.8373[1.17249],17.8646[1.10495],36,0_50
Pref0,0.9085[0.202182],0.914023[0.197937],0.903226[0.206017],36,0_50
Signal0,1[0],1[0],1[0],36,0_50
Hybridindex,17.8523[1.13503],17.8701[1.13856],17.8345[1.13123],37,0_50
Pref0,0.909[0.204863],0.909729[0.203716],0.908275[0.205995],37,0_50
Signal0,1[0],1[0],1[0],37,0_50
Hybridindex,17.8427[1.1387],17.8517[1.16459],17.8338[1.11225],38,0_50
Pref0,0.9135[0.200668],0.91483[0.20578],0.912176[0.195436],38,0_50
Signal0,1[0],1[0],1[0],38,0_50
Hybridindex,17.8972[1.12497],17.9027[1.14761],17.8918[1.10198],39,0_50
Pref0,0.916[0.196071],0.907222[0.206873],0.924726[0.184296],39,0_50
Signal0,1[0],1[0],1[0],39,0_50
Hybridindex,17.8983[1.10545],17.8812[1.11774],17.9148[1.09314],40,0_50
Pref0,0.925[0.188746],0.919797[0.195544],0.930049[0.181763],40,0_50
Signal0,1[0],1[0],1[0],40,0_50
Hybridindex,17.8985[1.10349],17.8569[1.12286],17.938[1.08327],41,0_50
Pref0,0.92675[0.185767],0.924103[0.190502],0.929268[0.181113],41,0_50
Signal0,1[0],1[0],1[0],41,0_50
Hybridindex,17.883[1.12608],17.8831[1.13843],17.8829[1.11357],42,0_50
Pref0,0.92775[0.182085],0.930569[0.178585],0.924925[0.185483],42,0_50
Signal0,1[0],1[0],1[0],42,0_50
Hybridindex,17.8545[1.14601],17.8209[1.1498],17.8902[1.14088],43,0_50
Pref0,0.93475[0.174978],0.934466[0.174396],0.935052[0.175594],43,0_50
Signal0,1[0],1[0],1[0],43,0_50
Hybridindex,17.865[1.13006],17.8478[1.12205],17.8807[1.13711],44,0_50
Pref0,0.936[0.174367],0.933577[0.172758],0.938218[0.175799],44,0_50
Signal0,1[0],1[0],1[0],44,0_50
Hybridindex,17.8307[1.11691],17.8495[1.07276],17.8119[1.15932],45,0_50
Pref0,0.93175[0.175262],0.932702[0.170646],0.930792[0.179782],45,0_50
Signal0,1[0],1[0],1[0],45,0_50
Hybridindex,17.7795[1.16496],17.7953[1.13167],17.7637[1.19706],46,0_50
Pref0,0.9385[0.170932],0.936436[0.173908],0.940559[0.167884],46,0_50
Signal0,1[0],1[0],1[0],46,0_50
Hybridindex,17.8245[1.17023],17.8113[1.17604],17.8377[1.16427],47,0_50
Pref0,0.938[0.170018],0.942943[0.165152],0.933067[0.1746],47,0_50
Signal0,1[0],1[0],1[0],47,0_50
Hybridindex,17.836[1.10842],17.82[1.12832],17.852[1.08793],48,0_50
Pref0,0.93925[0.168625],0.9435[0.159868],0.935[0.176847],48,0_50
Signal0,1[0],1[0],1[0],48,0_50
Hybridindex,17.8565[1.12335],17.8602[1.1435],17.853[1.10418],49,0_50
Pref0,0.9325[0.178027],0.924431[0.191657],0.940039[0.163917],49,0_50
Signal0,1[0],1[0],1[0],49,0_50
Hybridindex,17.8798[1.13552],17.8454[1.13638],17.9154[1.13353],50,0_50
Pref0,0.93025[0.180305],0.941119[0.170052],0.91896[0.189713],50,0_50
Signal0,1[0],1[0],1[0],50,0_50
Hybridindex,17.8535[1.11391],17.8578[1.13009],17.8488[1.09605],51,0_50
Pref0,0.9325[0.182876],0.928915[0.187863],0.936392[0.177222],51,0_50
Signal0,1[0],1[0],1[0],51,0_50
Hybridindex,17.8395[1.11366],17.852[1.08336],17.8274[1.14206],52,0_50
Pref0,0.93125[0.178601],0.929298[0.182768],0.933137[0.174459],52,0_50
Signal0,1[0],1[0],1[0],52,0_50
Hybridindex,17.8463[1.10306],17.8624[1.08812],17.8302[1.11753],53,0_50
Pref0,0.93225[0.174742],0.933433[0.172781],0.931069[0.176671],53,0_50
Signal0,1[0],1[0],1[0],53,0_50
Hybridindex,17.8298[1.08956],17.8495[1.07349],17.8105[1.10465],54,0_50
Pref0,0.933[0.178916],0.930598[0.177212],0.935341[0.18053],54,0_50
Signal0,1[0],1[0],1[0],54,0_50
Hybridindex,17.8397[1.12891],17.8244[1.13978],17.8547[1.11806],55,0_50
Pref0,0.9365[0.173112],0.938579[0.174618],0.934483[0.171614],55,0_50
Signal0,1[0],1[0],1[0],55,0_50
Hybridindex,17.808[1.1354],17.7867[1.17034],17.8296[1.09834],56,0_50
Pref0,0.9345[0.173089],0.931052[0.178057],0.938004[0.167817],56,0_50
Signal0,1[0],1[0],1[0],56,0_50
Hybridindex,17.8185[1.12375],17.8554[1.12033],17.7824[1.12591],57,0_50
Pref0,0.9295[0.181052],0.93276[0.173522],0.926311[0.188072],57,0_50
Signal0,1[0],1[0],1[0],57,0_50
Hybridindex,17.882[1.05408],17.875[1.04097],17.8887[1.06648],58,0_50
Pref0,0.9225[0.185725],0.918878[0.191132],0.92598[0.180309],58,0_50
Signal0,1[0],1[0],1[0],58,0_50
Hybridindex,17.858[1.08136],17.8388[1.11683],17.8771[1.04441],59,0_50
Pref0,0.9225[0.18906],0.926426[0.18269],0.918581[0.195132],59,0_50
Signal0,1[0],1[0],1[0],59,0_50
Hybridindex,17.9013[1.08944],17.9163[1.06744],17.8868[1.10997],60,0_50
Pref0,0.92725[0.184614],0.92449[0.186022],0.929902[0.183212],60,0_50
Signal0,1[0],1[0],1[0],60,0_50
Hybridindex,17.915[1.11446],17.9199[1.13624],17.9096[1.0902],61,0_50
Pref0,0.932[0.179237],0.939597[0.172941],0.92372[0.185503],61,0_50
Signal0,1[0],1[0],1[0],61,0_50
Hybridindex,17.9133[1.10005],17.9264[1.08245],17.9[1.11738],62,0_50
Pref0,0.928[0.181841],0.930348[0.17739],0.925628[0.186198],62,0_50
Signal0,1[0],1[0],1[0],62,0_50
Hybridindex,17.8905[1.11826],17.917[1.09573],17.8634[1.14024],63,0_50
Pref0,0.93975[0.167317],0.94417[0.162112],0.935223[0.172368],63,0_50
Signal0,1[0],1[0],1[0],63,0_50
Hybridindex,17.9153[1.0977],17.8926[1.10345],17.9381[1.09137],64,0_50
Pref0,0.94175[0.165021],0.942843[0.166723],0.940644[0.163273],64,0_50
Signal0,1[0],1[0],1[0],64,0_50
Hybridindex,17.9028[1.08647],17.8895[1.10092],17.9162[1.07139],65,0_50
Pref0,0.9435[0.161424],0.945986[0.158368],0.940969[0.164439],65,0_50
Signal0,1[0],1[0],1[0],65,0_50
Hybridindex,17.8575[1.11465],17.8876[1.09072],17.8277[1.13711],66,0_50
Pref0,0.94025[0.167496],0.946285[0.158038],0.934263[0.176174],66,0_50
Signal0,1[0],1[0],1[0],66,0_50
Hybridindex,17.8515[1.13322],17.8881[1.10634],17.8161[1.15751],67,0_50
Pref0,0.938[0.169281],0.936928[0.17054],0.939036[0.168048],67,0_50
Signal0,1[0],1[0],1[0],67,0_50
Hybridindex,17.8833[1.11007],17.8918[1.11067],17.8745[1.10937],68,0_50
Pref0,0.94075[0.167674],0.9417[0.165026],0.939777[0.170338],68,0_50
Signal0,1[0],1[0],1[0],68,0_50
Hybridindex,17.8225[1.09156],17.8055[1.10156],17.8391[1.08147],69,0_50
Pref0,0.9405[0.164954],0.944782[0.161492],0.936328[0.168153],69,0_50
Signal0,1[0],1[0],1[0],69,0_50
Hybridindex,17.791[1.09411],17.8162[1.11101],17.7661[1.0766],70,0_50
Pref0,0.943[0.160471],0.942598[0.160964],0.943396[0.159983],70,0_50
Signal0,1[0],1[0],1[0],70,0_50
Hybridindex,17.7735[1.06815],17.7548[1.07809],17.7921[1.05785],71,0_50
Pref0,0.946[0.15995],0.945336[0.160774],0.94666[0.159124],71,0_50
Signal0,1[0],1[0],1[0],71,0_50
Hybridindex,17.8257[1.09019],17.7956[1.08152],17.8555[1.09786],72,0_50
Pref0,0.9495[0.153947],0.951662[0.151128],0.947368[0.156649],72,0_50
Signal0,1[0],1[0],1[0],72,0_50
Hybridindex,17.842[1.06737],17.8468[1.07837],17.8369[1.05567],73,0_50
Pref0,0.9555[0.146696],0.958049[0.143802],0.952821[0.149631],73,0_50
Signal0,1[0],1[0],1[0],73,0_50
Hybridindex,17.8755[1.0967],17.9115[1.07794],17.8423[1.11271],74,0_50
Pref0,0.95575[0.144627],0.959896[0.137712],0.951923[0.150627],74,0_50
Signal0,1[0],1[0],1[0],74,0_50
Hybridindex,17.8945[1.07535],17.8725[1.10128],17.9162[1.04875],75,0_50
Pref0,0.95575[0.146345],0.957157[0.141739],0.954365[0.150728],75,0_50
Signal0,1[0],1[0],1[0],75,0_50
Hybridindex,17.9118[1.03336],17.9051[1.0418],17.9182[1.02496],76,0_50
Pref0,0.95975[0.138762],0.957619[0.142841],0.961843[0.134603],76,0_50
Signal0,1[0],1[0],1[0],76,0_50
Hybridindex,17.911[1.0455],17.8549[1.0616],17.9694[1.02523],77,0_50
Pref0,0.95825[0.140114],0.960784[0.138023],0.955612[0.14221],77,0_50
Signal0,1[0],1[0],1[0],77,0_50
Hybridindex,17.9387[1.0358],17.9583[1.04469],17.9193[1.02652],78,0_50
Pref0,0.964[0.132114],0.967871[0.124636],0.960159[0.139029],78,0_50
Signal0,1[0],1[0],1[0],78,0_50
Hybridindex,17.927[1.06251],17.9491[1.04514],17.9052[1.07891],79,0_50
Pref0,0.96425[0.129796],0.965257[0.129105],0.963257[0.130466],79,0_50
Signal0,1[0],1[0],1[0],79,0_50
Hybridindex,17.961[1.03609],17.9261[1.04243],17.997[1.02828],80,0_50
Pref0,0.96075[0.135405],0.962069[0.132389],0.959391[0.138431],80,0_50
Signal0,1[0],1[0],1[0],80,0_50
Hybridindex,17.9582[1.04457],17.9422[1.06701],17.9738[1.022],81,0_50
Pref0,0.96125[0.138288],0.962513[0.137325],0.96002[0.139208],81,0_50
Signal0,1[0],1[0],1[0],81,0_50
Hybridindex,17.9657[1.02674],17.9708[1.03898],17.9604[1.01364],82,0_50
Pref0,0.96325[0.13238],0.967868[0.124582],0.958376[0.139976],82,0_50
Signal0,1[0],1[0],1[0],82,0_50
Hybridindex,17.9748[1.02432],17.9914[1.04218],17.9566[1.00415],83,0_50
Pref0,0.96525[0.128131],0.963602[0.129901],0.96705[0.126144],83,0_50
Signal0,1[0],1[0],1[0],83,0_50
Hybridindex,18.0068[1.0116],17.971[1.05655],18.0438[0.961381],84,0_50
Pref0,0.9645[0.133191],0.962672[0.138691],0.966395[0.12721],84,0_50
Signal0,1[0],1[0],1[0],84,0_50
Hybridindex,17.9775[1.01217],17.956[1.0342],17.999[0.989191],85,0_50
Pref0,0.96225[0.133977],0.9645[0.130345],0.96[0.137477],85,0_50
Signal0,1[0],1[0],1[0],85,0_50
Hybridindex,17.944[1.06401],17.9467[1.04637],17.9412[1.08181],86,0_50
Pref0,0.96225[0.133041],0.961007[0.135903],0.963526[0.130026],86,0_50
Signal0,1[0],1[0],1[0],86,0_50
Hybridindex,17.941[1.0649],17.9698[1.06121],17.9106[1.06795],87,0_50
Pref0,0.961[0.135015],0.956183[0.141381],0.966084[0.127755],87,0_50
Signal0,1[0],1[0],1[0],87,0_50
Hybridindex,17.9228[1.05138],17.9226[1.05505],17.9229[1.04769],88,0_50
Pref0,0.96425[0.130755],0.96953[0.121679],0.958959[0.139056],88,0_50
Signal0,1[0],1[0],1[0],88,0_50
Hybridindex,17.914[1.07801],17.9491[1.07941],17.8814[1.07568],89,0_50
Pref0,0.9655[0.130613],0.961578[0.138896],0.969142[0.122307],89,0_50
Signal0,1[0],1[0],1[0],89,0_50
Hybridindex,17.9198[1.07456],17.9152[1.08016],17.9243[1.06896],90,0_50
Pref0,0.9695[0.122759],0.967871[0.126633],0.971116[0.118768],90,0_50
Signal0,1[0],1[0],1[0],90,0_50
Hybridindex,17.897[1.07338],17.9114[1.07894],17.8815[1.06713],91,0_50
Pref0,0.97075[0.117343],0.969171[0.120266],0.972453[0.114081],91,0_50
Signal0,1[0],1[0],1[0],91,0_50
Hybridindex,17.8917[1.05067],17.9223[1.04398],17.8628[1.05614],92,0_50
Pref0,0.9695[0.122759],0.972737[0.117971],0.96644[0.127044],92,0_50
Signal0,1[0],1[0],1[0],92,0_50
Hybridindex,17.8678[1.07779],17.8638[1.08774],17.8716[1.06805],93,0_50
Pref0,0.97175[0.117588],0.974085[0.11311],0.969488[0.121725],93,0_50
Signal0,1[0],1[0],1[0],93,0_50
Hybridindex,17.8755[1.06993],17.883[1.08618],17.8676[1.05248],94,0_50
Pref0,0.971[0.116872],0.968811[0.120921],0.973306[0.112403],94,0_50
Signal0,1[0],1[0],1[0],94,0_50
Hybridindex,17.877[1.07372],17.8352[1.06625],17.9177[1.07938],95,0_50
Pref0,0.97425[0.111633],0.977181[0.106753],0.9714[0.116111],95,0_50
Signal0,1[0],1[0],1[0],95,0_50
Hybridindex,17.8835[1.02929],17.8867[1.03477],17.8804[1.02394],96,0_50
Pref0,0.97375[0.111517],0.973069[0.112872],0.974409[0.110183],96,0_50
Signal0,1[0],1[0],1[0],96,0_50
Hybridindex,17.8925[1.0322],17.8707[1.03823],17.9129[1.02612],97,0_50
Pref0,0.97125[0.118526],0.970527[0.122073],0.971926[0.115103],97,0_50
Signal0,1[0],1[0],1[0],97,0_50
Hybridindex,17.8947[1.01442],17.8889[1.0363],17.9009[0.990815],98,0_50
Pref0,0.9725[0.116163],0.97271[0.11358],0.972279[0.118822],98,0_50
Signal0,1[0],1[0],1[0],98,0_50
Hybridindex,17.8835[1.02417],17.8404[1.04403],17.9273[1.00165],99,0_50
Pref0,0.97475[0.109487],0.978692[0.100995],0.970737[0.117368],99,0_50
Signal0,1[0],1[0],1[0],99,0_50
Hybridindex,17.8655[1.00395],17.884[1.02154],17.8466[0.985355],100,0_50
Pref0,0.972[0.116043],0.97671[0.10537],0.967205[0.125804],100,0_50
Signal0,1[0],1[0],1[0],100,0_50
Hybridindex,12.47[8.30657],12.7291[8.2974],12.2088[8.30762],1,0_51
Pref0,0.6235[0.415328],0.636454[0.41487],0.610442[0.415381],1,0_51
Signal0,0.6235[0.415328],0.636454[0.41487],0.610442[0.415381],1,0_51
Hybridindex,15.1937[5.91752],15.2326[5.85808],15.1542[5.97706],2,0_51
Pref0,0.76075[0.324244],0.756448[0.325744],0.765121[0.322655],2,0_51
Signal0,0.76125[0.323455],0.759425[0.322611],0.763105[0.324301],2,0_51
Hybridindex,16.8415[3.89957],16.8892[3.79025],16.7906[4.01243],3,0_51
Pref0,0.85075[0.258553],0.85334[0.251868],0.847983[0.26548],3,0_51
Signal0,0.8725[0.244936],0.878993[0.235672],0.865564[0.254277],3,0_51
Hybridindex,17.4795[2.71842],17.4538[2.68685],17.5044[2.74843],4,0_51
Pref0,0.8835[0.228971],0.878557[0.235855],0.888287[0.221996],4,0_51
Signal0,0.93075[0.178408],0.921748[0.188529],0.939469[0.167565],4,0_51
Hybridindex,17.7297[2.03122],17.6848[2.08471],17.7718[1.97901],5,0_51
Pref0,0.89925[0.209104],0.910973[0.196617],0.888298[0.219566],5,0_51
Signal0,0.96825[0.12193],0.96118[0.133802],0.974855[0.109271],5,0_51
Hybridindex,17.7802[1.65781],17.7807[1.68947],17.7798[1.62592],6,0_51
Pref0,0.90125[0.207662],0.897384[0.209275],0.90507[0.205984],6,0_51
Signal0,0.98925[0.072522],0.988934[0.0735577],0.989563[0.0714825],6,0_51
Hybridindex,17.7922[1.47579],17.8072[1.48486],17.7765[1.466],7,0_51
Pref0,0.91025[0.20693],0.910419[0.204045],0.910072[0.209931],7,0_51
Signal0,0.995[0.0497494],0.995131[0.0490976],0.994861[0.0504278],7,0_51
Hybridindex,17.8242[1.37894],17.8413[1.40356],17.8077[1.35437],8,0_51
Pref0,0.90975[0.19995],0.913286[0.195891],0.906312[0.203761],8,0_51
Signal0,0.9985[0.027345],0.998986[0.022496],0.998028[0.0313417],8,0_51
Hybridindex,17.7925[1.35007],17.7482[1.40115],17.834[1.29907],9,0_51
Pref0,0.90975[0.203666],0.904343[0.209401],0.914811[0.198014],9,0_51
Signal0,0.9995[0.0158035],0.998966[0.0227155],1[0],9,0_51
Hybridindex,17.7673[1.32908],17.7595[1.33679],17.7751[1.32121],10,0_51
Pref0,0.914[0.196479],0.908367[0.199775],0.919679[0.192933],10,0_51
Signal0,1[0],1[0],1[0],10,0_51
Hybridindex,17.767[1.29941],17.7709[1.27292],17.7629[1.32695],11,0_51
Pref0,0.914[0.204583],0.915534[0.209371],0.912371[0.199359],11,0_51
Signal0,1[0],1[0],1[0],11,0_51
Hybridindex,17.7347[1.31815],17.7427[1.34743],17.7274[1.29049],12,0_51
Pref0,0.90875[0.200745],0.903646[0.207508],0.913462[0.194174],12,0_51
Signal0,1[0],1[0],1[0],12,0_51
Hybridindex,17.7303[1.28738],17.6553[1.27423],17.8049[1.29605],13,0_51
Pref0,0.9115[0.200419],0.917836[0.19452],0.90519[0.205933],13,0_51
Signal0,1[0],1[0],1[0],13,0_51
Hybridindex,17.697[1.29902],17.7677[1.24469],17.6198[1.35164],14,0_51
Pref0,0.909[0.20608],0.916188[0.193071],0.901151[0.219139],14,0_51
Signal0,1[0],1[0],1[0],14,0_51
Hybridindex,17.697[1.3303],17.7188[1.34954],17.6752[1.31037],15,0_51
Pref0,0.90675[0.205984],0.905594[0.204418],0.907908[0.207535],15,0_51
Signal0,1[0],1[0],1[0],15,0_51
Hybridindex,17.712[1.28328],17.7137[1.25255],17.7102[1.31569],16,0_51
Pref0,0.90625[0.202697],0.912897[0.194652],0.899063[0.210814],16,0_51
Signal0,1[0],1[0],1[0],16,0_51
Hybridindex,17.6992[1.28069],17.75[1.26421],17.6477[1.2952],17,0_51
Pref0,0.90925[0.204669],0.909226[0.202769],0.909274[0.206582],17,0_51
Signal0,1[0],1[0],1[0],17,0_51
Hybridindex,17.6905[1.22931],17.7132[1.19641],17.6667[1.26254],18,0_51
Pref0,0.9095[0.203862],0.903902[0.213643],0.915385[0.192871],18,0_51
Signal0,1[0],1[0],1[0],18,0_51
Hybridindex,17.6797[1.2213],17.6276[1.25221],17.7344[1.1856],19,0_51
Pref0,0.90925[0.198468],0.910557[0.196663],0.907881[0.200331],19,0_51
Signal0,1[0],1[0],1[0],19,0_51
Hybridindex,17.697[1.20237],17.7583[1.18721],17.6361[1.21419],20,0_51
Pref0,0.91075[0.198518],0.915747[0.19503],0.905783[0.201803],20,0_51
Signal0,1[0],1[0],1[0],20,0_51
Hybridindex,17.7338[1.2082],17.7618[1.21698],17.7034[1.19789],21,0_51
Pref0,0.9175[0.188265],0.924447[0.181744],0.90999[0.194792],21,0_51
Signal0,1[0],1[0],1[0],21,0_51
Hybridindex,17.7338[1.19457],17.7412[1.13467],17.726[1.25406],22,0_51
Pref0,0.91725[0.19372],0.918297[0.193909],0.916155[0.193516],22,0_51
Signal0,1[0],1[0],1[0],22,0_51
Hybridindex,17.746[1.17781],17.7395[1.16622],17.7525[1.18915],23,0_51
Pref0,0.9185[0.194571],0.911647[0.205899],0.925299[0.182385],23,0_51
Signal0,1[0],1[0],1[0],23,0_51
Hybridindex,17.764[1.17422],17.7837[1.15451],17.7448[1.19281],24,0_51
Pref0,0.9235[0.186809],0.918946[0.192345],0.927937[0.181143],24,0_51
Signal0,1[0],1[0],1[0],24,0_51
Hybridindex,17.7625[1.1841],17.7789[1.16614],17.7457[1.20195],25,0_51
Pref0,0.92025[0.188454],0.920376[0.186965],0.920121[0.189965],25,0_51
Signal0,1[0],1[0],1[0],25,0_51
Hybridindex,17.7888[1.16694],17.8029[1.16666],17.7743[1.16705],26,0_51
Pref0,0.92425[0.18611],0.922431[0.187718],0.926113[0.18443],26,0_51
Signal0,1[0],1[0],1[0],26,0_51
Hybridindex,17.7805[1.16429],17.7542[1.18159],17.8072[1.14587],27,0_51
Pref0,0.9275[0.186397],0.934955[0.175426],0.91994[0.196611],27,0_51
Signal0,1[0],1[0],1[0],27,0_51
Hybridindex,17.793[1.15256],17.7693[1.1644],17.8159[1.14051],28,0_51
Pref0,0.92725[0.184614],0.933943[0.179504],0.920768[0.189206],28,0_51
Signal0,1[0],1[0],1[0],28,0_51
Hybridindex,17.7952[1.15107],17.7784[1.12045],17.8116[1.17984],29,0_51
Pref0,0.92525[0.186514],0.926471[0.184102],0.924063[0.188822],29,0_51
Signal0,1[0],1[0],1[0],29,0_51
Hybridindex,17.7888[1.14258],17.8355[1.13804],17.7425[1.14519],30,0_51
Pref0,0.92825[0.183649],0.927565[0.182991],0.928926[0.184294],30,0_51
Signal0,1[0],1[0],1[0],30,0_51
Hybridindex,17.7958[1.14068],17.8368[1.13273],17.757[1.14679],31,0_51
Pref0,0.91625[0.194579],0.92482[0.184385],0.908163[0.2034],31,0_51
Signal0,1[0],1[0],1[0],31,0_51
Hybridindex,17.835[1.13094],17.8287[1.15204],17.8409[1.11071],32,0_51
Pref0,0.9095[0.201395],0.914345[0.197744],0.904947[0.204661],32,0_51
Signal0,1[0],1[0],1[0],32,0_51
Hybridindex,17.8233[1.15461],17.7825[1.16656],17.8671[1.13999],33,0_51
Pref0,0.90625[0.203926],0.907907[0.204706],0.904465[0.203068],33,0_51
Signal0,1[0],1[0],1[0],33,0_51
Hybridindex,17.841[1.13698],17.8381[1.13902],17.844[1.13486],34,0_51
Pref0,0.90275[0.207768],0.897638[0.211282],0.908028[0.203941],34,0_51
Signal0,1[0],1[0],1[0],34,0_51
Hybridindex,17.82[1.13737],17.831[1.15006],17.8089[1.12434],35,0_51
Pref0,0.9045[0.20647],0.90678[0.205929],0.902207[0.206987],35,0_51
Signal0,1[0],1[0],1[0],35,0_51
Hybridindex,17.8165[1.12975],17.8758[1.10128],17.7624[1.15244],36,0_51
Pref0,0.91[0.200998],0.912998[0.19366],0.907266[0.207426],36,0_51
Signal0,1[0],1[0],1[0],36,0_51
Hybridindex,17.7793[1.14265],17.8151[1.15072],17.743[1.13326],37,0_51
Pref0,0.91975[0.190879],0.923956[0.185006],0.915493[0.196553],37,0_51
Signal0,1[0],1[0],1[0],37,0_51
Hybridindex,17.804[1.11303],17.8201[1.11355],17.7877[1.11226],38,0_51
Pref0,0.9165[0.196285],0.916501[0.200611],0.916499[0.191808],38,0_51
Signal0,1[0],1[0],1[0],38,0_51
Hybridindex,17.772[1.11491],17.7696[1.12204],17.7743[1.10797],39,0_51
Pref0,0.91475[0.193926],0.909969[0.19605],0.919371[0.191738],39,0_51
Signal0,1[0],1[0],1[0],39,0_51
Hybridindex,17.7645[1.1224],17.8027[1.11375],17.7266[1.12964],40,0_51
Pref0,0.9105[0.201221],0.901104[0.211394],0.919821[0.190134],40,0_51
Signal0,1[0],1[0],1[0],40,0_51
Hybridindex,17.774[1.13288],17.7474[1.15643],17.7988[1.10986],41,0_51
Pref0,0.92025[0.191089],0.922878[0.191713],0.917795[0.190471],41,0_51
Signal0,1[0],1[0],1[0],41,0_51
Hybridindex,17.7903[1.12988],17.761[1.13553],17.8196[1.12341],42,0_51
Pref0,0.92075[0.189326],0.91517[0.199274],0.926353[0.178608],42,0_51
Signal0,1[0],1[0],1[0],42,0_51
Hybridindex,17.7725[1.11691],17.7619[1.13033],17.7833[1.10301],43,0_51
Pref0,0.91825[0.194787],0.915179[0.20044],0.921371[0.188818],43,0_51
Signal0,1[0],1[0],1[0],43,0_51
Hybridindex,17.7162[1.13142],17.7102[1.14916],17.7224[1.11296],44,0_51
Pref0,0.9185[0.191984],0.917903[0.194346],0.91911[0.189536],44,0_51
Signal0,1[0],1[0],1[0],44,0_51
Hybridindex,17.7237[1.12564],17.7302[1.13323],17.7174[1.11803],45,0_51
Pref0,0.9185[0.194571],0.920101[0.191261],0.916915[0.19778],45,0_51
Signal0,1[0],1[0],1[0],45,0_51
Hybridindex,17.695[1.10033],17.6472[1.13645],17.7414[1.06205],46,0_51
Pref0,0.91775[0.191337],0.920305[0.189827],0.915271[0.192759],46,0_51
Signal0,1[0],1[0],1[0],46,0_51
Hybridindex,17.6837[1.12232],17.7103[1.12616],17.6565[1.11772],47,0_51
Pref0,0.922[0.189515],0.922507[0.188952],0.921479[0.19009],47,0_51
Signal0,1[0],1[0],1[0],47,0_51
Hybridindex,17.7015[1.12401],17.6897[1.1356],17.7133[1.11219],48,0_51
Pref0,0.924[0.190982],0.926426[0.184055],0.921578[0.197623],48,0_51
Signal0,1[0],1[0],1[0],48,0_51
Hybridindex,17.7297[1.09594],17.7441[1.07468],17.7147[1.11753],49,0_51
Pref0,0.93[0.179861],0.932485[0.176511],0.927403[0.183261],49,0_51
Signal0,1[0],1[0],1[0],49,0_51
Hybridindex,17.76[1.07617],17.7905[1.05474],17.7302[1.09588],50,0_51
Pref0,0.92875[0.184522],0.932692[0.172132],0.924901[0.195787],50,0_51
Signal0,1[0],1[0],1[0],50,0_51
Hybridindex,17.7653[1.05084],17.742[1.07077],17.7871[1.03128],51,0_51
Pref0,0.92525[0.186514],0.916925[0.191573],0.933075[0.181283],51,0_51
Signal0,1[0],1[0],1[0],51,0_51
Hybridindex,17.765[1.08191],17.7419[1.09746],17.7875[1.06609],52,0_51
Pref0,0.93075[0.176294],0.927485[0.181735],0.933925[0.170777],52,0_51
Signal0,1[0],1[0],1[0],52,0_51
Hybridindex,17.765[1.05926],17.7777[1.0692],17.7518[1.04867],53,0_51
Pref0,0.9345[0.177369],0.930815[0.18097],0.938328[0.173466],53,0_51
Signal0,1[0],1[0],1[0],53,0_51
Hybridindex,17.7757[1.06693],17.7726[1.05061],17.7789[1.08315],54,0_51
Pref0,0.926[0.181036],0.926866[0.182232],0.925126[0.179815],54,0_51
Signal0,1[0],1[0],1[0],54,0_51
Hybridindex,17.7495[1.06325],17.7224[1.08026],17.7764[1.04534],55,0_51
Pref0,0.932[0.184054],0.93487[0.17841],0.929142[0.189466],55,0_51
Signal0,1[0],1[0],1[0],55,0_51
Hybridindex,17.7465[1.12305],17.7512[1.11607],17.7416[1.13014],56,0_51
Pref0,0.9265[0.182614],0.923988[0.186269],0.929078[0.178748],56,0_51
Signal0,1[0],1[0],1[0],56,0_51
Hybridindex,17.7333[1.11645],17.7292[1.11747],17.7371[1.11547],57,0_51
Pref0,0.9315[0.177645],0.934872[0.174281],0.928293[0.180729],57,0_51
Signal0,1[0],1[0],1[0],57,0_51
Hybridindex,17.717[1.07804],17.679[1.08718],17.755[1.06746],58,0_51
Pref0,0.9355[0.172742],0.9445[0.164832],0.9265[0.179855],58,0_51
Signal0,1[0],1[0],1[0],58,0_51
Hybridindex,17.6938[1.13019],17.6934[1.14657],17.6941[1.11407],59,0_51
Pref0,0.93775[0.173925],0.941117[0.165823],0.934483[0.181382],59,0_51
Signal0,1[0],1[0],1[0],59,0_51
Hybridindex,17.69[1.07722],17.6818[1.06782],17.6978[1.08596],60,0_51
Pref0,0.93825[0.170476],0.932029[0.177272],0.944121[0.163587],60,0_51
Signal0,1[0],1[0],1[0],60,0_51
Hybridindex,17.6917[1.0694],17.689[1.08231],17.6943[1.05714],61,0_51
Pref0,0.946[0.15995],0.947314[0.156845],0.944767[0.162799],61,0_51
Signal0,1[0],1[0],1[0],61,0_51
Hybridindex,17.686[1.10946],17.6214[1.1084],17.7513[1.10671],62,0_51
Pref0,0.9425[0.163382],0.945771[0.157071],0.939196[0.169455],62,0_51
Signal0,1[0],1[0],1[0],62,0_51
Hybridindex,17.656[1.07502],17.6364[1.09137],17.675[1.05853],63,0_51
Pref0,0.94325[0.161723],0.944219[0.160602],0.942308[0.1628],63,0_51
Signal0,1[0],1[0],1[0],63,0_51
Hybridindex,17.66[1.09654],17.6553[1.10842],17.6648[1.08417],64,0_51
Pref0,0.94575[0.158688],0.947732[0.154581],0.943712[0.162779],64,0_51
Signal0,1[0],1[0],1[0],64,0_51
Hybridindex,17.6435[1.09962],17.6378[1.10056],17.6492[1.09865],65,0_51
Pref0,0.9475[0.159668],0.943387[0.164638],0.951597[0.15445],65,0_51
Signal0,1[0],1[0],1[0],65,0_51
Hybridindex,17.647[1.09619],17.6749[1.06031],17.6186[1.13085],66,0_51
Pref0,0.952[0.153121],0.956888[0.148913],0.947023[0.157134],66,0_51
Signal0,1[0],1[0],1[0],66,0_51
Hybridindex,17.6528[1.08469],17.6376[1.10755],17.6685[1.06009],67,0_51
Pref0,0.9525[0.149979],0.949559[0.155387],0.955567[0.144059],67,0_51
Signal0,1[0],1[0],1[0],67,0_51
Hybridindex,17.6683[1.06821],17.6876[1.05987],17.6497[1.07584],68,0_51
Pref0,0.95075[0.153132],0.946483[0.162612],0.954858[0.143295],68,0_51
Signal0,1[0],1[0],1[0],68,0_51
Hybridindex,17.6818[1.08332],17.6523[1.10257],17.7118[1.06244],69,0_51
Pref0,0.94875[0.155719],0.950544[0.152549],0.946916[0.158873],69,0_51
Signal0,1[0],1[0],1[0],69,0_51
Hybridindex,17.6365[1.10108],17.6216[1.0929],17.651[1.10879],70,0_51
Pref0,0.9485[0.156038],0.946809[0.157415],0.950148[0.154666],70,0_51
Signal0,1[0],1[0],1[0],70,0_51
Hybridindex,17.6638[1.10931],17.6648[1.12232],17.6627[1.0965],71,0_51
Pref0,0.94975[0.151162],0.953347[0.145431],0.946252[0.156455],71,0_51
Signal0,1[0],1[0],1[0],71,0_51
Hybridindex,17.668[1.09785],17.697[1.08561],17.638[1.1096],72,0_51
Pref0,0.94875[0.154914],0.955305[0.147728],0.941955[0.161748],72,0_51
Signal0,1[0],1[0],1[0],72,0_51
Hybridindex,17.6333[1.12355],17.6624[1.10857],17.6047[1.13727],73,0_51
Pref0,0.94725[0.155217],0.943826[0.159492],0.950593[0.150853],73,0_51
Signal0,1[0],1[0],1[0],73,0_51
Hybridindex,17.628[1.14165],17.6344[1.18556],17.6218[1.09759],74,0_51
Pref0,0.94925[0.156683],0.950102[0.156512],0.948428[0.156843],74,0_51
Signal0,1[0],1[0],1[0],74,0_51
Hybridindex,17.6455[1.10004],17.6065[1.12992],17.6849[1.06755],75,0_51
Pref0,0.945[0.161168],0.944776[0.162949],0.945226[0.159348],75,0_51
Signal0,1[0],1[0],1[0],75,0_51
Hybridindex,17.6608[1.09272],17.6649[1.09283],17.6569[1.0926],76,0_51
Pref0,0.9465[0.157759],0.951763[0.149366],0.941602[0.165035],76,0_51
Signal0,1[0],1[0],1[0],76,0_51
Hybridindex,17.6885[1.07551],17.7014[1.06652],17.676[1.08398],77,0_51
Pref0,0.947[0.160284],0.949644[0.157089],0.944444[0.163273],77,0_51
Signal0,1[0],1[0],1[0],77,0_51
Hybridindex,17.6672[1.0938],17.6277[1.09929],17.7076[1.08669],78,0_51
Pref0,0.948[0.156672],0.950495[0.150986],0.945455[0.162227],78,0_51
Signal0,1[0],1[0],1[0],78,0_51
Hybridindex,17.647[1.10233],17.5972[1.1246],17.6981[1.07661],79,0_51
Pref0,0.9505[0.15508],0.944719[0.162969],0.956434[0.146304],79,0_51
Signal0,1[0],1[0],1[0],79,0_51
Hybridindex,17.6258[1.12719],17.6212[1.09107],17.6305[1.16437],80,0_51
Pref0,0.94775[0.156987],0.948109[0.157187],0.947368[0.156773],80,0_51
Signal0,1[0],1[0],1[0],80,0_51
Hybridindex,17.627[1.12522],17.6269[1.12352],17.6271[1.12684],81,0_51
Pref0,0.95575[0.146345],0.954964[0.144919],0.9565[0.147691],81,0_51
Signal0,1[0],1[0],1[0],81,0_51
Hybridindex,17.6393[1.11411],17.6698[1.12044],17.6077[1.10665],82,0_51
Pref0,0.95425[0.149271],0.949803[0.153502],0.958841[0.14463],82,0_51
Signal0,1[0],1[0],1[0],82,0_51
Hybridindex,17.6225[1.12338],17.6615[1.11026],17.5858[1.13436],83,0_51
Pref0,0.95[0.154919],0.952012[0.152443],0.948109[0.157187],83,0_51
Signal0,1[0],1[0],1[0],83,0_51
Hybridindex,17.6088[1.09957],17.6171[1.10545],17.6004[1.0936],84,0_51
Pref0,0.95325[0.147273],0.955455[0.145908],0.951049[0.148591],84,0_51
Signal0,1[0],1[0],1[0],84,0_51
Hybridindex,17.6217[1.07264],17.6192[1.07598],17.6245[1.06908],85,0_51
Pref0,0.948[0.15426],0.951362[0.149799],0.944444[0.158763],85,0_51
Signal0,1[0],1[0],1[0],85,0_51
Hybridindex,17.6085[1.12749],17.5754[1.12764],17.6403[1.12642],86,0_51
Pref0,0.947[0.160284],0.950561[0.15593],0.943572[0.164294],86,0_51
Signal0,1[0],1[0],1[0],86,0_51
Hybridindex,17.6107[1.0884],17.6424[1.08715],17.5788[1.08872],87,0_51
Pref0,0.946[0.16073],0.946215[0.156517],0.945783[0.164867],87,0_51
Signal0,1[0],1[0],1[0],87,0_51
Hybridindex,17.6008[1.085],17.6143[1.05805],17.5882[1.10925],88,0_51
Pref0,0.94725[0.157615],0.951663[0.152942],0.94316[0.161718],88,0_51
Signal0,1[0],1[0],1[0],88,0_51
Hybridindex,17.573[1.06978],17.5694[1.0515],17.5768[1.08858],89,0_51
Pref0,0.951[0.152804],0.952102[0.153655],0.949846[0.151899],89,0_51
Signal0,1[0],1[0],1[0],89,0_51
Hybridindex,17.5742[1.07975],17.5648[1.07387],17.5833[1.08529],90,0_51
Pref0,0.95075[0.153132],0.954082[0.151299],0.947549[0.154805],90,0_51
Signal0,1[0],1[0],1[0],90,0_51
Hybridindex,17.5562[1.08867],17.5706[1.08615],17.5423[1.09093],91,0_51
Pref0,0.954[0.147932],0.945122[0.162665],0.962598[0.131537],91,0_51
Signal0,1[0],1[0],1[0],91,0_51
Hybridindex,17.5538[1.09475],17.529[1.0797],17.5777[1.10859],92,0_51
Pref0,0.95525[0.143605],0.951679[0.147735],0.958702[0.13941],92,0_51
Signal0,1[0],1[0],1[0],92,0_51
Hybridindex,17.5448[1.11764],17.5307[1.13115],17.5586[1.10396],93,0_51
Pref0,0.9515[0.150492],0.951207[0.151729],0.951789[0.149259],93,0_51
Signal0,1[0],1[0],1[0],93,0_51
Hybridindex,17.5693[1.13218],17.5237[1.14752],17.62[1.11265],94,0_51
Pref0,0.95025[0.151327],0.95019[0.151322],0.950317[0.151333],94,0_51
Signal0,1[0],1[0],1[0],94,0_51
Hybridindex,17.5428[1.1263],17.5196[1.16603],17.5644[1.08726],95,0_51
Pref0,0.94775[0.16014],0.947314[0.163298],0.948159[0.157119],95,0_51
Signal0,1[0],1[0],1[0],95,0_51
Hybridindex,17.539[1.14389],17.5143[1.15272],17.5643[1.13419],96,0_51
Pref0,0.94425[0.161298],0.943238[0.160165],0.945289[0.162446],96,0_51
Signal0,1[0],1[0],1[0],96,0_51
Hybridindex,17.5622[1.1382],17.5985[1.14477],17.5249[1.13018],97,0_51
Pref0,0.93775[0.168819],0.939409[0.166161],0.936041[0.171498],97,0_51
Signal0,1[0],1[0],1[0],97,0_51
Hybridindex,17.5383[1.13585],17.5362[1.15123],17.5403[1.11959],98,0_51
Pref0,0.9395[0.172742],0.932419[0.180697],0.946885[0.16371],98,0_51
Signal0,1[0],1[0],1[0],98,0_51
Hybridindex,17.5065[1.14672],17.5372[1.13239],17.4761[1.15989],99,0_51
Pref0,0.93825[0.171207],0.93159[0.180398],0.944831[0.161344],99,0_51
Signal0,1[0],1[0],1[0],99,0_51
Hybridindex,17.545[1.10656],17.5282[1.12384],17.5605[1.09017],100,0_51
Pref0,0.9365[0.172388],0.935871[0.174811],0.93708[0.170124],100,0_51
Signal0,1[0],1[0],1[0],100,0_51
Hybridindex,12.235[8.27978],12.2402[8.27526],12.2292[8.28476],1,0_52
Pref0,0.61175[0.413989],0.612011[0.413763],0.611462[0.414238],1,0_52
Signal0,0.61175[0.413989],0.612011[0.413763],0.611462[0.414238],1,0_52
Hybridindex,15.094[5.9665],15.1955[5.88318],14.9899[6.04906],2,0_52
Pref0,0.75325[0.332023],0.75074[0.328495],0.755826[0.335586],2,0_52
Signal0,0.753[0.334277],0.752715[0.334441],0.753293[0.334108],2,0_52
Hybridindex,16.7488[3.84763],16.7566[3.73834],16.7412[3.94977],3,0_52
Pref0,0.831[0.270996],0.827551[0.270781],0.834314[0.271161],3,0_52
Signal0,0.86225[0.2498],0.865306[0.243739],0.859314[0.255453],3,0_52
Hybridindex,17.354[2.55645],17.3953[2.49186],17.3117[2.62028],4,0_52
Pref0,0.87475[0.235982],0.878953[0.228679],0.870445[0.243159],4,0_52
Signal0,0.92125[0.189535],0.921937[0.18817],0.920547[0.19092],4,0_52
Hybridindex,17.5218[1.94664],17.5269[1.95504],17.5167[1.93845],5,0_52
Pref0,0.88325[0.226372],0.876524[0.231528],0.889764[0.221069],5,0_52
Signal0,0.9585[0.138844],0.956809[0.140464],0.960138[0.137238],5,0_52
Hybridindex,17.5918[1.65747],17.56[1.68683],17.6256[1.62484],6,0_52
Pref0,0.88825[0.223354],0.887222[0.223523],0.889349[0.223168],6,0_52
Signal0,0.98025[0.0973906],0.979671[0.0987486],0.980869[0.0959149],6,0_52
Hybridindex,17.6415[1.49799],17.6025[1.53749],17.6801[1.45681],7,0_52
Pref0,0.891[0.218218],0.885427[0.225149],0.896517[0.210986],7,0_52
Signal0,0.9905[0.0682624],0.989447[0.0718681],0.991542[0.0644773],7,0_52
Hybridindex,17.7007[1.40884],17.6871[1.41115],17.7144[1.40641],8,0_52
Pref0,0.8935[0.215425],0.890171[0.21532],0.89681[0.215477],8,0_52
Signal0,0.99275[0.0597699],0.98997[0.0701031],0.995513[0.0471502],8,0_52
Hybridindex,17.729[1.31237],17.6976[1.31825],17.7585[1.30613],9,0_52
Pref0,0.89525[0.217146],0.898865[0.212093],0.891853[0.221737],9,0_52
Signal0,0.9975[0.0352668],0.997936[0.0320583],0.99709[0.038032],9,0_52
Hybridindex,17.7425[1.27689],17.7241[1.27205],17.7607[1.2814],10,0_52
Pref0,0.89725[0.214633],0.902513[0.206779],0.89204[0.222013],10,0_52
Signal0,0.99875[0.0249687],0.998492[0.0274134],0.999005[0.0222828],10,0_52
Hybridindex,17.753[1.26224],17.7351[1.25487],17.7711[1.26939],11,0_52
Pref0,0.899[0.217483],0.903579[0.210668],0.894366[0.224075],11,0_52
Signal0,0.9995[0.0158035],0.999503[0.0157563],0.999497[0.0158511],11,0_52
Hybridindex,17.7108[1.302],17.6603[1.27266],17.7601[1.32822],12,0_52
Pref0,0.88975[0.218449],0.889282[0.21829],0.890208[0.218603],12,0_52
Signal0,0.99975[0.0111775],0.999494[0.015891],1[0],12,0_52
Hybridindex,17.7055[1.30251],17.7009[1.33343],17.7101[1.27094],13,0_52
Pref0,0.89325[0.219612],0.891784[0.223411],0.894711[0.215752],13,0_52
Signal0,1[0],1[0],1[0],13,0_52
Hybridindex,17.6815[1.26977],17.69[1.22773],17.6729[1.31105],14,0_52
Pref0,0.89325[0.22244],0.895833[0.221741],0.890625[0.223117],14,0_52
Signal0,1[0],1[0],1[0],14,0_52
Hybridindex,17.693[1.24278],17.6942[1.25041],17.6919[1.23558],15,0_52
Pref0,0.89925[0.21266],0.898244[0.210094],0.900194[0.215036],15,0_52
Signal0,1[0],1[0],1[0],15,0_52
Hybridindex,17.717[1.23902],17.673[1.22736],17.759[1.2486],16,0_52
Pref0,0.9065[0.207383],0.907881[0.204127],0.905181[0.210438],16,0_52
Signal0,1[0],1[0],1[0],16,0_52
Hybridindex,17.737[1.23342],17.7647[1.20966],17.709[1.25635],17,0_52
Pref0,0.91025[0.200798],0.903483[0.207179],0.917085[0.193901],17,0_52
Signal0,1[0],1[0],1[0],17,0_52
Hybridindex,17.79[1.20516],17.8067[1.17192],17.7728[1.23817],18,0_52
Pref0,0.91425[0.19627],0.91075[0.201505],0.91785[0.190669],18,0_52
Signal0,1[0],1[0],1[0],18,0_52
Hybridindex,17.8053[1.22237],17.816[1.18838],17.7942[1.25608],19,0_52
Pref0,0.9125[0.200858],0.913947[0.202637],0.911021[0.199011],19,0_52
Signal0,1[0],1[0],1[0],19,0_52
Hybridindex,17.7943[1.24802],17.8238[1.2065],17.7649[1.28721],20,0_52
Pref0,0.923[0.189264],0.919177[0.189439],0.926793[0.189014],20,0_52
Signal0,1[0],1[0],1[0],20,0_52
Hybridindex,17.8075[1.21694],17.8139[1.21176],17.801[1.22212],21,0_52
Pref0,0.92875[0.183844],0.928358[0.183503],0.929146[0.184186],21,0_52
Signal0,1[0],1[0],1[0],21,0_52
Hybridindex,17.7885[1.19876],17.8026[1.1722],17.7736[1.22593],22,0_52
Pref0,0.92225[0.190604],0.92885[0.184185],0.915298[0.196901],22,0_52
Signal0,1[0],1[0],1[0],22,0_52
Hybridindex,17.7527[1.2148],17.755[1.21825],17.7505[1.21133],23,0_52
Pref0,0.91575[0.196283],0.91517[0.196754],0.916333[0.195807],23,0_52
Signal0,1[0],1[0],1[0],23,0_52
Hybridindex,17.7692[1.22286],17.7805[1.20033],17.7586[1.2439],24,0_52
Pref0,0.9135[0.200044],0.918628[0.196648],0.908602[0.203114],24,0_52
Signal0,1[0],1[0],1[0],24,0_52
Hybridindex,17.777[1.23117],17.8112[1.24048],17.7444[1.22131],25,0_52
Pref0,0.9105[0.201221],0.911464[0.20003],0.90958[0.202347],25,0_52
Signal0,1[0],1[0],1[0],25,0_52
Hybridindex,17.7975[1.18733],17.7754[1.1798],17.8207[1.19473],26,0_52
Pref0,0.914[0.195202],0.915527[0.192494],0.912398[0.197992],26,0_52
Signal0,1[0],1[0],1[0],26,0_52
Hybridindex,17.7673[1.18826],17.825[1.18427],17.7075[1.18942],27,0_52
Pref0,0.91125[0.19937],0.910029[0.197122],0.912513[0.201662],27,0_52
Signal0,1[0],1[0],1[0],27,0_52
Hybridindex,17.758[1.16563],17.7798[1.15501],17.7384[1.17475],28,0_52
Pref0,0.912[0.201261],0.913939[0.19962],0.910256[0.20271],28,0_52
Signal0,1[0],1[0],1[0],28,0_52
Hybridindex,17.795[1.154],17.8108[1.17643],17.7779[1.12891],29,0_52
Pref0,0.91675[0.196073],0.908742[0.202839],0.925443[0.188067],29,0_52
Signal0,1[0],1[0],1[0],29,0_52
Hybridindex,17.7473[1.15043],17.7364[1.17419],17.758[1.12637],30,0_52
Pref0,0.9165[0.196921],0.917002[0.196557],0.916004[0.197279],30,0_52
Signal0,1[0],1[0],1[0],30,0_52
Hybridindex,17.7368[1.16612],17.7313[1.2019],17.7425[1.12693],31,0_52
Pref0,0.927[0.186202],0.934402[0.178598],0.919156[0.193626],31,0_52
Signal0,1[0],1[0],1[0],31,0_52
Hybridindex,17.7688[1.13541],17.7779[1.1035],17.7598[1.16541],32,0_52
Pref0,0.924[0.187013],0.926829[0.183772],0.92126[0.19006],32,0_52
Signal0,1[0],1[0],1[0],32,0_52
Hybridindex,17.7763[1.14512],17.7679[1.14095],17.7848[1.14929],33,0_52
Pref0,0.9255[0.185606],0.924603[0.184385],0.926411[0.186835],33,0_52
Signal0,1[0],1[0],1[0],33,0_52
Hybridindex,17.7752[1.14983],17.7485[1.17359],17.8034[1.12358],34,0_52
Pref0,0.929[0.184957],0.923002[0.194759],0.935318[0.173812],34,0_52
Signal0,1[0],1[0],1[0],34,0_52
Hybridindex,17.7883[1.15132],17.7649[1.18002],17.8117[1.12115],35,0_52
Pref0,0.929[0.182233],0.919821[0.195302],0.938253[0.167526],35,0_52
Signal0,1[0],1[0],1[0],35,0_52
Hybridindex,17.819[1.12938],17.8461[1.12539],17.7908[1.13282],36,0_52
Pref0,0.9355[0.174183],0.931373[0.179039],0.939796[0.168874],36,0_52
Signal0,1[0],1[0],1[0],36,0_52
Hybridindex,17.7695[1.1333],17.7513[1.13214],17.7865[1.13412],37,0_52
Pref0,0.93425[0.173355],0.929679[0.179676],0.938529[0.167108],37,0_52
Signal0,1[0],1[0],1[0],37,0_52
Hybridindex,17.7515[1.13688],17.7274[1.16097],17.7748[1.11261],38,0_52
Pref0,0.93125[0.1779],0.926755[0.185229],0.935595[0.170405],38,0_52
Signal0,1[0],1[0],1[0],38,0_52
Hybridindex,17.685[1.16802],17.6168[1.2032],17.7517[1.12857],39,0_52
Pref0,0.92725[0.183936],0.927705[0.184267],0.926805[0.18361],39,0_52
Signal0,1[0],1[0],1[0],39,0_52
Hybridindex,17.7087[1.15598],17.7101[1.16098],17.7073[1.15067],40,0_52
Pref0,0.93225[0.176875],0.932879[0.178811],0.931584[0.174803],40,0_52
Signal0,1[0],1[0],1[0],40,0_52
Hybridindex,17.7235[1.18429],17.7009[1.15397],17.7487[1.21675],41,0_52
Pref0,0.9315[0.180438],0.93128[0.178906],0.931746[0.182132],41,0_52
Signal0,1[0],1[0],1[0],41,0_52
Hybridindex,17.7013[1.18179],17.6719[1.22486],17.73[1.13734],42,0_52
Pref0,0.934[0.176477],0.927199[0.18338],0.940653[0.169187],42,0_52
Signal0,1[0],1[0],1[0],42,0_52
Hybridindex,17.7015[1.20089],17.6622[1.209],17.7408[1.19145],43,0_52
Pref0,0.93825[0.168262],0.944945[0.161239],0.931568[0.174734],43,0_52
Signal0,1[0],1[0],1[0],43,0_52
Hybridindex,17.7512[1.14586],17.8085[1.13494],17.694[1.15385],44,0_52
Pref0,0.945[0.161168],0.941[0.167389],0.949[0.154593],44,0_52
Signal0,1[0],1[0],1[0],44,0_52
Hybridindex,17.7327[1.14813],17.7442[1.14223],17.7206[1.15423],45,0_52
Pref0,0.94025[0.167496],0.941262[0.165454],0.939175[0.169631],45,0_52
Signal0,1[0],1[0],1[0],45,0_52
Hybridindex,17.717[1.15268],17.7517[1.15858],17.6812[1.14546],46,0_52
Pref0,0.94275[0.166125],0.938916[0.171096],0.946701[0.160746],46,0_52
Signal0,1[0],1[0],1[0],46,0_52
Hybridindex,17.6932[1.13689],17.688[1.09939],17.6985[1.17318],47,0_52
Pref0,0.94125[0.170069],0.949[0.159371],0.9335[0.179799],47,0_52
Signal0,1[0],1[0],1[0],47,0_52
Hybridindex,17.6582[1.17083],17.6581[1.19176],17.6584[1.14827],48,0_52
Pref0,0.9315[0.176232],0.932879[0.174683],0.930041[0.177844],48,0_52
Signal0,1[0],1[0],1[0],48,0_52
Hybridindex,17.6663[1.1226],17.6784[1.09522],17.6546[1.14807],49,0_52
Pref0,0.93225[0.178283],0.932515[0.179599],0.931996[0.177015],49,0_52
Signal0,1[0],1[0],1[0],49,0_52
Hybridindex,17.6683[1.12985],17.6796[1.12773],17.6562[1.13197],50,0_52
Pref0,0.9285[0.184086],0.926485[0.186443],0.930627[0.181541],50,0_52
Signal0,1[0],1[0],1[0],50,0_52
Hybridindex,17.6535[1.13167],17.6899[1.09589],17.6153[1.16682],51,0_52
Pref0,0.929[0.182918],0.928711[0.185657],0.929303[0.179999],51,0_52
Signal0,1[0],1[0],1[0],51,0_52
Hybridindex,17.6363[1.17561],17.5881[1.18661],17.6817[1.1633],52,0_52
Pref0,0.9285[0.18135],0.92585[0.183403],0.931001[0.179355],52,0_52
Signal0,1[0],1[0],1[0],52,0_52
Hybridindex,17.617[1.17519],17.5549[1.18915],17.6759[1.1587],53,0_52
Pref0,0.92875[0.182479],0.926078[0.185948],0.931287[0.179086],53,0_52
Signal0,1[0],1[0],1[0],53,0_52
Hybridindex,17.5865[1.19102],17.5932[1.18996],17.5797[1.19205],54,0_52
Pref0,0.92275[0.192763],0.929633[0.182223],0.915742[0.202692],54,0_52
Signal0,1[0],1[0],1[0],54,0_52
Hybridindex,17.6212[1.17246],17.6029[1.15739],17.6391[1.18667],55,0_52
Pref0,0.93425[0.174791],0.937627[0.172719],0.930966[0.176721],55,0_52
Signal0,1[0],1[0],1[0],55,0_52
Hybridindex,17.6498[1.12625],17.6385[1.11863],17.6618[1.13427],56,0_52
Pref0,0.92975[0.176607],0.935811[0.168692],0.923237[0.184513],56,0_52
Signal0,1[0],1[0],1[0],56,0_52
Hybridindex,17.6348[1.1105],17.6119[1.15958],17.6577[1.05856],57,0_52
Pref0,0.93675[0.168447],0.947053[0.155466],0.926426[0.17993],57,0_52
Signal0,1[0],1[0],1[0],57,0_52
Hybridindex,17.6578[1.10136],17.6041[1.09213],17.7093[1.10771],58,0_52
Pref0,0.93125[0.1793],0.934694[0.174439],0.927941[0.183788],58,0_52
Signal0,1[0],1[0],1[0],58,0_52
Hybridindex,17.6472[1.13828],17.6435[1.13299],17.651[1.14355],59,0_52
Pref0,0.926[0.185132],0.919[0.193492],0.933[0.176099],59,0_52
Signal0,1[0],1[0],1[0],59,0_52
Hybridindex,17.6268[1.15133],17.6641[1.1751],17.5869[1.12401],60,0_52
Pref0,0.92375[0.188576],0.923524[0.190425],0.923992[0.18658],60,0_52
Signal0,1[0],1[0],1[0],60,0_52
Hybridindex,17.6615[1.1258],17.6405[1.12781],17.682[1.12345],61,0_52
Pref0,0.91975[0.192834],0.929727[0.180903],0.90999[0.203357],61,0_52
Signal0,1[0],1[0],1[0],61,0_52
Hybridindex,17.6565[1.13809],17.6447[1.1348],17.6689[1.14142],62,0_52
Pref0,0.91175[0.198965],0.905945[0.203942],0.917864[0.193395],62,0_52
Signal0,1[0],1[0],1[0],62,0_52
Hybridindex,17.668[1.15716],17.6956[1.11901],17.6393[1.1949],63,0_52
Pref0,0.9225[0.18972],0.926961[0.179347],0.917857[0.19984],63,0_52
Signal0,1[0],1[0],1[0],63,0_52
Hybridindex,17.6883[1.09906],17.6643[1.10383],17.7114[1.09394],64,0_52
Pref0,0.92775[0.185486],0.925229[0.186673],0.930187[0.184298],64,0_52
Signal0,1[0],1[0],1[0],64,0_52
Hybridindex,17.725[1.07987],17.7453[1.09091],17.7046[1.06826],65,0_52
Pref0,0.927[0.182129],0.923729[0.183885],0.930291[0.180285],65,0_52
Signal0,1[0],1[0],1[0],65,0_52
Hybridindex,17.7407[1.0867],17.7563[1.09173],17.7254[1.0815],66,0_52
Pref0,0.92025[0.191742],0.923968[0.189103],0.916584[0.194239],66,0_52
Signal0,1[0],1[0],1[0],66,0_52
Hybridindex,17.7278[1.08915],17.6775[1.10408],17.7763[1.07229],67,0_52
Pref0,0.926[0.184456],0.924212[0.186262],0.927729[0.182677],67,0_52
Signal0,1[0],1[0],1[0],67,0_52
Hybridindex,17.7102[1.09358],17.7063[1.08972],17.7141[1.09733],68,0_52
Pref0,0.925[0.190066],0.92821[0.1892],0.92186[0.190857],68,0_52
Signal0,1[0],1[0],1[0],68,0_52
Hybridindex,17.6827[1.09429],17.6764[1.10484],17.6888[1.08407],69,0_52
Pref0,0.92375[0.189238],0.924847[0.189786],0.922701[0.188706],69,0_52
Signal0,1[0],1[0],1[0],69,0_52
Hybridindex,17.6863[1.07107],17.6924[1.04902],17.6795[1.0945],70,0_52
Pref0,0.92275[0.186835],0.926583[0.184925],0.91858[0.188803],70,0_52
Signal0,1[0],1[0],1[0],70,0_52
Hybridindex,17.6618[1.11398],17.6626[1.11356],17.6609[1.11442],71,0_52
Pref0,0.922[0.189515],0.919941[0.189936],0.924134[0.189054],71,0_52
Signal0,1[0],1[0],1[0],71,0_52
Hybridindex,17.6657[1.10506],17.6999[1.07063],17.6337[1.13547],72,0_52
Pref0,0.92[0.194551],0.926136[0.187328],0.914244[0.20092],72,0_52
Signal0,1[0],1[0],1[0],72,0_52
Hybridindex,17.6498[1.12002],17.6022[1.12142],17.6971[1.11661],73,0_52
Pref0,0.92675[0.189102],0.927355[0.189882],0.926148[0.188319],73,0_52
Signal0,1[0],1[0],1[0],73,0_52
Hybridindex,17.63[1.07313],17.6399[1.08194],17.6208[1.06476],74,0_52
Pref0,0.92325[0.1857],0.919689[0.189151],0.92657[0.182361],74,0_52
Signal0,1[0],1[0],1[0],74,0_52
Hybridindex,17.618[1.11482],17.6546[1.13051],17.5831[1.09849],75,0_52
Pref0,0.928[0.185246],0.92784[0.186995],0.928152[0.18356],75,0_52
Signal0,1[0],1[0],1[0],75,0_52
Hybridindex,17.6343[1.12566],17.6267[1.16941],17.6415[1.082],76,0_52
Pref0,0.92825[0.180214],0.937692[0.171216],0.919197[0.187994],76,0_52
Signal0,1[0],1[0],1[0],76,0_52
Hybridindex,17.6157[1.12981],17.6824[1.08722],17.5498[1.16671],77,0_52
Pref0,0.93025[0.185769],0.937186[0.176009],0.923383[0.194707],77,0_52
Signal0,1[0],1[0],1[0],77,0_52
Hybridindex,17.5948[1.14134],17.5694[1.17819],17.6216[1.10021],78,0_52
Pref0,0.929[0.182233],0.934466[0.172999],0.923196[0.191382],78,0_52
Signal0,1[0],1[0],1[0],78,0_52
Hybridindex,17.5738[1.12303],17.5981[1.13283],17.5484[1.11218],79,0_52
Pref0,0.921[0.193026],0.922964[0.189785],0.91896[0.196315],79,0_52
Signal0,1[0],1[0],1[0],79,0_52
Hybridindex,17.5643[1.13391],17.5521[1.16255],17.5757[1.10619],80,0_52
Pref0,0.9235[0.188143],0.914345[0.195117],0.932105[0.180922],80,0_52
Signal0,1[0],1[0],1[0],80,0_52
Hybridindex,17.539[1.13698],17.5583[1.16958],17.5189[1.10167],81,0_52
Pref0,0.924[0.189008],0.923529[0.187959],0.92449[0.190092],81,0_52
Signal0,1[0],1[0],1[0],81,0_52
Hybridindex,17.5458[1.19458],17.589[1.18513],17.5015[1.20256],82,0_52
Pref0,0.9225[0.190378],0.923838[0.19036],0.921132[0.190387],82,0_52
Signal0,1[0],1[0],1[0],82,0_52
Hybridindex,17.56[1.16572],17.5448[1.15525],17.575[1.17576],83,0_52
Pref0,0.92275[0.192763],0.922457[0.190481],0.923039[0.194986],83,0_52
Signal0,1[0],1[0],1[0],83,0_52
Hybridindex,17.56[1.17117],17.5355[1.18764],17.5845[1.15395],84,0_52
Pref0,0.91725[0.195646],0.9225[0.191687],0.912[0.199389],84,0_52
Signal0,1[0],1[0],1[0],84,0_52
Hybridindex,17.5505[1.14289],17.5214[1.1358],17.58[1.14927],85,0_52
Pref0,0.91825[0.193499],0.912028[0.199314],0.924547[0.18722],85,0_52
Signal0,1[0],1[0],1[0],85,0_52
Hybridindex,17.5128[1.14585],17.56[1.14276],17.4655[1.14698],86,0_52
Pref0,0.925[0.187417],0.923[0.191235],0.927[0.183497],86,0_52
Signal0,1[0],1[0],1[0],86,0_52
Hybridindex,17.5075[1.13807],17.5297[1.14096],17.4848[1.13465],87,0_52
Pref0,0.92[0.190657],0.92186[0.188247],0.918099[0.19307],87,0_52
Signal0,1[0],1[0],1[0],87,0_52
Hybridindex,17.514[1.14621],17.501[1.1457],17.5272[1.14658],88,0_52
Pref0,0.9155[0.202138],0.916998[0.196438],0.913984[0.207737],88,0_52
Signal0,1[0],1[0],1[0],88,0_52
Hybridindex,17.5162[1.14132],17.5464[1.14622],17.4846[1.1353],89,0_52
Pref0,0.9135[0.200044],0.910557[0.201572],0.916581[0.198385],89,0_52
Signal0,1[0],1[0],1[0],89,0_52
Hybridindex,17.5293[1.17304],17.5236[1.20262],17.5351[1.14166],90,0_52
Pref0,0.913[0.197942],0.914862[0.198135],0.911077[0.197724],90,0_52
Signal0,1[0],1[0],1[0],90,0_52
Hybridindex,17.5577[1.12918],17.5918[1.13446],17.5224[1.12258],91,0_52
Pref0,0.90925[0.205279],0.910609[0.205201],0.907841[0.20535],91,0_52
Signal0,1[0],1[0],1[0],91,0_52
Hybridindex,17.4945[1.09817],17.492[1.08188],17.497[1.11402],92,0_52
Pref0,0.9115[0.199794],0.910463[0.200681],0.912525[0.198909],92,0_52
Signal0,1[0],1[0],1[0],92,0_52
Hybridindex,17.4833[1.09765],17.5049[1.11294],17.461[1.08126],93,0_52
Pref0,0.9115[0.200419],0.913215[0.197027],0.909736[0.203834],93,0_52
Signal0,1[0],1[0],1[0],93,0_52
Hybridindex,17.442[1.11888],17.4237[1.0858],17.4599[1.15003],94,0_52
Pref0,0.91075[0.201642],0.902932[0.21136],0.918398[0.191351],94,0_52
Signal0,1[0],1[0],1[0],94,0_52
Hybridindex,17.4642[1.09743],17.4995[1.077],17.4289[1.11644],95,0_52
Pref0,0.908[0.203804],0.911677[0.20088],0.904309[0.206632],95,0_52
Signal0,1[0],1[0],1[0],95,0_52
Hybridindex,17.4548[1.12731],17.4935[1.10172],17.4158[1.15112],96,0_52
Pref0,0.90625[0.206364],0.910679[0.201679],0.901804[0.210869],96,0_52
Signal0,1[0],1[0],1[0],96,0_52
Hybridindex,17.4535[1.12887],17.4321[1.14778],17.4737[1.1103],97,0_52
Pref0,0.90625[0.208772],0.908436[0.206257],0.904183[0.211102],97,0_52
Signal0,1[0],1[0],1[0],97,0_52
Hybridindex,17.4443[1.1103],17.4397[1.10641],17.4486[1.114],98,0_52
Pref0,0.90425[0.210848],0.907048[0.205991],0.901567[0.215368],98,0_52
Signal0,1[0],1[0],1[0],98,0_52
Hybridindex,17.4237[1.10264],17.4273[1.102],17.4199[1.10332],99,0_52
Pref0,0.905[0.205487],0.914341[0.194675],0.894901[0.216117],99,0_52
Signal0,1[0],1[0],1[0],99,0_52
Hybridindex,17.487[1.09148],17.4865[1.08078],17.4875[1.10296],100,0_52
Pref0,0.90675[0.204767],0.904327[0.208545],0.909375[0.200561],100,0_52
Signal0,1[0],1[0],1[0],100,0_52
Hybridindex,12.58[8.33928],12.3108[8.42898],12.8444[8.24168],1,0_53
Pref0,0.629[0.416964],0.61554[0.421449],0.64222[0.412084],1,0_53
Signal0,0.629[0.416964],0.61554[0.421449],0.64222[0.412084],1,0_53
Hybridindex,15.4735[5.92223],15.5064[5.93959],15.4394[5.90399],2,0_53
Pref0,0.7775[0.325183],0.783399[0.321143],0.771385[0.329206],2,0_53
Signal0,0.77825[0.320471],0.781925[0.320528],0.77444[0.320368],2,0_53
Hybridindex,16.8815[3.94968],16.9496[3.8268],16.8091[4.07511],3,0_53
Pref0,0.8485[0.264193],0.848691[0.260373],0.848297[0.268197],3,0_53
Signal0,0.8685[0.244352],0.867119[0.238804],0.869969[0.250111],3,0_53
Hybridindex,17.5892[2.61135],17.567[2.74475],17.6102[2.47899],4,0_53
Pref0,0.88775[0.222542],0.894845[0.217232],0.881068[0.227226],4,0_53
Signal0,0.9325[0.176618],0.937113[0.173395],0.928155[0.179491],4,0_53
Hybridindex,17.7632[1.92544],17.7843[1.95153],17.74[1.89592],5,0_53
Pref0,0.90275[0.209565],0.899048[0.20885],0.906842[0.210277],5,0_53
Signal0,0.96675[0.126568],0.967619[0.126863],0.965789[0.126234],5,0_53
Hybridindex,17.8453[1.63842],17.9229[1.64476],17.7708[1.62885],6,0_53
Pref0,0.904[0.209246],0.910112[0.199821],0.898139[0.21774],6,0_53
Signal0,0.98275[0.0912548],0.98621[0.0818819],0.979432[0.0993025],6,0_53
Hybridindex,17.917[1.42183],17.9346[1.40642],17.8993[1.43693],7,0_53
Pref0,0.89725[0.219243],0.887725[0.228068],0.906814[0.209575],7,0_53
Signal0,0.98975[0.0708515],0.991018[0.0664104],0.988477[0.0750249],7,0_53
Hybridindex,17.8905[1.36684],17.8835[1.34295],17.8974[1.38987],8,0_53
Pref0,0.895[0.212073],0.896569[0.212259],0.893459[0.211879],8,0_53
Signal0,0.9935[0.056637],0.992432[0.0610474],0.994549[0.0519207],8,0_53
Hybridindex,17.9007[1.34602],17.8845[1.37596],17.9173[1.31464],9,0_53
Pref0,0.89225[0.216829],0.892963[0.214536],0.891524[0.219137],9,0_53
Signal0,0.99425[0.0533098],0.996036[0.0443446],0.992432[0.0610474],9,0_53
Hybridindex,17.9133[1.2793],17.9066[1.30074],17.9202[1.25642],10,0_53
Pref0,0.88975[0.220159],0.893451[0.214084],0.885875[0.22628],10,0_53
Signal0,0.997[0.0386135],0.995601[0.0466912],0.998465[0.027664],10,0_53
Hybridindex,17.8803[1.2668],17.8668[1.29733],17.8939[1.23499],11,0_53
Pref0,0.8915[0.217894],0.887674[0.221389],0.895372[0.214229],11,0_53
Signal0,0.99875[0.0249687],0.998012[0.0314656],0.999497[0.0158511],11,0_53
Hybridindex,17.894[1.23431],17.8465[1.24472],17.945[1.22096],12,0_53
Pref0,0.8925[0.217816],0.899131[0.206574],0.885373[0.229069],12,0_53
Signal0,0.99975[0.0111775],0.999517[0.0155267],1[0],12,0_53
Hybridindex,17.8938[1.20896],17.9175[1.19883],17.8708[1.21822],13,0_53
Pref0,0.887[0.227993],0.889002[0.223154],0.885069[0.23255],13,0_53
Signal0,1[0],1[0],1[0],13,0_53
Hybridindex,17.8935[1.20557],17.8952[1.19987],17.8918[1.21112],14,0_53
Pref0,0.8855[0.22111],0.886134[0.220278],0.884881[0.221918],14,0_53
Signal0,1[0],1[0],1[0],14,0_53
Hybridindex,17.8377[1.20677],17.7873[1.23103],17.8867[1.1807],15,0_53
Pref0,0.88725[0.22397],0.893401[0.220307],0.881281[0.227309],15,0_53
Signal0,1[0],1[0],1[0],15,0_53
Hybridindex,17.823[1.21034],17.8776[1.20403],17.7678[1.21418],16,0_53
Pref0,0.8905[0.219111],0.889055[0.220537],0.89196[0.217652],16,0_53
Signal0,1[0],1[0],1[0],16,0_53
Hybridindex,17.7972[1.24931],17.7828[1.23297],17.8112[1.26474],17,0_53
Pref0,0.89[0.222261],0.889115[0.221925],0.890855[0.222582],17,0_53
Signal0,1[0],1[0],1[0],17,0_53
Hybridindex,17.8508[1.20617],17.7666[1.18442],17.9361[1.22194],18,0_53
Pref0,0.8865[0.226092],0.900695[0.212727],0.872105[0.238021],18,0_53
Signal0,1[0],1[0],1[0],18,0_53
Hybridindex,17.8685[1.19099],17.8523[1.17136],17.8844[1.20978],19,0_53
Pref0,0.88625[0.224022],0.885081[0.226516],0.887401[0.221534],19,0_53
Signal0,1[0],1[0],1[0],19,0_53
Hybridindex,17.8532[1.2043],17.8629[1.16462],17.8438[1.24152],20,0_53
Pref0,0.88275[0.228861],0.875635[0.2309],0.889655[0.226651],20,0_53
Signal0,1[0],1[0],1[0],20,0_53
Hybridindex,17.9127[1.20406],17.9424[1.19393],17.8837[1.2132],21,0_53
Pref0,0.8865[0.228293],0.883838[0.230593],0.889109[0.225986],21,0_53
Signal0,1[0],1[0],1[0],21,0_53
Hybridindex,17.863[1.19655],17.8677[1.18784],17.8581[1.20547],22,0_53
Pref0,0.88525[0.223512],0.886922[0.223928],0.88352[0.223067],22,0_53
Signal0,1[0],1[0],1[0],22,0_53
Hybridindex,17.8625[1.16398],17.8116[1.15738],17.9156[1.16847],23,0_53
Pref0,0.87925[0.231397],0.879159[0.23267],0.879346[0.230059],23,0_53
Signal0,1[0],1[0],1[0],23,0_53
Hybridindex,17.856[1.1577],17.884[1.15509],17.8296[1.15953],24,0_53
Pref0,0.87875[0.232752],0.87732[0.233532],0.880097[0.232007],24,0_53
Signal0,1[0],1[0],1[0],24,0_53
Hybridindex,17.9017[1.14749],17.8631[1.15402],17.9385[1.14002],25,0_53
Pref0,0.8775[0.230746],0.881538[0.226609],0.873659[0.234549],25,0_53
Signal0,1[0],1[0],1[0],25,0_53
Hybridindex,17.92[1.14623],17.9262[1.13495],17.9141[1.15686],26,0_53
Pref0,0.8795[0.223002],0.872439[0.228297],0.88623[0.217622],26,0_53
Signal0,1[0],1[0],1[0],26,0_53
Hybridindex,17.955[1.14005],17.9518[1.15946],17.958[1.12128],27,0_53
Pref0,0.87325[0.231429],0.874359[0.228392],0.872195[0.234276],27,0_53
Signal0,1[0],1[0],1[0],27,0_53
Hybridindex,17.95[1.11018],17.9771[1.10573],17.9225[1.11399],28,0_53
Pref0,0.86675[0.240561],0.870775[0.236359],0.862676[0.244672],28,0_53
Signal0,1[0],1[0],1[0],28,0_53
Hybridindex,17.9688[1.07652],17.9331[1.07358],18.0029[1.07823],29,0_53
Pref0,0.8745[0.237697],0.874362[0.239267],0.874633[0.236181],29,0_53
Signal0,1[0],1[0],1[0],29,0_53
Hybridindex,17.983[1.08925],17.9729[1.09176],17.9927[1.08675],30,0_53
Pref0,0.88075[0.230552],0.871034[0.236726],0.890029[0.224105],30,0_53
Signal0,1[0],1[0],1[0],30,0_53
Hybridindex,17.9812[1.0804],17.9867[1.08406],17.976[1.07687],31,0_53
Pref0,0.8805[0.229608],0.878834[0.228115],0.882094[0.231016],31,0_53
Signal0,1[0],1[0],1[0],31,0_53
Hybridindex,18.008[1.09073],18.0604[1.05559],17.9604[1.11957],32,0_53
Pref0,0.88575[0.224882],0.884979[0.226072],0.88645[0.223794],32,0_53
Signal0,1[0],1[0],1[0],32,0_53
Hybridindex,18.026[1.07323],18.0664[1.05162],17.9873[1.09215],33,0_53
Pref0,0.89275[0.218226],0.896323[0.214935],0.889324[0.221281],33,0_53
Signal0,1[0],1[0],1[0],33,0_53
Hybridindex,17.9803[1.06782],17.9362[1.08068],18.0239[1.05309],34,0_53
Pref0,0.896[0.211976],0.89508[0.210864],0.896912[0.21307],34,0_53
Signal0,1[0],1[0],1[0],34,0_53
Hybridindex,18.0132[1.08648],17.9975[1.08575],18.0291[1.087],35,0_53
Pref0,0.89025[0.220409],0.886567[0.224315],0.89397[0.216328],35,0_53
Signal0,1[0],1[0],1[0],35,0_53
Hybridindex,17.978[1.05084],17.9537[1.06716],18.002[1.03393],36,0_53
Pref0,0.8805[0.228516],0.877644[0.231862],0.883317[0.225133],36,0_53
Signal0,1[0],1[0],1[0],36,0_53
Hybridindex,17.9582[1.07128],17.9267[1.05818],17.9891[1.08304],37,0_53
Pref0,0.88625[0.226243],0.888271[0.22687],0.884273[0.22561],37,0_53
Signal0,1[0],1[0],1[0],37,0_53
Hybridindex,17.936[1.11126],17.9202[1.11245],17.9527[1.10976],38,0_53
Pref0,0.8805[0.230694],0.884615[0.226262],0.876156[0.235203],38,0_53
Signal0,1[0],1[0],1[0],38,0_53
Hybridindex,17.9303[1.1306],17.9331[1.1283],17.9276[1.13276],39,0_53
Pref0,0.8805[0.229063],0.871267[0.235623],0.889213[0.222343],39,0_53
Signal0,1[0],1[0],1[0],39,0_53
Hybridindex,17.924[1.11073],17.9239[1.10088],17.9241[1.12048],40,0_53
Pref0,0.88225[0.22915],0.887387[0.2239],0.877123[0.234161],40,0_53
Signal0,1[0],1[0],1[0],40,0_53
Hybridindex,17.8815[1.116],17.8452[1.12002],17.9174[1.11084],41,0_53
Pref0,0.882[0.224891],0.884925[0.223211],0.879104[0.226505],41,0_53
Signal0,1[0],1[0],1[0],41,0_53
Hybridindex,17.9002[1.08659],17.9207[1.06535],17.8804[1.10641],42,0_53
Pref0,0.879[0.228821],0.873476[0.234256],0.88435[0.223301],42,0_53
Signal0,1[0],1[0],1[0],42,0_53
Hybridindex,17.8965[1.0803],17.9414[1.08577],17.8501[1.07264],43,0_53
Pref0,0.871[0.234753],0.870079[0.23862],0.871951[0.230689],43,0_53
Signal0,1[0],1[0],1[0],43,0_53
Hybridindex,17.886[1.1],17.8706[1.08397],17.9028[1.11696],44,0_53
Pref0,0.8735[0.229669],0.872963[0.228416],0.874086[0.231025],44,0_53
Signal0,1[0],1[0],1[0],44,0_53
Hybridindex,17.9165[1.07751],17.9272[1.07827],17.9052[1.07659],45,0_53
Pref0,0.8725[0.238209],0.866505[0.241143],0.878866[0.234887],45,0_53
Signal0,1[0],1[0],1[0],45,0_53
Hybridindex,17.909[1.06828],17.9527[1.04798],17.864[1.08697],46,0_53
Pref0,0.86475[0.242554],0.860099[0.247418],0.869543[0.237342],46,0_53
Signal0,1[0],1[0],1[0],46,0_53
Hybridindex,17.8927[1.08518],17.9001[1.09635],17.8859[1.0746],47,0_53
Pref0,0.86925[0.238808],0.878882[0.228256],0.860251[0.247924],47,0_53
Signal0,1[0],1[0],1[0],47,0_53
Hybridindex,17.862[1.06523],17.8778[1.02608],17.847[1.10089],48,0_53
Pref0,0.86175[0.239816],0.850103[0.24636],0.872807[0.232897],48,0_53
Signal0,1[0],1[0],1[0],48,0_53
Hybridindex,17.8208[1.05783],17.8148[1.06898],17.8268[1.04636],49,0_53
Pref0,0.8695[0.241288],0.869414[0.245269],0.869587[0.237182],49,0_53
Signal0,1[0],1[0],1[0],49,0_53
Hybridindex,17.828[1.089],17.8398[1.08044],17.8171[1.09674],50,0_53
Pref0,0.86175[0.243951],0.855879[0.249431],0.86718[0.238642],50,0_53
Signal0,1[0],1[0],1[0],50,0_53
Hybridindex,17.8087[1.11548],17.8427[1.0846],17.7725[1.14644],51,0_53
Pref0,0.8605[0.243495],0.857212[0.241383],0.864012[0.245682],51,0_53
Signal0,1[0],1[0],1[0],51,0_53
Hybridindex,17.7913[1.08446],17.8139[1.10255],17.7676[1.06475],52,0_53
Pref0,0.86575[0.244647],0.8619[0.247471],0.869765[0.241601],52,0_53
Signal0,1[0],1[0],1[0],52,0_53
Hybridindex,17.7987[1.11854],17.7759[1.15255],17.8222[1.08202],53,0_53
Pref0,0.85625[0.248417],0.851431[0.252119],0.861196[0.24446],53,0_53
Signal0,1[0],1[0],1[0],53,0_53
Hybridindex,17.7613[1.13825],17.7174[1.10963],17.8049[1.16443],54,0_53
Pref0,0.8625[0.240507],0.86523[0.237141],0.85978[0.243783],54,0_53
Signal0,1[0],1[0],1[0],54,0_53
Hybridindex,17.781[1.10783],17.7618[1.12954],17.7999[1.08567],55,0_53
Pref0,0.87025[0.236199],0.865559[0.243345],0.874876[0.22884],55,0_53
Signal0,1[0],1[0],1[0],55,0_53
Hybridindex,17.7495[1.12372],17.7101[1.09633],17.7901[1.1498],56,0_53
Pref0,0.868[0.243569],0.879684[0.235678],0.855984[0.25086],56,0_53
Signal0,1[0],1[0],1[0],56,0_53
Hybridindex,17.7333[1.11556],17.7338[1.11875],17.7326[1.11212],57,0_53
Pref0,0.86375[0.243538],0.864734[0.242895],0.862694[0.244222],57,0_53
Signal0,1[0],1[0],1[0],57,0_53
Hybridindex,17.684[1.16518],17.6829[1.17613],17.6852[1.15329],58,0_53
Pref0,0.8595[0.244458],0.848938[0.250692],0.870851[0.237052],58,0_53
Signal0,1[0],1[0],1[0],58,0_53
Hybridindex,17.706[1.13173],17.6863[1.13597],17.7251[1.12727],59,0_53
Pref0,0.8645[0.244213],0.862437[0.24497],0.866502[0.243458],59,0_53
Signal0,1[0],1[0],1[0],59,0_53
Hybridindex,17.703[1.13723],17.7108[1.15773],17.695[1.11575],60,0_53
Pref0,0.8625[0.247677],0.866239[0.245644],0.858663[0.249688],60,0_53
Signal0,1[0],1[0],1[0],60,0_53
Hybridindex,17.7082[1.09932],17.6501[1.10758],17.7656[1.08807],61,0_53
Pref0,0.856[0.245996],0.852467[0.24914],0.859484[0.242805],61,0_53
Signal0,1[0],1[0],1[0],61,0_53
Hybridindex,17.7405[1.11788],17.6801[1.11362],17.8019[1.11886],62,0_53
Pref0,0.85675[0.243114],0.851687[0.24916],0.861895[0.236702],62,0_53
Signal0,1[0],1[0],1[0],62,0_53
Hybridindex,17.7548[1.1406],17.7318[1.17929],17.7766[1.10195],63,0_53
Pref0,0.85525[0.243254],0.863357[0.23943],0.847507[0.246602],63,0_53
Signal0,1[0],1[0],1[0],63,0_53
Hybridindex,17.7175[1.13982],17.7369[1.15236],17.6978[1.12657],64,0_53
Pref0,0.851[0.256513],0.861249[0.248035],0.840565[0.264459],64,0_53
Signal0,1[0],1[0],1[0],64,0_53
Hybridindex,17.6812[1.09819],17.6618[1.07032],17.7019[1.12661],65,0_53
Pref0,0.85525[0.247331],0.850826[0.249103],0.859938[0.245351],65,0_53
Signal0,1[0],1[0],1[0],65,0_53
Hybridindex,17.6943[1.12778],17.6492[1.09928],17.7413[1.15494],66,0_53
Pref0,0.853[0.246254],0.847358[0.250612],0.858896[0.241476],66,0_53
Signal0,1[0],1[0],1[0],66,0_53
Hybridindex,17.6818[1.11863],17.7008[1.136],17.6628[1.10081],67,0_53
Pref0,0.85775[0.248777],0.865462[0.244358],0.8501[0.252852],67,0_53
Signal0,1[0],1[0],1[0],67,0_53
Hybridindex,17.6565[1.15759],17.6607[1.13628],17.6522[1.17883],68,0_53
Pref0,0.8525[0.248483],0.848214[0.258346],0.856855[0.237963],68,0_53
Signal0,1[0],1[0],1[0],68,0_53
Hybridindex,17.6863[1.12158],17.6948[1.12146],17.6775[1.12163],69,0_53
Pref0,0.851[0.249598],0.864398[0.237311],0.837221[0.260916],69,0_53
Signal0,1[0],1[0],1[0],69,0_53
Hybridindex,17.7[1.11288],17.6737[1.13128],17.727[1.09302],70,0_53
Pref0,0.84425[0.252719],0.84847[0.249363],0.839919[0.256046],70,0_53
Signal0,1[0],1[0],1[0],70,0_53
Hybridindex,17.706[1.11066],17.7023[1.09114],17.7097[1.12986],71,0_53
Pref0,0.84375[0.254874],0.839161[0.25988],0.848348[0.249674],71,0_53
Signal0,1[0],1[0],1[0],71,0_53
Hybridindex,17.76[1.12834],17.7261[1.12746],17.7943[1.12819],72,0_53
Pref0,0.8355[0.259692],0.833499[0.260679],0.837525[0.258673],72,0_53
Signal0,1[0],1[0],1[0],72,0_53
Hybridindex,17.7873[1.11461],17.7819[1.11225],17.7925[1.11689],73,0_53
Pref0,0.83875[0.262437],0.836538[0.263023],0.840909[0.261847],73,0_53
Signal0,1[0],1[0],1[0],73,0_53
Hybridindex,17.7895[1.12747],17.8109[1.14126],17.7685[1.11342],74,0_53
Pref0,0.819[0.265968],0.82457[0.258941],0.813551[0.272557],74,0_53
Signal0,1[0],1[0],1[0],74,0_53
Hybridindex,17.786[1.09016],17.805[1.06074],17.7693[1.11513],75,0_53
Pref0,0.824[0.26744],0.824786[0.271048],0.823308[0.264223],75,0_53
Signal0,1[0],1[0],1[0],75,0_53
Hybridindex,17.819[1.06407],17.8415[1.0477],17.7955[1.08041],76,0_53
Pref0,0.81525[0.273391],0.808219[0.276989],0.822597[0.269383],76,0_53
Signal0,1[0],1[0],1[0],76,0_53
Hybridindex,17.835[1.0942],17.8241[1.1144],17.847[1.07121],77,0_53
Pref0,0.81[0.274591],0.814163[0.270401],0.80538[0.279093],77,0_53
Signal0,1[0],1[0],1[0],77,0_53
Hybridindex,17.8025[1.11993],17.7428[1.13049],17.8633[1.10577],78,0_53
Pref0,0.8155[0.273331],0.815164[0.270407],0.815843[0.276276],78,0_53
Signal0,1[0],1[0],1[0],78,0_53
Hybridindex,17.843[1.10808],17.832[1.10974],17.8535[1.10641],79,0_53
Pref0,0.825[0.272718],0.829394[0.268564],0.820837[0.276531],79,0_53
Signal0,1[0],1[0],1[0],79,0_53
Hybridindex,17.7787[1.09928],17.7644[1.08587],17.7929[1.11217],80,0_53
Pref0,0.82025[0.271229],0.819738[0.275252],0.820755[0.267201],80,0_53
Signal0,1[0],1[0],1[0],80,0_53
Hybridindex,17.7538[1.10736],17.697[1.13316],17.8156[1.07513],81,0_53
Pref0,0.8225[0.271097],0.825983[0.271118],0.818704[0.271023],81,0_53
Signal0,1[0],1[0],1[0],81,0_53
Hybridindex,17.8017[1.09308],17.7946[1.07497],17.8091[1.1112],82,0_53
Pref0,0.818[0.274547],0.812376[0.281782],0.823737[0.266841],82,0_53
Signal0,1[0],1[0],1[0],82,0_53
Hybridindex,17.7915[1.11087],17.8217[1.1013],17.7595[1.12004],83,0_53
Pref0,0.81[0.280891],0.815841[0.275059],0.803811[0.286813],83,0_53
Signal0,1[0],1[0],1[0],83,0_53
Hybridindex,17.8212[1.09997],17.8225[1.10038],17.8199[1.09951],84,0_53
Pref0,0.81725[0.268752],0.810048[0.267979],0.825131[0.269374],84,0_53
Signal0,1[0],1[0],1[0],84,0_53
Hybridindex,17.832[1.08985],17.8837[1.05723],17.7783[1.12021],85,0_53
Pref0,0.82325[0.267179],0.824338[0.263137],0.82212[0.271309],85,0_53
Signal0,1[0],1[0],1[0],85,0_53
Hybridindex,17.8155[1.10452],17.8394[1.11839],17.7918[1.09006],86,0_53
Pref0,0.8115[0.272888],0.815763[0.269691],0.807271[0.275957],86,0_53
Signal0,1[0],1[0],1[0],86,0_53
Hybridindex,17.8382[1.07539],17.834[1.07224],17.8423[1.07836],87,0_53
Pref0,0.79475[0.284161],0.800717[0.282679],0.789062[0.28545],87,0_53
Signal0,1[0],1[0],1[0],87,0_53
Hybridindex,17.8322[1.07575],17.8088[1.07676],17.8577[1.07407],88,0_53
Pref0,0.79975[0.284649],0.804515[0.282314],0.794578[0.287073],88,0_53
Signal0,1[0],1[0],1[0],88,0_53
Hybridindex,17.846[1.07798],17.8251[1.0747],17.8673[1.08089],89,0_53
Pref0,0.79225[0.287167],0.791378[0.293361],0.793138[0.280718],89,0_53
Signal0,1[0],1[0],1[0],89,0_53
Hybridindex,17.869[1.06035],17.8542[1.05481],17.8834[1.06549],90,0_53
Pref0,0.78875[0.287225],0.783028[0.287664],0.794291[0.286691],90,0_53
Signal0,1[0],1[0],1[0],90,0_53
Hybridindex,17.8555[1.0923],17.8767[1.0847],17.8363[1.09876],91,0_53
Pref0,0.78825[0.285109],0.787671[0.286628],0.788773[0.283729],91,0_53
Signal0,1[0],1[0],1[0],91,0_53
Hybridindex,17.8558[1.07788],17.8825[1.07402],17.8288[1.08108],92,0_53
Pref0,0.78475[0.295876],0.782869[0.292954],0.786647[0.29878],92,0_53
Signal0,1[0],1[0],1[0],92,0_53
Hybridindex,17.8388[1.08829],17.8488[1.04958],17.8293[1.12358],93,0_53
Pref0,0.783[0.289242],0.781379[0.292733],0.784533[0.285894],93,0_53
Signal0,1[0],1[0],1[0],93,0_53
Hybridindex,17.839[1.09617],17.8583[1.10577],17.8194[1.08601],94,0_53
Pref0,0.782[0.288922],0.770875[0.291422],0.79326[0.285929],94,0_53
Signal0,1[0],1[0],1[0],94,0_53
Hybridindex,17.824[1.08675],17.807[1.11439],17.8414[1.05734],95,0_53
Pref0,0.78475[0.28468],0.786772[0.287864],0.782675[0.281359],95,0_53
Signal0,1[0],1[0],1[0],95,0_53
Hybridindex,17.831[1.07317],17.8344[1.08388],17.8279[1.06311],96,0_53
Pref0,0.789[0.287626],0.786085[0.289005],0.791707[0.286314],96,0_53
Signal0,1[0],1[0],1[0],96,0_53
Hybridindex,17.8425[1.0692],17.8317[1.07379],17.8533[1.0645],97,0_53
Pref0,0.784[0.292137],0.77505[0.296521],0.792914[0.287427],97,0_53
Signal0,1[0],1[0],1[0],97,0_53
Hybridindex,17.8185[1.09866],17.7798[1.10775],17.8569[1.08819],98,0_53
Pref0,0.77125[0.295886],0.769809[0.303641],0.772682[0.287963],98,0_53
Signal0,1[0],1[0],1[0],98,0_53
Hybridindex,17.8167[1.08584],17.8512[1.04462],17.7831[1.12361],99,0_53
Pref0,0.76675[0.297018],0.774291[0.286623],0.759387[0.306647],99,0_53
Signal0,1[0],1[0],1[0],99,0_53
Hybridindex,17.8035[1.07988],17.7877[1.07348],17.8196[1.08611],100,0_53
Pref0,0.7625[0.300156],0.756448[0.30204],0.768649[0.298104],100,0_53
Signal0,1[0],1[0],1[0],100,0_53
Hybridindex,12.665[8.24911],12.6[8.26075],12.73[8.23694],1,0_54
Pref0,0.63325[0.412455],0.63[0.413038],0.6365[0.411847],1,0_54
Signal0,0.63325[0.412455],0.63[0.413038],0.6365[0.411847],1,0_54
Hybridindex,15.3402[6.03199],15.4627[6.03995],15.213[6.02107],2,0_54
Pref0,0.7685[0.329633],0.778705[0.323056],0.7579[0.336],2,0_54
Signal0,0.76575[0.33504],0.772816[0.335439],0.75841[0.334468],2,0_54
Hybridindex,16.6968[4.01829],16.575[4.10078],16.822[3.92772],3,0_54
Pref0,0.84[0.265801],0.823471[0.278948],0.856998[0.250429],3,0_54
Signal0,0.85425[0.254719],0.850592[0.260129],0.858012[0.248977],3,0_54
Hybridindex,17.3695[2.5706],17.478[2.54253],17.2615[2.59375],4,0_54
Pref0,0.8795[0.231797],0.886273[0.223477],0.872754[0.239607],4,0_54
Signal0,0.92125[0.186208],0.925852[0.181877],0.916667[0.190313],4,0_54
Hybridindex,17.5282[1.95431],17.5167[1.90959],17.5394[1.99677],5,0_54
Pref0,0.8855[0.231062],0.886917[0.232155],0.884122[0.229987],5,0_54
Signal0,0.95075[0.150663],0.948783[0.153272],0.952663[0.148057],5,0_54
Hybridindex,17.6397[1.63733],17.6181[1.62804],17.6606[1.64597],6,0_54
Pref0,0.88075[0.227825],0.881365[0.223217],0.880157[0.232183],6,0_54
Signal0,0.974[0.111014],0.969959[0.118819],0.977898[0.102774],6,0_54
Hybridindex,17.6348[1.50057],17.6071[1.4662],17.6628[1.53421],7,0_54
Pref0,0.87875[0.227318],0.875992[0.2293],0.881552[0.225252],7,0_54
Signal0,0.98925[0.072522],0.987599[0.07776],0.990927[0.0667381],7,0_54
Hybridindex,17.6255[1.41959],17.6456[1.4157],17.6049[1.42328],8,0_54
Pref0,0.879[0.228274],0.873149[0.231842],0.885005[0.224394],8,0_54
Signal0,0.99275[0.0597699],0.994077[0.0540964],0.991388[0.0650524],8,0_54
Hybridindex,17.6112[1.3755],17.6066[1.34271],17.6159[1.40802],9,0_54
Pref0,0.88[0.228254],0.885913[0.229042],0.873992[0.227293],9,0_54
Signal0,0.99625[0.0431386],0.996032[0.0443664],0.996472[0.0418529],9,0_54
Hybridindex,17.597[1.37553],17.6573[1.33595],17.5406[1.40918],10,0_54
Pref0,0.88975[0.221856],0.886128[0.226308],0.893133[0.217559],10,0_54
Signal0,0.99775[0.0334655],0.99793[0.0321078],0.997582[0.034685],10,0_54
Hybridindex,17.6185[1.31708],17.6067[1.30102],17.6306[1.33322],11,0_54
Pref0,0.895[0.221867],0.894763[0.220138],0.895243[0.223624],11,0_54
Signal0,0.99875[0.0249687],0.998024[0.0313725],0.999494[0.0158991],11,0_54
Hybridindex,17.6268[1.30166],17.625[1.29052],17.6285[1.31296],12,0_54
Pref0,0.88975[0.225211],0.884881[0.226327],0.894737[0.223952],12,0_54
Signal0,0.99975[0.0111775],0.999506[0.0157096],1[0],12,0_54
Hybridindex,17.6148[1.32475],17.5656[1.33352],17.6651[1.31378],13,0_54
Pref0,0.891[0.21993],0.889931[0.223225],0.892097[0.216489],13,0_54
Signal0,1[0],1[0],1[0],13,0_54
Hybridindex,17.627[1.29706],17.6581[1.28528],17.5961[1.30791],14,0_54
Pref0,0.8775[0.230204],0.884538[0.226777],0.870518[0.233344],14,0_54
Signal0,1[0],1[0],1[0],14,0_54
Hybridindex,17.5985[1.29269],17.5468[1.29533],17.6485[1.28817],15,0_54
Pref0,0.87575[0.232781],0.877925[0.23514],0.873648[0.230458],15,0_54
Signal0,1[0],1[0],1[0],15,0_54
Hybridindex,17.624[1.25255],17.5817[1.25611],17.666[1.24757],16,0_54
Pref0,0.86775[0.236928],0.875125[0.232088],0.860419[0.24142],16,0_54
Signal0,1[0],1[0],1[0],16,0_54
Hybridindex,17.6337[1.25767],17.6471[1.23409],17.6199[1.28161],17,0_54
Pref0,0.8715[0.235027],0.871078[0.232836],0.871939[0.237285],17,0_54
Signal0,1[0],1[0],1[0],17,0_54
Hybridindex,17.6343[1.2794],17.5978[1.26235],17.6698[1.2948],18,0_54
Pref0,0.872[0.237415],0.869807[0.2393],0.874136[0.235544],18,0_54
Signal0,1[0],1[0],1[0],18,0_54
Hybridindex,17.617[1.2572],17.5833[1.25079],17.6512[1.26276],19,0_54
Pref0,0.87275[0.2365],0.869048[0.240317],0.876512[0.232498],19,0_54
Signal0,1[0],1[0],1[0],19,0_54
Hybridindex,17.6258[1.24722],17.6605[1.19545],17.5912[1.29571],20,0_54
Pref0,0.87525[0.235717],0.872618[0.23768],0.877866[0.233719],20,0_54
Signal0,1[0],1[0],1[0],20,0_54
Hybridindex,17.6225[1.25976],17.615[1.26067],17.6304[1.25876],21,0_54
Pref0,0.86975[0.240125],0.862524[0.250117],0.877301[0.228975],21,0_54
Signal0,1[0],1[0],1[0],21,0_54
Hybridindex,17.6262[1.25556],17.6599[1.25208],17.5917[1.25819],22,0_54
Pref0,0.86[0.247285],0.871175[0.236038],0.848531[0.257817],22,0_54
Signal0,1[0],1[0],1[0],22,0_54
Hybridindex,17.6185[1.25806],17.6385[1.26863],17.5981[1.24683],23,0_54
Pref0,0.8615[0.245597],0.856578[0.249041],0.866532[0.241921],23,0_54
Signal0,1[0],1[0],1[0],23,0_54
Hybridindex,17.5308[1.25705],17.5251[1.27227],17.537[1.23984],24,0_54
Pref0,0.85575[0.253608],0.856262[0.252076],0.85518[0.255302],24,0_54
Signal0,1[0],1[0],1[0],24,0_54
Hybridindex,17.4865[1.2421],17.4774[1.24894],17.4959[1.23489],25,0_54
Pref0,0.85525[0.249845],0.856232[0.251956],0.85423[0.247629],25,0_54
Signal0,1[0],1[0],1[0],25,0_54
Hybridindex,17.5055[1.27268],17.5389[1.28571],17.4693[1.25741],26,0_54
Pref0,0.8475[0.249987],0.856731[0.242489],0.8375[0.257492],26,0_54
Signal0,1[0],1[0],1[0],26,0_54
Hybridindex,17.5395[1.25118],17.5468[1.24673],17.5318[1.25579],27,0_54
Pref0,0.84[0.259133],0.84308[0.255992],0.836756[0.262362],27,0_54
Signal0,1[0],1[0],1[0],27,0_54
Hybridindex,17.5132[1.25128],17.5354[1.25009],17.4903[1.2521],28,0_54
Pref0,0.84[0.25671],0.831201[0.265839],0.849085[0.246601],28,0_54
Signal0,1[0],1[0],1[0],28,0_54
Hybridindex,17.493[1.25258],17.4542[1.24837],17.5305[1.25549],29,0_54
Pref0,0.83875[0.257145],0.840793[0.255826],0.836775[0.258398],29,0_54
Signal0,1[0],1[0],1[0],29,0_54
Hybridindex,17.449[1.27442],17.4292[1.26218],17.4681[1.28581],30,0_54
Pref0,0.83375[0.265492],0.829766[0.266305],0.837586[0.26465],30,0_54
Signal0,1[0],1[0],1[0],30,0_54
Hybridindex,17.4773[1.24864],17.4858[1.22058],17.4678[1.27905],31,0_54
Pref0,0.834[0.26114],0.824311[0.266876],0.844773[0.254177],31,0_54
Signal0,1[0],1[0],1[0],31,0_54
Hybridindex,17.459[1.26908],17.4569[1.26093],17.461[1.27679],32,0_54
Pref0,0.8355[0.255812],0.832308[0.256869],0.838537[0.254765],32,0_54
Signal0,1[0],1[0],1[0],32,0_54
Hybridindex,17.4155[1.27852],17.41[1.30918],17.4211[1.24637],33,0_54
Pref0,0.83075[0.263115],0.840752[0.260982],0.820526[0.264887],33,0_54
Signal0,1[0],1[0],1[0],33,0_54
Hybridindex,17.477[1.24397],17.4926[1.26456],17.4629[1.22496],34,0_54
Pref0,0.82725[0.269318],0.830696[0.269937],0.824144[0.268722],34,0_54
Signal0,1[0],1[0],1[0],34,0_54
Hybridindex,17.4135[1.22025],17.4002[1.23743],17.4262[1.20348],35,0_54
Pref0,0.82875[0.260861],0.832139[0.255884],0.825513[0.265486],35,0_54
Signal0,1[0],1[0],1[0],35,0_54
Hybridindex,17.4168[1.22207],17.3964[1.22476],17.4371[1.21904],36,0_54
Pref0,0.8275[0.264563],0.827327[0.264639],0.827672[0.264487],36,0_54
Signal0,1[0],1[0],1[0],36,0_54
Hybridindex,17.4327[1.23798],17.4171[1.25935],17.4479[1.21679],37,0_54
Pref0,0.81075[0.278495],0.822482[0.272088],0.79941[0.284091],37,0_54
Signal0,1[0],1[0],1[0],37,0_54
Hybridindex,17.4285[1.23588],17.3761[1.24222],17.4814[1.22717],38,0_54
Pref0,0.8115[0.281012],0.810448[0.288486],0.812563[0.273251],38,0_54
Signal0,1[0],1[0],1[0],38,0_54
Hybridindex,17.429[1.25328],17.4378[1.26072],17.4204[1.2459],39,0_54
Pref0,0.80825[0.27678],0.811426[0.270902],0.805143[0.282376],39,0_54
Signal0,1[0],1[0],1[0],39,0_54
Hybridindex,17.4258[1.20969],17.411[1.22547],17.4406[1.19333],40,0_54
Pref0,0.8075[0.282301],0.815109[0.276858],0.799799[0.287499],40,0_54
Signal0,1[0],1[0],1[0],40,0_54
Hybridindex,17.42[1.21649],17.419[1.2136],17.4209[1.21927],41,0_54
Pref0,0.806[0.283926],0.799389[0.286278],0.812377[0.281492],41,0_54
Signal0,1[0],1[0],1[0],41,0_54
Hybridindex,17.407[1.20679],17.3963[1.21418],17.4184[1.19877],42,0_54
Pref0,0.8215[0.26905],0.82219[0.272481],0.820764[0.265341],42,0_54
Signal0,1[0],1[0],1[0],42,0_54
Hybridindex,17.393[1.20864],17.4009[1.20655],17.3847[1.21077],43,0_54
Pref0,0.814[0.271853],0.811523[0.275327],0.816598[0.268135],43,0_54
Signal0,1[0],1[0],1[0],43,0_54
Hybridindex,17.4327[1.18389],17.4401[1.18494],17.4252[1.18276],44,0_54
Pref0,0.80775[0.276433],0.806974[0.273808],0.808554[0.279125],44,0_54
Signal0,1[0],1[0],1[0],44,0_54
Hybridindex,17.4548[1.20471],17.4409[1.23288],17.4683[1.17629],45,0_54
Pref0,0.806[0.280827],0.807071[0.271826],0.80495[0.289375],45,0_54
Signal0,1[0],1[0],1[0],45,0_54
Hybridindex,17.4415[1.1881],17.4695[1.20388],17.4135[1.17144],46,0_54
Pref0,0.804[0.280328],0.793[0.28662],0.815[0.27345],46,0_54
Signal0,1[0],1[0],1[0],46,0_54
Hybridindex,17.4575[1.18899],17.4179[1.20614],17.4961[1.17075],47,0_54
Pref0,0.79975[0.281558],0.797366[0.28554],0.802073[0.277604],47,0_54
Signal0,1[0],1[0],1[0],47,0_54
Hybridindex,17.5343[1.14519],17.5236[1.13771],17.5448[1.15246],48,0_54
Pref0,0.8025[0.277477],0.802711[0.27711],0.802291[0.277842],48,0_54
Signal0,1[0],1[0],1[0],48,0_54
Hybridindex,17.539[1.17377],17.4919[1.20252],17.5905[1.13931],49,0_54
Pref0,0.81125[0.271567],0.810824[0.274015],0.811715[0.268867],49,0_54
Signal0,1[0],1[0],1[0],49,0_54
Hybridindex,17.5395[1.1745],17.5386[1.16158],17.5404[1.18689],50,0_54
Pref0,0.817[0.275247],0.819797[0.274581],0.814286[0.275865],50,0_54
Signal0,1[0],1[0],1[0],50,0_54
Hybridindex,17.544[1.16472],17.4735[1.17778],17.6146[1.14715],51,0_54
Pref0,0.81875[0.274815],0.815185[0.277906],0.822322[0.271636],51,0_54
Signal0,1[0],1[0],1[0],51,0_54
Hybridindex,17.5527[1.13329],17.5463[1.13517],17.5591[1.13139],52,0_54
Pref0,0.82725[0.270245],0.823944[0.272277],0.830517[0.268182],52,0_54
Signal0,1[0],1[0],1[0],52,0_54
Hybridindex,17.544[1.11291],17.5438[1.10453],17.5442[1.12074],53,0_54
Pref0,0.81825[0.276752],0.811856[0.281589],0.824272[0.271982],53,0_54
Signal0,1[0],1[0],1[0],53,0_54
Hybridindex,17.5525[1.15054],17.5692[1.12928],17.5361[1.17078],54,0_54
Pref0,0.8275[0.267383],0.824747[0.264659],0.830198[0.27],54,0_54
Signal0,1[0],1[0],1[0],54,0_54
Hybridindex,17.5527[1.1495],17.5711[1.13837],17.5342[1.16035],55,0_54
Pref0,0.82875[0.269348],0.830517[0.271863],0.826962[0.266767],55,0_54
Signal0,1[0],1[0],1[0],55,0_54
Hybridindex,17.552[1.11761],17.529[1.13802],17.5766[1.0948],56,0_54
Pref0,0.82525[0.27219],0.832689[0.267619],0.817288[0.276778],56,0_54
Signal0,1[0],1[0],1[0],56,0_54
Hybridindex,17.51[1.14145],17.5159[1.14814],17.5032[1.13372],57,0_54
Pref0,0.823[0.267714],0.822702[0.266114],0.82334[0.269529],57,0_54
Signal0,1[0],1[0],1[0],57,0_54
Hybridindex,17.5362[1.16761],17.5488[1.17022],17.5243[1.16501],58,0_54
Pref0,0.816[0.269989],0.807297[0.276927],0.824245[0.262981],58,0_54
Signal0,1[0],1[0],1[0],58,0_54
Hybridindex,17.5115[1.16592],17.487[1.17037],17.5342[1.16131],59,0_54
Pref0,0.80625[0.274929],0.80893[0.275031],0.803761[0.274811],59,0_54
Signal0,1[0],1[0],1[0],59,0_54
Hybridindex,17.5083[1.15469],17.4651[1.18144],17.5504[1.12637],60,0_54
Pref0,0.8055[0.280481],0.799595[0.286893],0.811265[0.273954],60,0_54
Signal0,1[0],1[0],1[0],60,0_54
Hybridindex,17.523[1.13643],17.5402[1.15251],17.5068[1.12083],61,0_54
Pref0,0.8[0.280624],0.792784[0.284205],0.806796[0.277038],61,0_54
Signal0,1[0],1[0],1[0],61,0_54
Hybridindex,17.5165[1.15053],17.5454[1.15938],17.4893[1.14149],62,0_54
Pref0,0.802[0.276217],0.807018[0.274308],0.797284[0.277917],62,0_54
Signal0,1[0],1[0],1[0],62,0_54
Hybridindex,17.4755[1.15245],17.4376[1.14715],17.5112[1.15629],63,0_54
Pref0,0.81[0.276857],0.815464[0.274271],0.804854[0.279173],63,0_54
Signal0,1[0],1[0],1[0],63,0_54
Hybridindex,17.4273[1.13615],17.426[1.11434],17.4284[1.157],64,0_54
Pref0,0.80725[0.275631],0.800405[0.281442],0.813919[0.269682],64,0_54
Signal0,1[0],1[0],1[0],64,0_54
Hybridindex,17.4458[1.17513],17.4062[1.20998],17.4863[1.13682],65,0_54
Pref0,0.79925[0.287792],0.789733[0.290034],0.809017[0.285143],65,0_54
Signal0,1[0],1[0],1[0],65,0_54
Hybridindex,17.425[1.21207],17.4199[1.23034],17.4304[1.19235],66,0_54
Pref0,0.792[0.286332],0.785922[0.290707],0.798454[0.281468],66,0_54
Signal0,1[0],1[0],1[0],66,0_54
Hybridindex,17.4288[1.20884],17.4269[1.18995],17.4306[1.22736],67,0_54
Pref0,0.80125[0.279058],0.799599[0.280316],0.802894[0.27779],67,0_54
Signal0,1[0],1[0],1[0],67,0_54
Hybridindex,17.4677[1.21833],17.4831[1.21544],17.4523[1.22104],68,0_54
Pref0,0.812[0.27777],0.810259[0.277123],0.813755[0.278409],68,0_54
Signal0,1[0],1[0],1[0],68,0_54
Hybridindex,17.449[1.17117],17.4114[1.17911],17.4865[1.16199],69,0_54
Pref0,0.798[0.277391],0.813313[0.266466],0.782717[0.287069],69,0_54
Signal0,1[0],1[0],1[0],69,0_54
Hybridindex,17.4363[1.15404],17.4569[1.11856],17.4161[1.18724],70,0_54
Pref0,0.81025[0.274991],0.804458[0.275218],0.815893[0.274652],70,0_54
Signal0,1[0],1[0],1[0],70,0_54
Hybridindex,17.428[1.14305],17.4718[1.13611],17.3848[1.14822],71,0_54
Pref0,0.798[0.287569],0.808157[0.282422],0.787984[0.29221],71,0_54
Signal0,1[0],1[0],1[0],71,0_54
Hybridindex,17.4653[1.12023],17.4716[1.14953],17.4586[1.08879],72,0_54
Pref0,0.797[0.285116],0.797258[0.286887],0.796731[0.283257],72,0_54
Signal0,1[0],1[0],1[0],72,0_54
Hybridindex,17.4825[1.1257],17.4921[1.12688],17.4725[1.12439],73,0_54
Pref0,0.79475[0.291972],0.810226[0.285462],0.778739[0.297712],73,0_54
Signal0,1[0],1[0],1[0],73,0_54
Hybridindex,17.5063[1.11382],17.5164[1.12498],17.496[1.10223],74,0_54
Pref0,0.7865[0.285776],0.790882[0.286595],0.782038[0.28487],74,0_54
Signal0,1[0],1[0],1[0],74,0_54
Hybridindex,17.5147[1.16358],17.5205[1.14396],17.509[1.1828],75,0_54
Pref0,0.7705[0.298881],0.763263[0.298078],0.777722[0.299505],75,0_54
Signal0,1[0],1[0],1[0],75,0_54
Hybridindex,17.5115[1.11809],17.499[1.10255],17.5243[1.1336],76,0_54
Pref0,0.762[0.300177],0.754698[0.306806],0.769464[0.293057],76,0_54
Signal0,1[0],1[0],1[0],76,0_54
Hybridindex,17.496[1.13269],17.5[1.12177],17.4921[1.14317],77,0_54
Pref0,0.75525[0.305323],0.763959[0.303734],0.746798[0.306622],77,0_54
Signal0,1[0],1[0],1[0],77,0_54
Hybridindex,17.4937[1.16021],17.483[1.16809],17.5045[1.1522],78,0_54
Pref0,0.75575[0.305724],0.767535[0.303731],0.744012[0.307246],78,0_54
Signal0,1[0],1[0],1[0],78,0_54
Hybridindex,17.5038[1.16581],17.4678[1.18546],17.5415[1.14357],79,0_54
Pref0,0.756[0.302017],0.752683[0.311652],0.759487[0.291503],79,0_54
Signal0,1[0],1[0],1[0],79,0_54
Hybridindex,17.5233[1.15513],17.5592[1.15215],17.4887[1.15694],80,0_54
Pref0,0.751[0.305367],0.745659[0.303485],0.756121[0.307073],80,0_54
Signal0,1[0],1[0],1[0],80,0_54
Hybridindex,17.5302[1.14005],17.5657[1.14583],17.4966[1.1335],81,0_54
Pref0,0.75975[0.300674],0.75616[0.303704],0.763158[0.297729],81,0_54
Signal0,1[0],1[0],1[0],81,0_54
Hybridindex,17.5[1.13259],17.5069[1.10644],17.4939[1.15533],82,0_54
Pref0,0.763[0.30221],0.769639[0.290529],0.757089[0.312124],82,0_54
Signal0,1[0],1[0],1[0],82,0_54
Hybridindex,17.5192[1.13016],17.5812[1.13124],17.4654[1.12645],83,0_54
Pref0,0.76175[0.297257],0.767742[0.298441],0.756542[0.296126],83,0_54
Signal0,1[0],1[0],1[0],83,0_54
Hybridindex,17.5257[1.10768],17.5389[1.119],17.5138[1.09716],84,0_54
Pref0,0.77275[0.299136],0.768382[0.299997],0.776718[0.298297],84,0_54
Signal0,1[0],1[0],1[0],84,0_54
Hybridindex,17.5523[1.10731],17.5644[1.08762],17.54[1.12657],85,0_54
Pref0,0.765[0.297951],0.768232[0.297727],0.761762[0.298141],85,0_54
Signal0,1[0],1[0],1[0],85,0_54
Hybridindex,17.5837[1.06365],17.6031[1.06181],17.5635[1.06521],86,0_54
Pref0,0.76825[0.305233],0.761486[0.305221],0.775333[0.305084],86,0_54
Signal0,1[0],1[0],1[0],86,0_54
Hybridindex,17.6025[1.05652],17.6064[1.06313],17.5986[1.04992],87,0_54
Pref0,0.77275[0.289366],0.761546[0.295748],0.783865[0.282453],87,0_54
Signal0,1[0],1[0],1[0],87,0_54
Hybridindex,17.5877[1.05436],17.6016[1.03982],17.5741[1.06836],88,0_54
Pref0,0.7675[0.294862],0.767606[0.29976],0.767396[0.289942],88,0_54
Signal0,1[0],1[0],1[0],88,0_54
Hybridindex,17.5565[1.09695],17.5437[1.10292],17.5692[1.09087],89,0_54
Pref0,0.78175[0.287214],0.787437[0.285835],0.776119[0.288463],89,0_54
Signal0,1[0],1[0],1[0],89,0_54
Hybridindex,17.5392[1.10706],17.5[1.10247],17.5783[1.11024],90,0_54
Pref0,0.7755[0.297657],0.77505[0.297364],0.775948[0.297948],90,0_54
Signal0,1[0],1[0],1[0],90,0_54
Hybridindex,17.5205[1.10728],17.5098[1.11424],17.5315[1.09995],91,0_54
Pref0,0.77525[0.296416],0.772638[0.290904],0.777947[0.301978],91,0_54
Signal0,1[0],1[0],1[0],91,0_54
Hybridindex,17.4975[1.10544],17.5166[1.09396],17.4787[1.11628],92,0_54
Pref0,0.76825[0.299444],0.772452[0.291899],0.764123[0.306619],92,0_54
Signal0,1[0],1[0],1[0],92,0_54
Hybridindex,17.5368[1.12595],17.5081[1.14309],17.5644[1.10844],93,0_54
Pref0,0.781[0.290756],0.772635[0.294807],0.789086[0.286554],93,0_54
Signal0,1[0],1[0],1[0],93,0_54
Hybridindex,17.522[1.14347],17.5302[1.13801],17.5139[1.14878],94,0_54
Pref0,0.769[0.29898],0.768844[0.297956],0.769154[0.29999],94,0_54
Signal0,1[0],1[0],1[0],94,0_54
Hybridindex,17.5003[1.12211],17.4838[1.11303],17.5163[1.13065],95,0_54
Pref0,0.7705[0.301794],0.77153[0.304026],0.769497[0.299601],95,0_54
Signal0,1[0],1[0],1[0],95,0_54
Hybridindex,17.5038[1.13693],17.5[1.14711],17.5074[1.12699],96,0_54
Pref0,0.76125[0.300622],0.746185[0.309929],0.775811[0.290602],96,0_54
Signal0,1[0],1[0],1[0],96,0_54
Hybridindex,17.501[1.15022],17.5274[1.14807],17.4724[1.15185],97,0_54
Pref0,0.77875[0.291845],0.774302[0.294845],0.783559[0.288489],97,0_54
Signal0,1[0],1[0],1[0],97,0_54
Hybridindex,17.5215[1.12563],17.5636[1.13627],17.4802[1.11353],98,0_54
Pref0,0.77225[0.304967],0.77447[0.301098],0.770069[0.308704],98,0_54
Signal0,1[0],1[0],1[0],98,0_54
Hybridindex,17.5218[1.11743],17.5394[1.10497],17.5053[1.12865],99,0_54
Pref0,0.7715[0.291183],0.774378[0.285684],0.768822[0.296184],99,0_54
Signal0,1[0],1[0],1[0],99,0_54
Hybridindex,17.518[1.10099],17.4854[1.10891],17.5502[1.09213],100,0_54
Pref0,0.77125[0.295886],0.769347[0.29282],0.773134[0.298878],100,0_54
Signal0,1[0],1[0],1[0],100,0_54
Hybridindex,12.72[8.19156],12.6429[8.22236],12.7941[8.16117],1,0_55
Pref0,0.636[0.409578],0.632143[0.411118],0.639706[0.408058],1,0_55
Signal0,0.636[0.409578],0.632143[0.411118],0.639706[0.408058],1,0_55
Hybridindex,15.1267[6.12512],14.8978[6.22837],15.3641[6.00701],2,0_55
Pref0,0.75675[0.329324],0.743615[0.337685],0.770367[0.319858],2,0_55
Signal0,0.75725[0.339039],0.740668[0.346943],0.77444[0.329766],2,0_55
Hybridindex,17.09[3.83349],17.1297[3.93344],17.0498[3.72917],3,0_55
Pref0,0.85375[0.258333],0.856859[0.257854],0.850604[0.258779],3,0_55
Signal0,0.8775[0.240819],0.881213[0.237103],0.873742[0.244465],3,0_55
Hybridindex,17.727[2.404],17.7186[2.40584],17.7355[2.40213],4,0_55
Pref0,0.8775[0.233439],0.878244[0.233531],0.876754[0.233344],4,0_55
Signal0,0.9275[0.179565],0.932136[0.176982],0.922846[0.182004],4,0_55
Hybridindex,17.91[1.79677],17.9452[1.75299],17.8719[1.84228],5,0_55
Pref0,0.8825[0.229551],0.887019[0.226755],0.877604[0.232443],5,0_55
Signal0,0.96[0.136565],0.960577[0.136522],0.959375[0.136609],5,0_55
Hybridindex,17.9443[1.57266],17.9923[1.57926],17.8981[1.56492],6,0_55
Pref0,0.87725[0.230884],0.87334[0.233318],0.880999[0.228463],6,0_55
Signal0,0.977[0.105929],0.975996[0.106892],0.977963[0.104989],6,0_55
Hybridindex,17.9247[1.43735],17.9203[1.40655],17.9291[1.46737],7,0_55
Pref0,0.8835[0.224561],0.888778[0.219661],0.878244[0.229217],7,0_55
Signal0,0.991[0.0664756],0.991483[0.0646991],0.990519[0.0681955],7,0_55
Hybridindex,18.0068[1.32262],18.001[1.3017],18.0125[1.34332],8,0_55
Pref0,0.89175[0.218877],0.889332[0.216967],0.894183[0.220754],8,0_55
Signal0,0.9955[0.0472202],0.996012[0.044476],0.994985[0.0498234],8,0_55
Hybridindex,18.0095[1.24686],17.9909[1.26951],18.0277[1.22403],9,0_55
Pref0,0.8885[0.220947],0.88271[0.225732],0.894164[0.216015],9,0_55
Signal0,0.997[0.0386135],0.996967[0.0388263],0.997033[0.0384041],9,0_55
Hybridindex,18.0042[1.27234],17.9681[1.2995],18.0395[1.2443],10,0_55
Pref0,0.88825[0.21997],0.881459[0.224242],0.894867[0.215521],10,0_55
Signal0,0.99925[0.0193504],0.998987[0.0224846],0.999506[0.0157018],10,0_55
Hybridindex,17.9725[1.26649],18.0265[1.26967],17.9206[1.26125],11,0_55
Pref0,0.88175[0.228346],0.887755[0.218186],0.87598[0.237556],11,0_55
Signal0,0.99975[0.0111775],1[0],0.99951[0.0156479],11,0_55
Hybridindex,17.9462[1.22932],17.9348[1.21317],17.9573[1.24457],12,0_55
Pref0,0.8865[0.22275],0.885321[0.22542],0.887635[0.220144],12,0_55
Signal0,0.99975[0.0111775],0.99949[0.0159556],1[0],12,0_55
Hybridindex,17.9775[1.2485],17.9701[1.23705],17.9847[1.25949],13,0_55
Pref0,0.8835[0.225117],0.890467[0.21988],0.876726[0.229893],13,0_55
Signal0,1[0],1[0],1[0],13,0_55
Hybridindex,17.9883[1.20156],18.0283[1.17512],17.9491[1.2256],14,0_55
Pref0,0.875[0.227761],0.874621[0.22698],0.875371[0.228522],14,0_55
Signal0,1[0],1[0],1[0],14,0_55
Hybridindex,17.9745[1.22886],17.9874[1.23054],17.9619[1.22708],15,0_55
Pref0,0.86675[0.235307],0.865152[0.24047],0.868317[0.230123],15,0_55
Signal0,1[0],1[0],1[0],15,0_55
Hybridindex,17.995[1.21026],17.9651[1.22592],18.0234[1.19453],16,0_55
Pref0,0.8695[0.23605],0.868962[0.23238],0.87001[0.239474],16,0_55
Signal0,1[0],1[0],1[0],16,0_55
Hybridindex,18.0435[1.20483],18.014[1.21007],18.0751[1.19839],17,0_55
Pref0,0.86475[0.241521],0.869923[0.234283],0.859213[0.248917],17,0_55
Signal0,1[0],1[0],1[0],17,0_55
Hybridindex,18.0278[1.16977],17.9965[1.20486],18.0589[1.1328],18,0_55
Pref0,0.87025[0.23883],0.875876[0.232729],0.864635[0.244639],18,0_55
Signal0,1[0],1[0],1[0],18,0_55
Hybridindex,18.0245[1.15451],18.0035[1.17861],18.045[1.13001],19,0_55
Pref0,0.873[0.233711],0.882323[0.224825],0.863861[0.241757],19,0_55
Signal0,1[0],1[0],1[0],19,0_55
Hybridindex,18.02[1.15276],18.0101[1.16718],18.0298[1.13831],20,0_55
Pref0,0.87225[0.232497],0.866935[0.237459],0.87748[0.227388],20,0_55
Signal0,1[0],1[0],1[0],20,0_55
Hybridindex,17.9992[1.2038],18.0078[1.18682],17.9903[1.22125],21,0_55
Pref0,0.881[0.232032],0.880743[0.234907],0.881269[0.228983],21,0_55
Signal0,1[0],1[0],1[0],21,0_55
Hybridindex,18.0123[1.19257],17.9851[1.19157],18.0398[1.19295],22,0_55
Pref0,0.87125[0.235687],0.874379[0.232338],0.868077[0.238993],22,0_55
Signal0,1[0],1[0],1[0],22,0_55
Hybridindex,17.983[1.17875],17.9995[1.19466],17.9656[1.16147],23,0_55
Pref0,0.873[0.229937],0.867575[0.234532],0.878726[0.224843],23,0_55
Signal0,1[0],1[0],1[0],23,0_55
Hybridindex,17.953[1.14479],17.9377[1.12497],17.9684[1.16418],24,0_55
Pref0,0.86975[0.239604],0.878365[0.234511],0.861083[0.244314],24,0_55
Signal0,1[0],1[0],1[0],24,0_55
Hybridindex,17.9962[1.12699],17.991[1.14356],18.0015[1.11019],25,0_55
Pref0,0.8665[0.241718],0.858358[0.248535],0.874625[0.234437],25,0_55
Signal0,1[0],1[0],1[0],25,0_55
Hybridindex,17.9827[1.16933],18.0298[1.16377],17.9381[1.17284],26,0_55
Pref0,0.875[0.23585],0.876283[0.232922],0.873782[0.238589],26,0_55
Signal0,1[0],1[0],1[0],26,0_55
Hybridindex,18.0495[1.11335],18.0767[1.0876],18.0231[1.13711],27,0_55
Pref0,0.87825[0.233028],0.880589[0.22926],0.875984[0.236597],27,0_55
Signal0,1[0],1[0],1[0],27,0_55
Hybridindex,17.991[1.16304],17.9926[1.16626],17.9894[1.15973],28,0_55
Pref0,0.88025[0.232454],0.878698[0.23094],0.881846[0.233991],28,0_55
Signal0,1[0],1[0],1[0],28,0_55
Hybridindex,18.0242[1.12995],18.0073[1.13942],18.04[1.12087],29,0_55
Pref0,0.8705[0.235541],0.869023[0.238012],0.871869[0.23322],29,0_55
Signal0,1[0],1[0],1[0],29,0_55
Hybridindex,18.0325[1.10338],18.0246[1.15337],18.0407[1.04909],30,0_55
Pref0,0.874[0.233718],0.877581[0.228304],0.870295[0.239133],30,0_55
Signal0,1[0],1[0],1[0],30,0_55
Hybridindex,18.0138[1.14245],18.0116[1.14309],18.0159[1.14181],31,0_55
Pref0,0.871[0.237401],0.876382[0.230348],0.865672[0.244065],31,0_55
Signal0,1[0],1[0],1[0],31,0_55
Hybridindex,18.0285[1.13278],18.0134[1.14141],18.0426[1.12446],32,0_55
Pref0,0.86875[0.238534],0.879007[0.229301],0.859148[0.246478],32,0_55
Signal0,1[0],1[0],1[0],32,0_55
Hybridindex,18.016[1.12505],18.0118[1.14265],18.02[1.10797],33,0_55
Pref0,0.85975[0.243834],0.858751[0.244714],0.860704[0.242986],33,0_55
Signal0,1[0],1[0],1[0],33,0_55
Hybridindex,17.9932[1.13262],17.9606[1.13092],18.0253[1.13338],34,0_55
Pref0,0.85275[0.250883],0.85671[0.247394],0.84886[0.254204],34,0_55
Signal0,1[0],1[0],1[0],34,0_55
Hybridindex,18.0237[1.1243],18.0106[1.13239],18.0381[1.11528],35,0_55
Pref0,0.85275[0.254347],0.855427[0.249864],0.849844[0.259094],35,0_55
Signal0,1[0],1[0],1[0],35,0_55
Hybridindex,18.0167[1.09663],18.0171[1.08471],18.0164[1.1083],36,0_55
Pref0,0.855[0.252933],0.848241[0.255757],0.861692[0.249926],36,0_55
Signal0,1[0],1[0],1[0],36,0_55
Hybridindex,17.9902[1.10353],18.0025[1.09592],17.9778[1.11112],37,0_55
Pref0,0.858[0.246142],0.856578[0.247047],0.859454[0.245205],37,0_55
Signal0,1[0],1[0],1[0],37,0_55
Hybridindex,18.0265[1.11727],18.0224[1.11315],18.0303[1.12106],38,0_55
Pref0,0.85775[0.246252],0.859521[0.239309],0.856112[0.252492],38,0_55
Signal0,1[0],1[0],1[0],38,0_55
Hybridindex,17.995[1.09315],17.975[1.10207],18.0167[1.08297],39,0_55
Pref0,0.8585[0.248451],0.860231[0.245837],0.856621[0.251244],39,0_55
Signal0,1[0],1[0],1[0],39,0_55
Hybridindex,17.982[1.10654],18.0055[1.11982],17.9589[1.09284],40,0_55
Pref0,0.85275[0.247876],0.848638[0.252726],0.856789[0.24295],40,0_55
Signal0,1[0],1[0],1[0],40,0_55
Hybridindex,17.99[1.11485],17.9888[1.15773],17.9912[1.07196],41,0_55
Pref0,0.84825[0.254651],0.847604[0.250315],0.848871[0.258755],41,0_55
Signal0,1[0],1[0],1[0],41,0_55
Hybridindex,17.9887[1.06501],18.0083[1.04323],17.9683[1.08689],42,0_55
Pref0,0.83875[0.260525],0.847209[0.252635],0.829928[0.268224],42,0_55
Signal0,1[0],1[0],1[0],42,0_55
Hybridindex,17.974[1.07614],17.97[1.07429],17.978[1.07797],43,0_55
Pref0,0.84625[0.255902],0.8475[0.254939],0.845[0.256856],43,0_55
Signal0,1[0],1[0],1[0],43,0_55
Hybridindex,17.9985[1.07889],18.0035[1.09399],17.9936[1.06379],44,0_55
Pref0,0.84125[0.254801],0.83871[0.256358],0.84375[0.253234],44,0_55
Signal0,1[0],1[0],1[0],44,0_55
Hybridindex,17.9805[1.1055],17.9897[1.10656],17.9708[1.10429],45,0_55
Pref0,0.83875[0.260525],0.840176[0.256144],0.837257[0.265027],45,0_55
Signal0,1[0],1[0],1[0],45,0_55
Hybridindex,17.996[1.07027],17.9944[1.08855],17.9975[1.05212],46,0_55
Pref0,0.83625[0.264218],0.831984[0.268278],0.840415[0.260125],46,0_55
Signal0,1[0],1[0],1[0],46,0_55
Hybridindex,18.0102[1.08571],18.0506[1.06199],17.97[1.10742],47,0_55
Pref0,0.83625[0.262318],0.844344[0.257122],0.828172[0.267159],47,0_55
Signal0,1[0],1[0],1[0],47,0_55
Hybridindex,17.9975[1.06934],18.0164[1.08396],17.9796[1.055],48,0_55
Pref0,0.8445[0.254106],0.841727[0.251666],0.847128[0.256368],48,0_55
Signal0,1[0],1[0],1[0],48,0_55
Hybridindex,17.9773[1.09549],17.9873[1.11626],17.9675[1.07483],49,0_55
Pref0,0.84625[0.253941],0.85142[0.243543],0.841223[0.263561],49,0_55
Signal0,1[0],1[0],1[0],49,0_55
Hybridindex,17.9887[1.08409],17.9914[1.0393],17.9859[1.1307],50,0_55
Pref0,0.83975[0.256797],0.845821[0.258393],0.83316[0.254891],50,0_55
Signal0,1[0],1[0],1[0],50,0_55
Hybridindex,18.0033[1.07534],17.9786[1.08538],18.0293[1.06401],51,0_55
Pref0,0.84125[0.258696],0.840467[0.254027],0.842078[0.263541],51,0_55
Signal0,1[0],1[0],1[0],51,0_55
Hybridindex,18.0155[1.08548],18[1.09063],18.0315[1.0799],52,0_55
Pref0,0.85125[0.251989],0.853346[0.245328],0.849085[0.258669],52,0_55
Signal0,1[0],1[0],1[0],52,0_55
Hybridindex,18.0222[1.109],17.9881[1.16752],18.0542[1.05027],53,0_55
Pref0,0.8445[0.260902],0.853154[0.253513],0.836399[0.26738],53,0_55
Signal0,1[0],1[0],1[0],53,0_55
Hybridindex,18.0042[1.0722],18.0235[1.05339],17.9842[1.0911],54,0_55
Pref0,0.83625[0.259925],0.840842[0.25975],0.831461[0.260021],54,0_55
Signal0,1[0],1[0],1[0],54,0_55
Hybridindex,17.9785[1.05168],17.9756[1.05101],17.9817[1.0524],55,0_55
Pref0,0.8305[0.264612],0.834132[0.267808],0.826541[0.261028],55,0_55
Signal0,1[0],1[0],1[0],55,0_55
Hybridindex,17.9705[1.068],17.9633[1.08154],17.9774[1.05473],56,0_55
Pref0,0.82925[0.270591],0.828921[0.269379],0.829568[0.271755],56,0_55
Signal0,1[0],1[0],1[0],56,0_55
Hybridindex,17.9647[1.07349],17.9704[1.05961],17.9589[1.08758],57,0_55
Pref0,0.83075[0.262639],0.828571[0.26573],0.832995[0.259397],57,0_55
Signal0,1[0],1[0],1[0],57,0_55
Hybridindex,17.9657[1.03837],17.9735[1.02333],17.9583[1.05258],58,0_55
Pref0,0.824[0.26744],0.825688[0.264619],0.822375[0.270118],58,0_55
Signal0,1[0],1[0],1[0],58,0_55
Hybridindex,17.9315[1.07066],17.952[1.04818],17.9123[1.09098],59,0_55
Pref0,0.82925[0.266401],0.822314[0.269753],0.835756[0.263052],59,0_55
Signal0,1[0],1[0],1[0],59,0_55
Hybridindex,17.9455[1.05867],17.9899[1.03723],17.9016[1.07763],60,0_55
Pref0,0.82725[0.264636],0.822938[0.259308],0.831511[0.269731],60,0_55
Signal0,1[0],1[0],1[0],60,0_55
Hybridindex,17.9348[1.08091],17.8956[1.11126],17.9751[1.04718],61,0_55
Pref0,0.82525[0.265683],0.829557[0.260755],0.820812[0.270595],61,0_55
Signal0,1[0],1[0],1[0],61,0_55
Hybridindex,17.9413[1.07839],17.9502[1.08687],17.9322[1.0697],62,0_55
Pref0,0.82525[0.269884],0.827191[0.267361],0.823293[0.27239],62,0_55
Signal0,1[0],1[0],1[0],62,0_55
Hybridindex,17.9885[1.0653],17.961[1.08949],18.016[1.03983],63,0_55
Pref0,0.8265[0.274587],0.8235[0.282131],0.8295[0.266795],63,0_55
Signal0,1[0],1[0],1[0],63,0_55
Hybridindex,18.0068[1.03009],18.0133[1.03806],18[1.0218],64,0_55
Pref0,0.825[0.274089],0.816881[0.282391],0.833333[0.265041],64,0_55
Signal0,1[0],1[0],1[0],64,0_55
Hybridindex,18.0338[1.05285],18.0178[1.09797],18.0484[1.00945],65,0_55
Pref0,0.826[0.261675],0.820794[0.264627],0.830777[0.258846],65,0_55
Signal0,1[0],1[0],1[0],65,0_55
Hybridindex,18.0332[1.07669],18.0564[1.06178],18.0116[1.09002],66,0_55
Pref0,0.8285[0.261893],0.832472[0.256982],0.824782[0.266354],66,0_55
Signal0,1[0],1[0],1[0],66,0_55
Hybridindex,18.0128[1.06722],18.0382[1.02976],17.9876[1.10241],67,0_55
Pref0,0.82925[0.267338],0.836519[0.258038],0.822068[0.276031],67,0_55
Signal0,1[0],1[0],1[0],67,0_55
Hybridindex,18.0005[1.05783],18.0152[1.07343],17.9862[1.0422],68,0_55
Pref0,0.8185[0.269829],0.819149[0.265298],0.817868[0.27417],68,0_55
Signal0,1[0],1[0],1[0],68,0_55
Hybridindex,17.9932[1.05857],17.923[1.09209],18.0617[1.02023],69,0_55
Pref0,0.82875[0.267485],0.829787[0.26991],0.827739[0.265098],69,0_55
Signal0,1[0],1[0],1[0],69,0_55
Hybridindex,17.9885[1.06436],17.9985[1.08529],17.9787[1.04331],70,0_55
Pref0,0.823[0.26631],0.823411[0.262136],0.822597[0.270346],70,0_55
Signal0,1[0],1[0],1[0],70,0_55
Hybridindex,18.0117[1.05581],18.0097[1.06175],18.014[1.04938],71,0_55
Pref0,0.82775[0.266843],0.828668[0.266064],0.826763[0.267673],71,0_55
Signal0,1[0],1[0],1[0],71,0_55
Hybridindex,17.998[1.0583],17.988[1.06976],18.0089[1.04555],72,0_55
Pref0,0.8365[0.262712],0.837967[0.261122],0.834901[0.264426],72,0_55
Signal0,1[0],1[0],1[0],72,0_55
Hybridindex,17.9875[1.05112],17.9976[1.08288],17.977[1.01683],73,0_55
Pref0,0.8505[0.251296],0.847698[0.252446],0.853422[0.250058],73,0_55
Signal0,1[0],1[0],1[0],73,0_55
Hybridindex,17.969[1.06597],18.0046[1.06402],17.9349[1.06672],74,0_55
Pref0,0.84325[0.256036],0.834867[0.263842],0.851272[0.248072],74,0_55
Signal0,1[0],1[0],1[0],74,0_55
Hybridindex,17.957[1.06508],18.0062[1.07985],17.903[1.046],75,0_55
Pref0,0.83675[0.260719],0.840822[0.2619],0.832285[0.259344],75,0_55
Signal0,1[0],1[0],1[0],75,0_55
Hybridindex,17.9415[1.06305],17.9393[1.05035],17.9435[1.07434],76,0_55
Pref0,0.83[0.266646],0.826294[0.274151],0.833333[0.259666],76,0_55
Signal0,1[0],1[0],1[0],76,0_55
Hybridindex,17.9683[1.07535],17.9334[1.06486],18.0051[1.0851],77,0_55
Pref0,0.82975[0.267656],0.83463[0.261668],0.824588[0.273753],77,0_55
Signal0,1[0],1[0],1[0],77,0_55
Hybridindex,17.9605[1.1002],17.9416[1.09424],17.9788[1.10565],78,0_55
Pref0,0.82875[0.269348],0.837563[0.256905],0.820197[0.280633],78,0_55
Signal0,1[0],1[0],1[0],78,0_55
Hybridindex,17.9578[1.06927],17.9661[1.06924],17.9493[1.06923],79,0_55
Pref0,0.82375[0.26327],0.826195[0.262953],0.821285[0.263565],79,0_55
Signal0,1[0],1[0],1[0],79,0_55
Hybridindex,17.9073[1.08202],17.8827[1.08257],17.9327[1.08086],80,0_55
Pref0,0.8245[0.267768],0.832679[0.260636],0.816004[0.274723],80,0_55
Signal0,1[0],1[0],1[0],80,0_55
Hybridindex,17.871[1.0816],17.855[1.06387],17.8855[1.09726],81,0_55
Pref0,0.8325[0.261139],0.838235[0.256406],0.82729[0.265259],81,0_55
Signal0,1[0],1[0],1[0],81,0_55
Hybridindex,17.839[1.07974],17.8532[1.05448],17.8239[1.10583],82,0_55
Pref0,0.841[0.255869],0.835756[0.263052],0.846591[0.24786],82,0_55
Signal0,1[0],1[0],1[0],82,0_55
Hybridindex,17.828[1.09461],17.8709[1.09159],17.7825[1.09596],83,0_55
Pref0,0.83925[0.257458],0.83301[0.253668],0.845876[0.261259],83,0_55
Signal0,1[0],1[0],1[0],83,0_55
Hybridindex,17.802[1.13921],17.7983[1.14187],17.8053[1.13678],84,0_55
Pref0,0.838[0.259819],0.842437[0.254921],0.833969[0.264125],84,0_55
Signal0,1[0],1[0],1[0],84,0_55
Hybridindex,17.7635[1.12063],17.774[1.1148],17.753[1.12631],85,0_55
Pref0,0.84225[0.254931],0.84018[0.251765],0.844311[0.25803],85,0_55
Signal0,1[0],1[0],1[0],85,0_55
Hybridindex,17.7763[1.11683],17.7994[1.10167],17.752[1.13195],86,0_55
Pref0,0.85[0.250998],0.849315[0.247877],0.850716[0.254217],86,0_55
Signal0,1[0],1[0],1[0],86,0_55
Hybridindex,17.7928[1.08313],17.7547[1.04746],17.8315[1.11695],87,0_55
Pref0,0.85475[0.241924],0.852825[0.239537],0.85671[0.244316],87,0_55
Signal0,1[0],1[0],1[0],87,0_55
Hybridindex,17.7808[1.09513],17.7875[1.08503],17.7739[1.10524],88,0_55
Pref0,0.852[0.248689],0.847567[0.24683],0.856495[0.250479],88,0_55
Signal0,1[0],1[0],1[0],88,0_55
Hybridindex,17.7828[1.0814],17.8193[1.06011],17.7452[1.10156],89,0_55
Pref0,0.8475[0.253956],0.846002[0.254236],0.849037[0.253659],89,0_55
Signal0,1[0],1[0],1[0],89,0_55
Hybridindex,17.7945[1.07483],17.8352[1.11329],17.7554[1.03503],90,0_55
Pref0,0.84225[0.253949],0.838265[0.253778],0.846078[0.254054],90,0_55
Signal0,1[0],1[0],1[0],90,0_55
Hybridindex,17.8143[1.05883],17.8117[1.05245],17.8168[1.06518],91,0_55
Pref0,0.835[0.263201],0.833666[0.266429],0.836336[0.25992],91,0_55
Signal0,1[0],1[0],1[0],91,0_55
Hybridindex,17.8038[1.07813],17.8097[1.06946],17.7977[1.08693],92,0_55
Pref0,0.82775[0.268244],0.822978[0.273725],0.832657[0.262397],92,0_55
Signal0,1[0],1[0],1[0],92,0_55
Hybridindex,17.799[1.12521],17.8096[1.12594],17.7889[1.12442],93,0_55
Pref0,0.82325[0.268579],0.816786[0.272793],0.829423[0.264343],93,0_55
Signal0,1[0],1[0],1[0],93,0_55
Hybridindex,17.82[1.10842],17.8301[1.10174],17.81[1.11487],94,0_55
Pref0,0.823[0.268647],0.81754[0.269361],0.828373[0.267833],94,0_55
Signal0,1[0],1[0],1[0],94,0_55
Hybridindex,17.8395[1.1095],17.8169[1.11914],17.8609[1.09988],95,0_55
Pref0,0.81825[0.270355],0.818416[0.265856],0.818093[0.274541],95,0_55
Signal0,1[0],1[0],1[0],95,0_55
Hybridindex,17.8953[1.09757],17.8908[1.10676],17.8998[1.08815],96,0_55
Pref0,0.82275[0.275604],0.82721[0.272788],0.818228[0.278357],96,0_55
Signal0,1[0],1[0],1[0],96,0_55
Hybridindex,17.8543[1.09824],17.8873[1.10082],17.8199[1.0945],97,0_55
Pref0,0.82225[0.274827],0.822549[0.276323],0.821939[0.273261],97,0_55
Signal0,1[0],1[0],1[0],97,0_55
Hybridindex,17.8355[1.08694],17.7968[1.08299],17.8745[1.08952],98,0_55
Pref0,0.81375[0.277824],0.805279[0.284356],0.822289[0.270811],98,0_55
Signal0,1[0],1[0],1[0],98,0_55
Hybridindex,17.8263[1.07549],17.7895[1.10911],17.8625[1.04001],99,0_55
Pref0,0.81025[0.27179],0.80715[0.276322],0.813307[0.267211],99,0_55
Signal0,1[0],1[0],1[0],99,0_55
Hybridindex,17.8017[1.05822],17.8243[1.04813],17.7788[1.06792],100,0_55
Pref0,0.809[0.277523],0.80495[0.277141],0.813131[0.277851],100,0_55
Signal0,1[0],1[0],1[0],100,0_55
Hybridindex,12.83[8.23354],12.7778[8.20852],12.887[8.26039],1,0_56
Pref0,0.6415[0.411677],0.638889[0.410426],0.644351[0.41302],1,0_56
Signal0,0.6415[0.411677],0.638889[0.410426],0.644351[0.41302],1,0_56
Hybridindex,15.5545[5.91792],15.491[5.95684],15.6178[5.87822],2,0_56
Pref0,0.77525[0.324981],0.774048[0.325592],0.776447[0.324367],2,0_56
Signal0,0.77775[0.323234],0.77004[0.330443],0.785429[0.315702],2,0_56
Hybridindex,17.1717[3.78545],17.1531[3.66591],17.1911[3.90494],3,0_56
Pref0,0.85025[0.263534],0.850886[0.256143],0.849593[0.270951],3,0_56
Signal0,0.877[0.241601],0.874508[0.242505],0.879573[0.240636],3,0_56
Hybridindex,17.7628[2.59178],17.7336[2.58369],17.7942[2.60013],4,0_56
Pref0,0.886[0.229138],0.877168[0.237579],0.89553[0.219266],4,0_56
Signal0,0.93575[0.175348],0.940751[0.168886],0.930353[0.18191],4,0_56
Hybridindex,17.971[1.88186],17.9475[1.9199],17.9932[1.8449],5,0_56
Pref0,0.904[0.207446],0.896605[0.214828],0.910992[0.199965],5,0_56
Signal0,0.9645[0.128412],0.962449[0.131779],0.96644[0.125115],5,0_56
Hybridindex,18.0362[1.5772],18.0136[1.57184],18.0603[1.58251],6,0_56
Pref0,0.89975[0.208746],0.90534[0.205555],0.893814[0.21192],6,0_56
Signal0,0.985[0.0852936],0.981068[0.0954337],0.989175[0.0727681],6,0_56
Hybridindex,18.0145[1.44777],18.0404[1.39498],17.9897[1.49613],7,0_56
Pref0,0.89675[0.214975],0.901329[0.20902],0.892368[0.220435],7,0_56
Signal0,0.99425[0.0533098],0.99591[0.0450362],0.992661[0.0601284],7,0_56
Hybridindex,18.08[1.31248],18.0835[1.29845],18.0764[1.32669],8,0_56
Pref0,0.892[0.219285],0.88587[0.222428],0.898279[0.215838],8,0_56
Signal0,0.99425[0.0533098],0.994565[0.0518445],0.993927[0.0547682],8,0_56
Hybridindex,18.0938[1.22407],18.0891[1.20935],18.0984[1.23856],9,0_56
Pref0,0.8855[0.227793],0.887888[0.22247],0.883117[0.23296],9,0_56
Signal0,0.9965[0.0416863],0.997497[0.0352844],0.995504[0.0471969],9,0_56
Hybridindex,18.072[1.19324],18.0623[1.19234],18.0818[1.19406],10,0_56
Pref0,0.88625[0.222903],0.880478[0.225729],0.892068[0.219865],10,0_56
Signal0,0.99675[0.0401801],0.997012[0.0385369],0.996486[0.0417694],10,0_56
Hybridindex,18.0347[1.19663],18.0346[1.17615],18.0349[1.21668],11,0_56
Pref0,0.88925[0.221606],0.897796[0.213697],0.880739[0.228896],11,0_56
Signal0,0.999[0.0223383],0.999499[0.0158193],0.998503[0.0273178],11,0_56
Hybridindex,18.0353[1.18833],18.0257[1.2076],18.0447[1.16894],12,0_56
Pref0,0.89875[0.21301],0.896777[0.212096],0.900695[0.213891],12,0_56
Signal0,0.999[0.0223383],0.998489[0.0274409],0.999503[0.0157485],12,0_56
Hybridindex,18.0467[1.18298],18.0399[1.15793],18.0541[1.20943],13,0_56
Pref0,0.903[0.209979],0.901829[0.211522],0.904266[0.208289],13,0_56
Signal0,1[0],1[0],1[0],13,0_56
Hybridindex,18.0583[1.16436],18.0762[1.13482],18.0387[1.19542],14,0_56
Pref0,0.899[0.212836],0.895494[0.212524],0.902821[0.213109],14,0_56
Signal0,1[0],1[0],1[0],14,0_56
Hybridindex,18.0493[1.16284],18.0129[1.17819],18.0834[1.14718],15,0_56
Pref0,0.899[0.211066],0.898349[0.212454],0.899612[0.209752],15,0_56
Signal0,1[0],1[0],1[0],15,0_56
Hybridindex,17.9915[1.16584],17.9819[1.19],18.0015[1.14006],16,0_56
Pref0,0.8975[0.212706],0.894608[0.215617],0.90051[0.209591],16,0_56
Signal0,1[0],1[0],1[0],16,0_56
Hybridindex,17.9922[1.139],17.9821[1.15154],18.0025[1.12609],17,0_56
Pref0,0.898[0.215281],0.900498[0.211721],0.895477[0.21879],17,0_56
Signal0,1[0],1[0],1[0],17,0_56
Hybridindex,18.0145[1.14501],18.0507[1.18077],17.9772[1.1057],18,0_56
Pref0,0.8945[0.217071],0.893103[0.221174],0.895939[0.21275],18,0_56
Signal0,1[0],1[0],1[0],18,0_56
Hybridindex,18.03[1.14427],18.0469[1.08143],18.0127[1.205],19,0_56
Pref0,0.886[0.228044],0.891304[0.223482],0.880567[0.232498],19,0_56
Signal0,1[0],1[0],1[0],19,0_56
Hybridindex,18.0075[1.11409],17.9706[1.09724],18.0422[1.12857],20,0_56
Pref0,0.8795[0.226891],0.880682[0.226062],0.878391[0.227661],20,0_56
Signal0,1[0],1[0],1[0],20,0_56
Hybridindex,18.0095[1.13926],18.0213[1.15758],17.998[1.12111],21,0_56
Pref0,0.89125[0.218056],0.895325[0.21555],0.887303[0.220384],21,0_56
Signal0,1[0],1[0],1[0],21,0_56
Hybridindex,17.9868[1.14377],17.9683[1.14472],18.0038[1.14261],22,0_56
Pref0,0.887[0.223004],0.881894[0.230018],0.891723[0.216208],22,0_56
Signal0,1[0],1[0],1[0],22,0_56
Hybridindex,18.0055[1.14279],18.0093[1.15815],18.0015[1.12647],23,0_56
Pref0,0.88475[0.226036],0.889052[0.227952],0.880246[0.223924],23,0_56
Signal0,1[0],1[0],1[0],23,0_56
Hybridindex,18.015[1.11726],17.9985[1.10199],18.0321[1.13262],24,0_56
Pref0,0.88375[0.224412],0.880648[0.22655],0.886965[0.222129],24,0_56
Signal0,1[0],1[0],1[0],24,0_56
Hybridindex,18.022[1.11041],18.0187[1.07726],18.0252[1.14178],25,0_56
Pref0,0.88975[0.220726],0.890578[0.223227],0.888944[0.218259],25,0_56
Signal0,1[0],1[0],1[0],25,0_56
Hybridindex,17.9857[1.10314],17.9776[1.09387],17.9936[1.11196],26,0_56
Pref0,0.89125[0.222033],0.891039[0.217234],0.891454[0.226565],26,0_56
Signal0,1[0],1[0],1[0],26,0_56
Hybridindex,17.9718[1.09171],17.9961[1.0681],17.9457[1.11579],27,0_56
Pref0,0.88325[0.226924],0.884318[0.22848],0.88211[0.225244],27,0_56
Signal0,1[0],1[0],1[0],27,0_56
Hybridindex,17.9907[1.10862],17.9881[1.11509],17.9934[1.10198],28,0_56
Pref0,0.88725[0.224527],0.889604[0.215583],0.884848[0.233274],28,0_56
Signal0,1[0],1[0],1[0],28,0_56
Hybridindex,18.0297[1.10238],18.0869[1.05891],17.9757[1.13932],29,0_56
Pref0,0.88075[0.22562],0.877572[0.226648],0.883755[0.224602],29,0_56
Signal0,1[0],1[0],1[0],29,0_56
Hybridindex,18.0435[1.04348],18.068[1.03202],18.0186[1.05442],30,0_56
Pref0,0.886[0.227495],0.881944[0.231351],0.890121[0.223434],30,0_56
Signal0,1[0],1[0],1[0],30,0_56
Hybridindex,18.0437[1.09657],18.0627[1.09774],18.0246[1.09505],31,0_56
Pref0,0.88675[0.224275],0.895522[0.216324],0.877889[0.231694],31,0_56
Signal0,1[0],1[0],1[0],31,0_56
Hybridindex,18.0545[1.04333],18.0479[1.03299],18.0611[1.05356],32,0_56
Pref0,0.8795[0.227991],0.884731[0.226569],0.874248[0.229289],32,0_56
Signal0,1[0],1[0],1[0],32,0_56
Hybridindex,18.0525[1.02652],18.0642[0.985294],18.0409[1.06579],33,0_56
Pref0,0.8725[0.238209],0.871113[0.243652],0.873878[0.232665],33,0_56
Signal0,1[0],1[0],1[0],33,0_56
Hybridindex,18.0117[1.06758],18.0174[1.05853],18.0067[1.07569],34,0_56
Pref0,0.86575[0.241561],0.867368[0.239052],0.864286[0.243801],34,0_56
Signal0,1[0],1[0],1[0],34,0_56
Hybridindex,18.029[1.05281],17.9868[1.05874],18.0734[1.04469],35,0_56
Pref0,0.871[0.236873],0.872807[0.240109],0.869097[0.233401],35,0_56
Signal0,1[0],1[0],1[0],35,0_56
Hybridindex,18.0385[1.04356],18.0616[1.03855],18.0131[1.04845],36,0_56
Pref0,0.87[0.235797],0.855778[0.246702],0.885624[0.222155],36,0_56
Signal0,1[0],1[0],1[0],36,0_56
Hybridindex,18.0587[1.07769],18.0815[1.05007],18.0376[1.1023],37,0_56
Pref0,0.8665[0.245312],0.871236[0.239056],0.862102[0.250901],37,0_56
Signal0,1[0],1[0],1[0],37,0_56
Hybridindex,18.052[1.04919],18.0526[1.05717],18.0514[1.04116],38,0_56
Pref0,0.869[0.239456],0.864865[0.241485],0.873127[0.237341],38,0_56
Signal0,1[0],1[0],1[0],38,0_56
Hybridindex,18.0622[1.05226],18.0346[1.04246],18.0898[1.06121],39,0_56
Pref0,0.86475[0.242038],0.862725[0.24251],0.866766[0.24155],39,0_56
Signal0,1[0],1[0],1[0],39,0_56
Hybridindex,18.0645[1.03939],18.0566[1.01248],18.0719[1.06411],40,0_56
Pref0,0.863[0.243374],0.867147[0.241992],0.859086[0.244607],40,0_56
Signal0,1[0],1[0],1[0],40,0_56
Hybridindex,18.0547[1.03387],18.0544[1.05611],18.0551[1.01145],41,0_56
Pref0,0.8725[0.232366],0.878147[0.228299],0.866931[0.236174],41,0_56
Signal0,1[0],1[0],1[0],41,0_56
Hybridindex,18.0635[1.03185],18.0412[1.08157],18.0851[0.980813],42,0_56
Pref0,0.86475[0.246135],0.868902[0.241919],0.860728[0.250085],42,0_56
Signal0,1[0],1[0],1[0],42,0_56
Hybridindex,18.0953[1.04226],18.0942[1.05034],18.0963[1.03398],43,0_56
Pref0,0.86975[0.235924],0.870536[0.23328],0.868952[0.238577],43,0_56
Signal0,1[0],1[0],1[0],43,0_56
Hybridindex,18.0993[1.00686],18.1273[1.03088],18.0722[0.982381],44,0_56
Pref0,0.87575[0.230623],0.867108[0.241785],0.884086[0.218995],44,0_56
Signal0,1[0],1[0],1[0],44,0_56
Hybridindex,18.1197[1.01429],18.1024[1.00888],18.1373[1.01943],45,0_56
Pref0,0.88625[0.222342],0.880219[0.225855],0.892354[0.21856],45,0_56
Signal0,1[0],1[0],1[0],45,0_56
Hybridindex,18.1498[0.984733],18.1313[0.990083],18.1682[0.979029],46,0_56
Pref0,0.88425[0.224114],0.878758[0.231163],0.889721[0.216726],46,0_56
Signal0,1[0],1[0],1[0],46,0_56
Hybridindex,18.1307[0.995002],18.1587[0.995986],18.1034[0.993275],47,0_56
Pref0,0.88475[0.226589],0.884226[0.223706],0.885262[0.229372],47,0_56
Signal0,1[0],1[0],1[0],47,0_56
Hybridindex,18.0877[1.01251],18.0957[1.02063],18.0797[1.00421],48,0_56
Pref0,0.8825[0.231179],0.87986[0.234751],0.885155[0.227499],48,0_56
Signal0,1[0],1[0],1[0],48,0_56
Hybridindex,18.099[1.02174],18.0683[1.02668],18.1295[1.01589],49,0_56
Pref0,0.87875[0.235952],0.870482[0.240882],0.886952[0.230665],49,0_56
Signal0,1[0],1[0],1[0],49,0_56
Hybridindex,18.1073[1.01876],18.1069[1.02795],18.1076[1.00903],50,0_56
Pref0,0.8855[0.226693],0.88623[0.226419],0.884734[0.226978],50,0_56
Signal0,1[0],1[0],1[0],50,0_56
Hybridindex,18.1043[1.0408],18.1322[1.04707],18.0766[1.03381],51,0_56
Pref0,0.8845[0.227288],0.88794[0.229168],0.881095[0.225359],51,0_56
Signal0,1[0],1[0],1[0],51,0_56
Hybridindex,18.1197[1.0456],18.1359[1.03663],18.1044[1.05383],52,0_56
Pref0,0.88025[0.232991],0.872308[0.24464],0.887805[0.221078],52,0_56
Signal0,1[0],1[0],1[0],52,0_56
Hybridindex,18.1355[1.0509],18.1582[1.00736],18.112[1.09371],53,0_56
Pref0,0.8765[0.232374],0.873772[0.234604],0.879328[0.230006],53,0_56
Signal0,1[0],1[0],1[0],53,0_56
Hybridindex,18.153[1.01111],18.1968[1.01347],18.1106[1.00701],54,0_56
Pref0,0.8785[0.229102],0.884028[0.227283],0.873156[0.230721],54,0_56
Signal0,1[0],1[0],1[0],54,0_56
Hybridindex,18.1762[1.00812],18.162[0.992186],18.1914[1.02459],55,0_56
Pref0,0.871[0.234753],0.873909[0.232242],0.867905[0.237357],55,0_56
Signal0,1[0],1[0],1[0],55,0_56
Hybridindex,18.1513[1.02054],18.1309[1.02363],18.1724[1.01688],56,0_56
Pref0,0.874[0.232108],0.870588[0.23309],0.877551[0.231027],56,0_56
Signal0,1[0],1[0],1[0],56,0_56
Hybridindex,18.145[1.0397],18.1519[1.03168],18.1387[1.04698],57,0_56
Pref0,0.8825[0.22846],0.885699[0.219684],0.879559[0.236202],57,0_56
Signal0,1[0],1[0],1[0],57,0_56
Hybridindex,18.1405[1.00362],18.1068[1.00835],18.1749[0.99759],58,0_56
Pref0,0.893[0.215177],0.897626[0.210163],0.888271[0.220084],58,0_56
Signal0,1[0],1[0],1[0],58,0_56
Hybridindex,18.1693[1.0092],18.1687[1.02982],18.1697[0.989418],59,0_56
Pref0,0.888[0.221824],0.884933[0.225834],0.890883[0.217949],59,0_56
Signal0,1[0],1[0],1[0],59,0_56
Hybridindex,18.1625[1.00702],18.1941[1.01023],18.133[1.00312],60,0_56
Pref0,0.892[0.215258],0.894928[0.217232],0.889265[0.213361],60,0_56
Signal0,1[0],1[0],1[0],60,0_56
Hybridindex,18.1417[1.01835],18.1203[1.02114],18.1638[1.015],61,0_56
Pref0,0.89075[0.215498],0.898422[0.208397],0.88286[0.222288],61,0_56
Signal0,1[0],1[0],1[0],61,0_56
Hybridindex,18.1737[1.00047],18.2049[0.993584],18.144[1.00609],62,0_56
Pref0,0.8855[0.223919],0.891393[0.219415],0.879883[0.227987],62,0_56
Signal0,1[0],1[0],1[0],62,0_56
Hybridindex,18.1255[0.990076],18.1465[0.977679],18.1061[1.00097],63,0_56
Pref0,0.87925[0.223706],0.889468[0.214888],0.869837[0.231133],63,0_56
Signal0,1[0],1[0],1[0],63,0_56
Hybridindex,18.122[1.01458],18.1376[1.01419],18.1061[1.01472],64,0_56
Pref0,0.87775[0.232766],0.876733[0.232087],0.878788[0.233451],64,0_56
Signal0,1[0],1[0],1[0],64,0_56
Hybridindex,18.1217[0.986054],18.1201[0.974611],18.1233[0.996623],65,0_56
Pref0,0.8665[0.238595],0.874224[0.235266],0.859284[0.241441],65,0_56
Signal0,1[0],1[0],1[0],65,0_56
Hybridindex,18.0987[0.973845],18.0972[0.995753],18.1003[0.950597],66,0_56
Pref0,0.867[0.241477],0.861493[0.246728],0.872709[0.235774],66,0_56
Signal0,1[0],1[0],1[0],66,0_56
Hybridindex,18.0993[1.00263],18.1232[1.02068],18.0767[0.984807],67,0_56
Pref0,0.872[0.231011],0.875773[0.232159],0.868447[0.229868],67,0_56
Signal0,1[0],1[0],1[0],67,0_56
Hybridindex,18.0957[1.0006],18.0719[0.999141],18.1204[1.00151],68,0_56
Pref0,0.88075[0.231634],0.880413[0.229944],0.881098[0.233366],68,0_56
Signal0,1[0],1[0],1[0],68,0_56
Hybridindex,18.0525[1.03271],18.0613[1.02775],18.0439[1.03745],69,0_56
Pref0,0.87275[0.235441],0.872847[0.233454],0.872655[0.237361],69,0_56
Signal0,1[0],1[0],1[0],69,0_56
Hybridindex,18.0218[1.03134],18.0553[1.02192],17.9873[1.03978],70,0_56
Pref0,0.87125[0.234091],0.866732[0.231968],0.875887[0.236159],70,0_56
Signal0,1[0],1[0],1[0],70,0_56
Hybridindex,18.0263[1.02357],18.0532[0.983475],17.9963[1.06549],71,0_56
Pref0,0.8775[0.230204],0.872624[0.232632],0.882911[0.227357],71,0_56
Signal0,1[0],1[0],1[0],71,0_56
Hybridindex,18.0332[1.00151],18.0237[1.01101],18.0422[0.992413],72,0_56
Pref0,0.872[0.2353],0.865325[0.237538],0.878274[0.233003],72,0_56
Signal0,1[0],1[0],1[0],72,0_56
Hybridindex,18.0278[0.996547],17.9873[1.01262],18.0672[0.978994],73,0_56
Pref0,0.872[0.2353],0.864879[0.236393],0.878953[0.234018],73,0_56
Signal0,1[0],1[0],1[0],73,0_56
Hybridindex,18.0568[1.02184],18.0578[1.00473],18.0557[1.0385],74,0_56
Pref0,0.864[0.244957],0.858794[0.248433],0.869154[0.241356],74,0_56
Signal0,1[0],1[0],1[0],74,0_56
Hybridindex,18.077[1.0106],18.0383[1.02153],18.1162[0.9979],75,0_56
Pref0,0.866[0.238839],0.86332[0.241056],0.868712[0.236543],75,0_56
Signal0,1[0],1[0],1[0],75,0_56
Hybridindex,18.0885[1.04447],18.0828[1.04111],18.0946[1.04802],76,0_56
Pref0,0.861[0.245823],0.861084[0.243633],0.86091[0.248142],76,0_56
Signal0,1[0],1[0],1[0],76,0_56
Hybridindex,18.0985[1.03358],18.104[1.04816],18.0924[1.0171],77,0_56
Pref0,0.853[0.250781],0.850902[0.254292],0.855333[0.246797],77,0_56
Signal0,1[0],1[0],1[0],77,0_56
Hybridindex,18.114[1.04271],18.1193[1.06924],18.1089[1.0165],78,0_56
Pref0,0.84875[0.253965],0.83792[0.267562],0.859176[0.239688],78,0_56
Signal0,1[0],1[0],1[0],78,0_56
Hybridindex,18.095[1.02846],18.0796[1.06118],18.1102[0.994905],79,0_56
Pref0,0.85325[0.251176],0.86002[0.245898],0.846574[0.256099],79,0_56
Signal0,1[0],1[0],1[0],79,0_56
Hybridindex,18.086[1.02414],18.0567[1.05489],18.1162[0.990534],80,0_56
Pref0,0.85675[0.247698],0.860591[0.241146],0.852792[0.254213],80,0_56
Signal0,1[0],1[0],1[0],80,0_56
Hybridindex,18.1157[0.99598],18.1652[0.987908],18.0661[1.00157],81,0_56
Pref0,0.856[0.24802],0.86477[0.239399],0.847194[0.256083],81,0_56
Signal0,1[0],1[0],1[0],81,0_56
Hybridindex,18.133[0.966856],18.1542[0.945545],18.1121[0.986935],82,0_56
Pref0,0.854[0.245324],0.858367[0.245628],0.849702[0.244949],82,0_56
Signal0,1[0],1[0],1[0],82,0_56
Hybridindex,18.0918[0.999728],18.103[1.01826],18.0807[0.981095],83,0_56
Pref0,0.85175[0.253272],0.85202[0.258338],0.851485[0.248207],83,0_56
Signal0,1[0],1[0],1[0],83,0_56
Hybridindex,18.0935[1.0236],18.0956[1.0336],18.0915[1.01362],84,0_56
Pref0,0.846[0.254527],0.853622[0.249652],0.838469[0.259034],84,0_56
Signal0,1[0],1[0],1[0],84,0_56
Hybridindex,18.0353[1.05161],18.0262[1.06723],18.0438[1.03655],85,0_56
Pref0,0.8475[0.254939],0.854424[0.251847],0.840953[0.257657],85,0_56
Signal0,1[0],1[0],1[0],85,0_56
Hybridindex,18.0293[1.02787],17.9723[1.05586],18.0816[0.998591],86,0_56
Pref0,0.85125[0.251989],0.848643[0.256549],0.853647[0.247698],86,0_56
Signal0,1[0],1[0],1[0],86,0_56
Hybridindex,18.0248[1.00113],18.0316[0.995808],18.0186[1.00588],87,0_56
Pref0,0.8505[0.24779],0.843684[0.252435],0.856667[0.243346],87,0_56
Signal0,1[0],1[0],1[0],87,0_56
Hybridindex,18.0415[0.976359],18.0796[0.960954],18.002[0.990534],88,0_56
Pref0,0.852[0.253665],0.85609[0.250083],0.84776[0.257257],88,0_56
Signal0,1[0],1[0],1[0],88,0_56
Hybridindex,18.0445[0.998634],18.032[1.01241],18.057[0.984505],89,0_56
Pref0,0.8375[0.26428],0.834[0.263522],0.841[0.264989],89,0_56
Signal0,1[0],1[0],1[0],89,0_56
Hybridindex,18.0525[0.974804],18.0666[0.98094],18.0371[0.967839],90,0_56
Pref0,0.84325[0.258466],0.842761[0.262214],0.843783[0.254316],90,0_56
Signal0,1[0],1[0],1[0],90,0_56
Hybridindex,18.0523[0.965477],18.0452[0.947299],18.0598[0.984695],91,0_56
Pref0,0.84075[0.253504],0.836862[0.25507],0.844953[0.251733],91,0_56
Signal0,1[0],1[0],1[0],91,0_56
Hybridindex,18.0255[0.997672],17.9745[0.998909],18.0745[0.99402],92,0_56
Pref0,0.84725[0.251083],0.843878[0.249721],0.85049[0.252341],92,0_56
Signal0,1[0],1[0],1[0],92,0_56
Hybridindex,18.0033[1.02621],18.0194[1.00567],17.9878[1.0453],93,0_56
Pref0,0.84675[0.258146],0.861083[0.253892],0.833007[0.261424],93,0_56
Signal0,1[0],1[0],1[0],93,0_56
Hybridindex,17.9818[1.01417],17.9966[1.02577],17.9657[1.00123],94,0_56
Pref0,0.857[0.247085],0.854668[0.252142],0.859521[0.241473],94,0_56
Signal0,1[0],1[0],1[0],94,0_56
Hybridindex,17.9542[1.0055],17.9666[1.02973],17.9415[0.979644],95,0_56
Pref0,0.86325[0.242228],0.866273[0.240479],0.860122[0.243985],95,0_56
Signal0,1[0],1[0],1[0],95,0_56
Hybridindex,17.9345[1.0276],17.9303[0.966886],17.9385[1.08304],96,0_56
Pref0,0.86125[0.246218],0.861139[0.246637],0.861357[0.245813],96,0_56
Signal0,1[0],1[0],1[0],96,0_56
Hybridindex,17.9135[1.06232],17.9136[1.07124],17.9134[1.05287],97,0_56
Pref0,0.8625[0.249186],0.864746[0.242096],0.860143[0.256393],97,0_56
Signal0,1[0],1[0],1[0],97,0_56
Hybridindex,17.895[1.0482],17.8905[1.04846],17.8995[1.04793],98,0_56
Pref0,0.86425[0.237059],0.869[0.230952],0.8595[0.242919],98,0_56
Signal0,1[0],1[0],1[0],98,0_56
Hybridindex,17.8825[1.04711],17.9287[1.0701],17.8379[1.02247],99,0_56
Pref0,0.86325[0.241194],0.856925[0.248515],0.869352[0.233753],99,0_56
Signal0,1[0],1[0],1[0],99,0_56
Hybridindex,17.8445[1.06762],17.8383[1.09606],17.8506[1.03843],100,0_56
Pref0,0.858[0.247156],0.857357[0.244915],0.858641[0.24937],100,0_56
Signal0,1[0],1[0],1[0],100,0_56
Hybridindex,12.53[8.21578],12.4351[8.1563],12.6253[8.27398],1,0_57
Pref0,0.6265[0.410789],0.621756[0.407815],0.631263[0.413699],1,0_57
Signal0,0.6265[0.410789],0.621756[0.407815],0.631263[0.413699],1,0_57
Hybridindex,15.3652[5.88897],15.3377[5.85914],15.3929[5.91858],2,0_57
Pref0,0.7695[0.327673],0.765734[0.328187],0.773273[0.327114],2,0_57
Signal0,0.76525[0.330934],0.769231[0.328001],0.761261[0.3338],2,0_57
Hybridindex,16.9513[3.80299],16.7867[3.96009],17.11[3.63799],3,0_57
Pref0,0.846[0.259392],0.836558[0.268923],0.855108[0.249515],3,0_57
Signal0,0.868[0.244082],0.862016[0.251377],0.873772[0.236688],3,0_57
Hybridindex,17.6492[2.42304],17.6192[2.42827],17.6779[2.41768],4,0_57
Pref0,0.891[0.222191],0.893552[0.220331],0.888563[0.223926],4,0_57
Signal0,0.93725[0.170843],0.939611[0.164497],0.934995[0.176662],4,0_57
Hybridindex,17.7965[1.86597],17.9015[1.82542],17.6883[1.90079],5,0_57
Pref0,0.897[0.217695],0.903448[0.214127],0.890355[0.221115],5,0_57
Signal0,0.96725[0.124709],0.966502[0.126962],0.96802[0.12234],5,0_57
Hybridindex,17.8152[1.58406],17.8119[1.61403],17.8186[1.55338],6,0_57
Pref0,0.89975[0.20994],0.899202[0.210311],0.900301[0.209566],6,0_57
Signal0,0.98225[0.0925199],0.984032[0.087915],0.980461[0.0968905],6,0_57
Hybridindex,17.8418[1.44934],17.8536[1.43616],17.8294[1.46277],7,0_57
Pref0,0.902[0.213649],0.899804[0.218901],0.904277[0.208041],7,0_57
Signal0,0.98975[0.0708515],0.990668[0.0676678],0.988798[0.0739955],7,0_57
Hybridindex,17.8682[1.3842],17.8828[1.42913],17.8531[1.33567],8,0_57
Pref0,0.907[0.205185],0.903922[0.204327],0.910204[0.206026],8,0_57
Signal0,0.99525[0.0485019],0.994608[0.051643],0.995918[0.0449906],8,0_57
Hybridindex,17.896[1.30726],17.8891[1.30061],17.9031[1.31403],9,0_57
Pref0,0.90325[0.204974],0.905325[0.205715],0.901116[0.204187],9,0_57
Signal0,0.99625[0.0431386],0.997041[0.0383476],0.995436[0.0475512],9,0_57
Hybridindex,17.9282[1.24207],17.9511[1.23554],17.9053[1.24817],10,0_57
Pref0,0.90175[0.21029],0.899701[0.208765],0.903808[0.211791],10,0_57
Signal0,0.99825[0.0295286],0.997505[0.0352318],0.998998[0.0223606],10,0_57
Hybridindex,17.9028[1.24445],17.9051[1.23443],17.9005[1.2542],11,0_57
Pref0,0.90025[0.211955],0.901515[0.208767],0.89901[0.215027],11,0_57
Signal0,0.99875[0.0249687],1[0],0.997525[0.0350927],11,0_57
Hybridindex,17.9398[1.2474],17.9965[1.26014],17.8819[1.2316],12,0_57
Pref0,0.89625[0.215896],0.895937[0.214844],0.896569[0.216961],12,0_57
Signal0,0.9985[0.027345],0.999504[0.0157329],0.997477[0.0354258],12,0_57
Hybridindex,17.942[1.21187],17.9495[1.24032],17.9342[1.18149],13,0_57
Pref0,0.8965[0.217457],0.905882[0.207612],0.886735[0.226841],13,0_57
Signal0,0.997[0.0386135],0.997059[0.0382353],0.996939[0.0390031],13,0_57
Hybridindex,17.9605[1.18741],17.9794[1.20382],17.9417[1.17057],14,0_57
Pref0,0.895[0.217888],0.899699[0.208808],0.890329[0.226456],14,0_57
Signal0,0.998[0.0315595],0.998495[0.027386],0.997507[0.0352143],14,0_57
Hybridindex,17.9213[1.20257],17.927[1.19521],17.9151[1.21027],15,0_57
Pref0,0.8975[0.211527],0.891051[0.216754],0.904321[0.205635],15,0_57
Signal0,0.9995[0.0158035],0.999514[0.015587],0.999486[0.0160293],15,0_57
Hybridindex,17.9462[1.15963],17.9391[1.13749],17.9531[1.18034],16,0_57
Pref0,0.89175[0.218877],0.883316[0.227797],0.899804[0.209687],16,0_57
Signal0,1[0],1[0],1[0],16,0_57
Hybridindex,17.9868[1.12537],18.008[1.10461],17.9655[1.14532],17,0_57
Pref0,0.901[0.211421],0.901902[0.210786],0.9001[0.21205],17,0_57
Signal0,1[0],1[0],1[0],17,0_57
Hybridindex,18.0065[1.12892],17.9966[1.13142],18.017[1.12617],18,0_57
Pref0,0.902[0.207113],0.911079[0.194965],0.892379[0.218844],18,0_57
Signal0,1[0],1[0],1[0],18,0_57
Hybridindex,17.9943[1.15924],18.0015[1.20447],17.9871[1.11308],19,0_57
Pref0,0.9115[0.200419],0.905556[0.206997],0.917327[0.193577],19,0_57
Signal0,1[0],1[0],1[0],19,0_57
Hybridindex,17.966[1.18209],18.0015[1.17207],17.9305[1.19097],20,0_57
Pref0,0.90775[0.201531],0.904[0.206843],0.9115[0.196004],20,0_57
Signal0,1[0],1[0],1[0],20,0_57
Hybridindex,17.9922[1.14731],17.988[1.14895],17.9965[1.14564],21,0_57
Pref0,0.90275[0.208369],0.908367[0.2047],0.897088[0.211852],21,0_57
Signal0,1[0],1[0],1[0],21,0_57
Hybridindex,17.9985[1.16189],17.9804[1.17298],18.0164[1.15051],22,0_57
Pref0,0.8965[0.215726],0.896586[0.218033],0.896414[0.213413],22,0_57
Signal0,1[0],1[0],1[0],22,0_57
Hybridindex,18.015[1.15446],17.9929[1.1495],18.0367[1.1589],23,0_57
Pref0,0.901[0.213188],0.894551[0.22061],0.907334[0.205441],23,0_57
Signal0,1[0],1[0],1[0],23,0_57
Hybridindex,18.0248[1.14499],18.042[1.14581],18.0067[1.14386],24,0_57
Pref0,0.901[0.213188],0.908293[0.210411],0.893333[0.215803],24,0_57
Signal0,1[0],1[0],1[0],24,0_57
Hybridindex,18.0177[1.13669],17.9678[1.17396],18.0656[1.09763],25,0_57
Pref0,0.90375[0.208233],0.904494[0.202941],0.903036[0.213181],25,0_57
Signal0,1[0],1[0],1[0],25,0_57
Hybridindex,18.0422[1.14514],18.0131[1.1567],18.069[1.13379],26,0_57
Pref0,0.90875[0.202604],0.912657[0.201866],0.905172[0.203212],26,0_57
Signal0,1[0],1[0],1[0],26,0_57
Hybridindex,18.0587[1.10924],18.0512[1.12997],18.0669[1.08648],27,0_57
Pref0,0.911[0.203909],0.913127[0.201781],0.908714[0.206147],27,0_57
Signal0,1[0],1[0],1[0],27,0_57
Hybridindex,18.0983[1.1207],18.0801[1.10313],18.1162[1.13747],28,0_57
Pref0,0.9085[0.201563],0.909366[0.197779],0.907646[0.205223],28,0_57
Signal0,1[0],1[0],1[0],28,0_57
Hybridindex,18.0912[1.12829],18.0699[1.1268],18.112[1.12936],29,0_57
Pref0,0.91275[0.199405],0.91388[0.199238],0.911649[0.199562],29,0_57
Signal0,1[0],1[0],1[0],29,0_57
Hybridindex,18.106[1.13016],18.1157[1.13244],18.0968[1.1279],30,0_57
Pref0,0.909[0.199922],0.914534[0.196212],0.903715[0.203262],30,0_57
Signal0,1[0],1[0],1[0],30,0_57
Hybridindex,18.092[1.1403],18.0796[1.15053],18.1049[1.12945],31,0_57
Pref0,0.914[0.200883],0.907171[0.209024],0.921079[0.191823],31,0_57
Signal0,1[0],1[0],1[0],31,0_57
Hybridindex,18.0822[1.10843],18.1047[1.0942],18.0581[1.12301],32,0_57
Pref0,0.90525[0.209517],0.914093[0.198581],0.895747[0.220271],32,0_57
Signal0,1[0],1[0],1[0],32,0_57
Hybridindex,18.0837[1.09275],18.1209[1.07874],18.0469[1.10527],33,0_57
Pref0,0.89625[0.219342],0.894183[0.218471],0.898305[0.220186],33,0_57
Signal0,1[0],1[0],1[0],33,0_57
Hybridindex,18.0555[1.12491],18.0709[1.08689],18.0403[1.16105],34,0_57
Pref0,0.89925[0.216736],0.904427[0.210204],0.894135[0.222884],34,0_57
Signal0,1[0],1[0],1[0],34,0_57
Hybridindex,18.1038[1.06635],18.083[1.0666],18.1255[1.06566],35,0_57
Pref0,0.897[0.212464],0.899902[0.21077],0.893955[0.214185],35,0_57
Signal0,1[0],1[0],1[0],35,0_57
Hybridindex,18.0965[1.07631],18.1164[1.07501],18.0759[1.07726],36,0_57
Pref0,0.8915[0.222997],0.889489[0.226699],0.893585[0.219074],36,0_57
Signal0,1[0],1[0],1[0],36,0_57
Hybridindex,18.116[1.07833],18.1406[1.09659],18.0909[1.05879],37,0_57
Pref0,0.89[0.218861],0.887624[0.222487],0.892424[0.215071],37,0_57
Signal0,1[0],1[0],1[0],37,0_57
Hybridindex,18.1423[1.08023],18.1197[1.07382],18.1644[1.08601],38,0_57
Pref0,0.89[0.219431],0.898485[0.215668],0.881683[0.222744],38,0_57
Signal0,1[0],1[0],1[0],38,0_57
Hybridindex,18.1242[1.04627],18.1792[0.991561],18.0697[1.09514],39,0_57
Pref0,0.88725[0.228391],0.888554[0.224345],0.885956[0.232328],39,0_57
Signal0,1[0],1[0],1[0],39,0_57
Hybridindex,18.143[1.03733],18.1514[1.04427],18.1349[1.03054],40,0_57
Pref0,0.883[0.22762],0.882773[0.225804],0.883219[0.229355],40,0_57
Signal0,1[0],1[0],1[0],40,0_57
Hybridindex,18.15[1.05238],18.1642[1.03349],18.1358[1.07082],41,0_57
Pref0,0.87575[0.227897],0.882236[0.223615],0.869238[0.231934],41,0_57
Signal0,1[0],1[0],1[0],41,0_57
Hybridindex,18.1535[1.05389],18.1593[1.05119],18.1479[1.05643],42,0_57
Pref0,0.8815[0.22849],0.889857[0.216884],0.873535[0.238757],42,0_57
Signal0,1[0],1[0],1[0],42,0_57
Hybridindex,18.1442[1.04848],18.1634[1.02082],18.1249[1.07546],43,0_57
Pref0,0.887[0.220751],0.888779[0.220686],0.885196[0.220802],43,0_57
Signal0,1[0],1[0],1[0],43,0_57
Hybridindex,18.1432[1.04945],18.1648[1.02871],18.1218[1.06928],44,0_57
Pref0,0.88925[0.22217],0.892285[0.21625],0.886228[0.227873],44,0_57
Signal0,1[0],1[0],1[0],44,0_57
Hybridindex,18.137[1.05711],18.1167[1.07002],18.1572[1.0437],45,0_57
Pref0,0.8825[0.230638],0.889279[0.222743],0.875749[0.238049],45,0_57
Signal0,1[0],1[0],1[0],45,0_57
Hybridindex,18.1498[1.04113],18.1254[1.06179],18.1742[1.01943],46,0_57
Pref0,0.88525[0.22407],0.884116[0.228047],0.886386[0.220007],46,0_57
Signal0,1[0],1[0],1[0],46,0_57
Hybridindex,18.1373[1.02776],18.1604[1.03017],18.1126[1.02461],47,0_57
Pref0,0.88975[0.224655],0.887597[0.227604],0.892045[0.221445],47,0_57
Signal0,1[0],1[0],1[0],47,0_57
Hybridindex,18.141[1.04397],18.1279[1.06005],18.1543[1.0273],48,0_57
Pref0,0.8925[0.217241],0.887562[0.220345],0.897487[0.213945],48,0_57
Signal0,1[0],1[0],1[0],48,0_57
Hybridindex,18.1895[1.06646],18.189[1.079],18.1901[1.05314],49,0_57
Pref0,0.899[0.21459],0.893555[0.215143],0.904713[0.21386],49,0_57
Signal0,1[0],1[0],1[0],49,0_57
Hybridindex,18.1715[1.04658],18.1617[1.04991],18.1808[1.04332],50,0_57
Pref0,0.901[0.209043],0.898158[0.21608],0.903715[0.202057],50,0_57
Signal0,1[0],1[0],1[0],50,0_57
Hybridindex,18.2007[1.04059],18.2071[1.0352],18.1944[1.04593],51,0_57
Pref0,0.90075[0.209223],0.898204[0.20983],0.903307[0.208581],51,0_57
Signal0,1[0],1[0],1[0],51,0_57
Hybridindex,18.1857[1.04181],18.1963[1.05306],18.1747[1.02976],52,0_57
Pref0,0.9005[0.212367],0.89209[0.218361],0.909324[0.205521],52,0_57
Signal0,1[0],1[0],1[0],52,0_57
Hybridindex,18.1588[1.04088],18.1776[1.00474],18.1397[1.07581],53,0_57
Pref0,0.8955[0.214079],0.897512[0.212645],0.893467[0.215499],53,0_57
Signal0,1[0],1[0],1[0],53,0_57
Hybridindex,18.1492[1.06259],18.0947[1.09782],18.2014[1.02511],54,0_57
Pref0,0.89725[0.216373],0.894575[0.221979],0.899804[0.210849],54,0_57
Signal0,1[0],1[0],1[0],54,0_57
Hybridindex,18.1672[1.03037],18.1476[1.06725],18.1878[0.989859],55,0_57
Pref0,0.897[0.218268],0.897849[0.221245],0.896111[0.215103],55,0_57
Signal0,1[0],1[0],1[0],55,0_57
Hybridindex,18.167[1.04217],18.1448[1.04594],18.1913[1.03747],56,0_57
Pref0,0.896[0.211976],0.90392[0.205316],0.887317[0.218717],56,0_57
Signal0,1[0],1[0],1[0],56,0_57
Hybridindex,18.1502[1.05915],18.1234[1.09559],18.1772[1.02063],57,0_57
Pref0,0.9005[0.214126],0.904096[0.206762],0.896897[0.2212],57,0_57
Signal0,1[0],1[0],1[0],57,0_57
Hybridindex,18.134[1.0537],18.116[1.04778],18.1525[1.05943],58,0_57
Pref0,0.9055[0.208134],0.902764[0.214647],0.908308[0.201192],58,0_57
Signal0,1[0],1[0],1[0],58,0_57
Hybridindex,18.1307[1.03079],18.1451[0.99857],18.1171[1.06035],59,0_57
Pref0,0.903[0.210573],0.903077[0.209004],0.902927[0.212054],59,0_57
Signal0,1[0],1[0],1[0],59,0_57
Hybridindex,18.0948[1.04134],18.0772[1.04276],18.1115[1.03971],60,0_57
Pref0,0.89575[0.213909],0.899796[0.214933],0.891879[0.212852],60,0_57
Signal0,1[0],1[0],1[0],60,0_57
Hybridindex,18.1105[1.02178],18.1125[1.02372],18.1085[1.01976],61,0_57
Pref0,0.89525[0.219437],0.892436[0.222664],0.898167[0.216001],61,0_57
Signal0,1[0],1[0],1[0],61,0_57
Hybridindex,18.1058[1.05247],18.0849[1.0357],18.1261[1.06823],62,0_57
Pref0,0.89725[0.217526],0.89636[0.219446],0.898121[0.215627],62,0_57
Signal0,1[0],1[0],1[0],62,0_57
Hybridindex,18.1388[1.03845],18.193[1.01689],18.0786[1.05862],63,0_57
Pref0,0.90075[0.211008],0.90019[0.211414],0.901371[0.210555],63,0_57
Signal0,1[0],1[0],1[0],63,0_57
Hybridindex,18.1455[1.04347],18.163[1.03787],18.1275[1.04887],64,0_57
Pref0,0.89925[0.216158],0.909585[0.202448],0.888664[0.22887],64,0_57
Signal0,1[0],1[0],1[0],64,0_57
Hybridindex,18.1732[0.995168],18.2253[0.963353],18.1223[1.02283],65,0_57
Pref0,0.89325[0.219042],0.895455[0.216561],0.891089[0.221426],65,0_57
Signal0,1[0],1[0],1[0],65,0_57
Hybridindex,18.2042[0.986487],18.1749[0.990214],18.2329[0.981981],66,0_57
Pref0,0.88725[0.220028],0.891304[0.220454],0.883284[0.219539],66,0_57
Signal0,1[0],1[0],1[0],66,0_57
Hybridindex,18.207[1.00257],18.2102[0.989892],18.2035[1.01636],67,0_57
Pref0,0.89275[0.222199],0.898475[0.220359],0.886435[0.224041],67,0_57
Signal0,1[0],1[0],1[0],67,0_57
Hybridindex,18.1665[0.972254],18.1502[0.989165],18.1825[0.955048],68,0_57
Pref0,0.89075[0.223471],0.892641[0.221833],0.888889[0.225056],68,0_57
Signal0,1[0],1[0],1[0],68,0_57
Hybridindex,18.1247[1.00986],18.1587[0.983984],18.0891[1.03511],69,0_57
Pref0,0.88825[0.222793],0.882812[0.230568],0.893955[0.214185],69,0_57
Signal0,1[0],1[0],1[0],69,0_57
Hybridindex,18.1035[1.03406],18.1274[1.01855],18.0798[1.04872],70,0_57
Pref0,0.886[0.223616],0.885155[0.228598],0.886839[0.218547],70,0_57
Signal0,1[0],1[0],1[0],70,0_57
Hybridindex,18.064[1.02769],18.0476[1.03046],18.0794[1.02486],71,0_57
Pref0,0.88875[0.22079],0.883144[0.22348],0.893998[0.218112],71,0_57
Signal0,1[0],1[0],1[0],71,0_57
Hybridindex,18.024[1.05483],18.0215[1.05845],18.0264[1.05136],72,0_57
Pref0,0.8935[0.220018],0.883316[0.231143],0.903226[0.208376],72,0_57
Signal0,1[0],1[0],1[0],72,0_57
Hybridindex,18.0197[1.0623],17.981[1.04896],18.0566[1.07357],73,0_57
Pref0,0.8895[0.218036],0.890369[0.221233],0.888672[0.214941],73,0_57
Signal0,1[0],1[0],1[0],73,0_57
Hybridindex,18.0145[1.07554],17.983[1.06474],18.048[1.08593],74,0_57
Pref0,0.88175[0.223924],0.875969[0.226885],0.887913[0.220557],74,0_57
Signal0,1[0],1[0],1[0],74,0_57
Hybridindex,17.9875[1.06646],17.9879[1.08948],17.9871[1.04322],75,0_57
Pref0,0.8665[0.238071],0.862173[0.245928],0.870775[0.229964],75,0_57
Signal0,1[0],1[0],1[0],75,0_57
Hybridindex,18.034[1.04396],18.0776[1.03185],17.9916[1.05386],76,0_57
Pref0,0.86775[0.241112],0.860548[0.244774],0.874753[0.237288],76,0_57
Signal0,1[0],1[0],1[0],76,0_57
Hybridindex,18.0132[1.05378],18.0684[1.06078],17.9595[1.04411],77,0_57
Pref0,0.866[0.239362],0.862209[0.245032],0.869694[0.233645],77,0_57
Signal0,1[0],1[0],1[0],77,0_57
Hybridindex,17.9745[1.05468],17.9967[1.04806],17.9495[1.06153],78,0_57
Pref0,0.8625[0.243092],0.862134[0.242686],0.862912[0.243547],78,0_57
Signal0,1[0],1[0],1[0],78,0_57
Hybridindex,17.9825[1.07526],17.9646[1.0633],18.0005[1.08687],79,0_57
Pref0,0.86175[0.245483],0.858923[0.2502],0.864594[0.240611],79,0_57
Signal0,1[0],1[0],1[0],79,0_57
Hybridindex,17.9402[1.0941],17.8951[1.10125],17.983[1.08557],80,0_57
Pref0,0.853[0.255717],0.848765[0.25513],0.857004[0.256206],80,0_57
Signal0,1[0],1[0],1[0],80,0_57
Hybridindex,17.9408[1.08725],17.9266[1.08609],17.9545[1.08821],81,0_57
Pref0,0.85675[0.247193],0.856781[0.249462],0.856719[0.244958],81,0_57
Signal0,1[0],1[0],1[0],81,0_57
Hybridindex,18.0012[1.09858],17.9735[1.12062],18.027[1.07711],82,0_57
Pref0,0.85825[0.247552],0.852911[0.251682],0.863198[0.243557],82,0_57
Signal0,1[0],1[0],1[0],82,0_57
Hybridindex,18.002[1.06513],17.989[1.04708],18.015[1.08272],83,0_57
Pref0,0.8515[0.254848],0.8535[0.248571],0.8495[0.260959],83,0_57
Signal0,1[0],1[0],1[0],83,0_57
Hybridindex,18.0023[1.06788],17.9905[1.06985],18.0141[1.06576],84,0_57
Pref0,0.8535[0.249074],0.856076[0.251396],0.850904[0.246683],84,0_57
Signal0,1[0],1[0],1[0],84,0_57
Hybridindex,18.0267[1.02891],18.0134[1.03075],18.0404[1.02685],85,0_57
Pref0,0.8545[0.249158],0.856931[0.24185],0.85202[0.256375],85,0_57
Signal0,1[0],1[0],1[0],85,0_57
Hybridindex,18.0335[1.06249],18.0403[1.0675],18.0266[1.05736],86,0_57
Pref0,0.85925[0.246098],0.857072[0.244949],0.861446[0.247233],86,0_57
Signal0,1[0],1[0],1[0],86,0_57
Hybridindex,18.0328[1.07764],18.0318[1.09461],18.0336[1.06128],87,0_57
Pref0,0.86425[0.246367],0.862936[0.251182],0.865497[0.241702],87,0_57
Signal0,1[0],1[0],1[0],87,0_57
Hybridindex,17.9853[1.097],17.9728[1.09966],17.9985[1.09401],88,0_57
Pref0,0.859[0.248735],0.863725[0.247398],0.853973[0.250051],88,0_57
Signal0,1[0],1[0],1[0],88,0_57
Hybridindex,17.9307[1.0594],17.9274[1.08101],17.934[1.03799],89,0_57
Pref0,0.85[0.256905],0.859391[0.254454],0.840887[0.258935],89,0_57
Signal0,1[0],1[0],1[0],89,0_57
Hybridindex,17.955[1.07144],17.9362[1.07824],17.9733[1.06445],90,0_57
Pref0,0.852[0.255139],0.860689[0.249812],0.843534[0.259946],90,0_57
Signal0,1[0],1[0],1[0],90,0_57
Hybridindex,17.9515[1.09813],17.9881[1.07699],17.9145[1.11791],91,0_57
Pref0,0.8405[0.260883],0.857853[0.243551],0.822938[0.276215],91,0_57
Signal0,1[0],1[0],1[0],91,0_57
Hybridindex,17.9062[1.11863],17.8982[1.1154],17.9144[1.12184],92,0_57
Pref0,0.8465[0.253846],0.852532[0.253772],0.840383[0.253774],92,0_57
Signal0,1[0],1[0],1[0],92,0_57
Hybridindex,17.93[1.07114],17.9428[1.07076],17.9183[1.07136],93,0_57
Pref0,0.835[0.260816],0.829486[0.264241],0.840019[0.257557],93,0_57
Signal0,1[0],1[0],1[0],93,0_57
Hybridindex,17.9423[1.05263],17.9415[1.03335],17.943[1.0703],94,0_57
Pref0,0.8405[0.260403],0.843005[0.259464],0.838164[0.261254],94,0_57
Signal0,1[0],1[0],1[0],94,0_57
Hybridindex,17.9163[1.05953],17.9401[1.06271],17.8936[1.056],95,0_57
Pref0,0.83075[0.262639],0.835553[0.264645],0.826172[0.260631],95,0_57
Signal0,1[0],1[0],1[0],95,0_57
Hybridindex,17.9062[1.07939],17.8733[1.09218],17.9399[1.06514],96,0_57
Pref0,0.83175[0.259455],0.839109[0.257761],0.824242[0.260958],96,0_57
Signal0,1[0],1[0],1[0],96,0_57
Hybridindex,17.8908[1.08222],17.8652[1.07141],17.9162[1.09228],97,0_57
Pref0,0.82475[0.266294],0.830661[0.258874],0.818862[0.273357],97,0_57
Signal0,1[0],1[0],1[0],97,0_57
Hybridindex,17.913[1.08233],17.8829[1.09057],17.9454[1.07242],98,0_57
Pref0,0.82775[0.267778],0.834297[0.257824],0.820686[0.277946],98,0_57
Signal0,1[0],1[0],1[0],98,0_57
Hybridindex,17.921[1.08421],17.8897[1.08842],17.9536[1.07885],99,0_57
Pref0,0.8275[0.264563],0.830882[0.264903],0.82398[0.264163],99,0_57
Signal0,1[0],1[0],1[0],99,0_57
Hybridindex,17.9067[1.08854],17.9049[1.10105],17.9086[1.07579],100,0_57
Pref0,0.82775[0.264962],0.822709[0.267686],0.832831[0.26209],100,0_57
Signal0,1[0],1[0],1[0],100,0_57
Hybridindex,12.045[8.23213],11.9791[8.29808],12.1053[8.17093],1,0_58
Pref0,0.60225[0.411607],0.598953[0.414904],0.605263[0.408546],1,0_58
Signal0,0.60225[0.411607],0.598953[0.414904],0.605263[0.408546],1,0_58
Hybridindex,15.1263[6.00955],15.2152[5.92482],15.0337[6.09511],2,0_58
Pref0,0.7555[0.329727],0.762255[0.326294],0.748469[0.333117],2,0_58
Signal0,0.756[0.330853],0.760784[0.327096],0.75102[0.334647],2,0_58
Hybridindex,16.7235[3.94747],16.6376[3.876],16.8163[4.02125],3,0_58
Pref0,0.83875[0.264808],0.842156[0.259773],0.835068[0.270099],3,0_58
Signal0,0.86425[0.248389],0.864293[0.246955],0.864204[0.249929],3,0_58
Hybridindex,17.351[2.57984],17.3458[2.56196],17.3564[2.59822],4,0_58
Pref0,0.87125[0.231945],0.867878[0.235544],0.874745[0.228101],4,0_58
Signal0,0.92575[0.180588],0.926326[0.179976],0.925153[0.181218],4,0_58
Hybridindex,17.5862[1.93518],17.6484[1.88459],17.5244[1.98226],5,0_58
Pref0,0.88425[0.227436],0.888666[0.22314],0.87986[0.231543],5,0_58
Signal0,0.96325[0.130478],0.958375[0.13813],0.968096[0.122206],5,0_58
Hybridindex,17.714[1.61917],17.7078[1.63207],17.7204[1.6056],6,0_58
Pref0,0.89175[0.220016],0.895098[0.214146],0.888265[0.225911],6,0_58
Signal0,0.98125[0.0949918],0.981863[0.0934862],0.980612[0.0965297],6,0_58
Hybridindex,17.745[1.48651],17.7749[1.52533],17.7161[1.44749],7,0_58
Pref0,0.89125[0.221469],0.899695[0.214945],0.883104[0.227287],7,0_58
Signal0,0.9915[0.0646355],0.990835[0.0670708],0.992141[0.0621894],7,0_58
Hybridindex,17.748[1.35277],17.7279[1.3758],17.7679[1.32923],8,0_58
Pref0,0.88575[0.219253],0.896586[0.212199],0.875[0.22552],8,0_58
Signal0,0.99625[0.0431386],0.995984[0.0446307],0.996514[0.0416038],8,0_58
Hybridindex,17.7858[1.34154],17.749[1.39358],17.8214[1.28813],9,0_58
Pref0,0.88825[0.221669],0.888211[0.222475],0.888287[0.220885],9,0_58
Signal0,0.9975[0.0352668],0.998476[0.0275658],0.996555[0.0413591],9,0_58
Hybridindex,17.7952[1.29101],17.8261[1.2891],17.7639[1.2922],10,0_58
Pref0,0.89375[0.216993],0.89445[0.215846],0.893037[0.218152],10,0_58
Signal0,0.9985[0.027345],0.998018[0.031419],0.998991[0.0224393],10,0_58
Hybridindex,17.7955[1.30295],17.7976[1.29563],17.7935[1.31005],11,0_58
Pref0,0.89675[0.215556],0.896761[0.215703],0.896739[0.215412],11,0_58
Signal0,0.99925[0.0193504],0.999494[0.0158991],0.999012[0.0222057],11,0_58
Hybridindex,17.7375[1.31009],17.7455[1.31214],17.7293[1.30796],12,0_58
Pref0,0.88625[0.226795],0.884425[0.230995],0.888105[0.222431],12,0_58
Signal0,1[0],1[0],1[0],12,0_58
Hybridindex,17.7237[1.2739],17.675[1.26907],17.7722[1.27683],13,0_58
Pref0,0.8885[0.220947],0.883651[0.225068],0.89332[0.216667],13,0_58
Signal0,1[0],1[0],1[0],13,0_58
Hybridindex,17.7475[1.21696],17.7651[1.23109],17.7289[1.20156],14,0_58
Pref0,0.881[0.228777],0.882296[0.227612],0.87963[0.229995],14,0_58
Signal0,1[0],1[0],1[0],14,0_58
Hybridindex,17.7037[1.24483],17.721[1.22352],17.6871[1.26483],15,0_58
Pref0,0.88375[0.226077],0.879328[0.227781],0.888016[0.224339],15,0_58
Signal0,1[0],1[0],1[0],15,0_58
Hybridindex,17.699[1.25146],17.7311[1.22002],17.6667[1.28156],16,0_58
Pref0,0.8855[0.2228],0.885956[0.222472],0.88504[0.223128],16,0_58
Signal0,1[0],1[0],1[0],16,0_58
Hybridindex,17.6755[1.26242],17.6184[1.25875],17.7304[1.2635],17,0_58
Pref0,0.88225[0.22915],0.878061[0.232945],0.886275[0.225371],17,0_58
Signal0,1[0],1[0],1[0],17,0_58
Hybridindex,17.7138[1.26686],17.7064[1.27118],17.7219[1.26203],18,0_58
Pref0,0.8745[0.237697],0.868923[0.244534],0.880652[0.229762],18,0_58
Signal0,1[0],1[0],1[0],18,0_58
Hybridindex,17.7028[1.22547],17.6811[1.18195],17.7226[1.26383],19,0_58
Pref0,0.8665[0.237545],0.870042[0.233137],0.863244[0.241481],19,0_58
Signal0,1[0],1[0],1[0],19,0_58
Hybridindex,17.6585[1.23202],17.643[1.22436],17.674[1.23945],20,0_58
Pref0,0.87425[0.234653],0.876[0.233718],0.8725[0.235571],20,0_58
Signal0,1[0],1[0],1[0],20,0_58
Hybridindex,17.6247[1.23625],17.6342[1.22427],17.6154[1.24793],21,0_58
Pref0,0.86775[0.238506],0.867839[0.239075],0.867662[0.237941],21,0_58
Signal0,1[0],1[0],1[0],21,0_58
Hybridindex,17.646[1.25536],17.6291[1.27631],17.6628[1.23387],22,0_58
Pref0,0.8675[0.237579],0.86987[0.234815],0.865135[0.240282],22,0_58
Signal0,1[0],1[0],1[0],22,0_58
Hybridindex,17.6935[1.22497],17.692[1.2152],17.695[1.23457],23,0_58
Pref0,0.86875[0.239057],0.868342[0.238826],0.869154[0.239285],23,0_58
Signal0,1[0],1[0],1[0],23,0_58
Hybridindex,17.7237[1.163],17.7277[1.20023],17.7202[1.12817],24,0_58
Pref0,0.87075[0.237528],0.85857[0.246378],0.881792[0.228649],24,0_58
Signal0,1[0],1[0],1[0],24,0_58
Hybridindex,17.761[1.19358],17.7636[1.21407],17.7584[1.17217],25,0_58
Pref0,0.8695[0.238159],0.861797[0.242664],0.877406[0.23318],25,0_58
Signal0,1[0],1[0],1[0],25,0_58
Hybridindex,17.7477[1.18385],17.7498[1.16651],17.7457[1.20166],26,0_58
Pref0,0.87275[0.238605],0.870225[0.23948],0.875383[0.237661],26,0_58
Signal0,1[0],1[0],1[0],26,0_58
Hybridindex,17.7085[1.19636],17.7043[1.20707],17.7127[1.18552],27,0_58
Pref0,0.86925[0.238808],0.862637[0.242495],0.875876[0.23487],27,0_58
Signal0,1[0],1[0],1[0],27,0_58
Hybridindex,17.6487[1.2469],17.6567[1.25625],17.6407[1.23732],28,0_58
Pref0,0.878[0.23209],0.876617[0.228994],0.879397[0.235168],28,0_58
Signal0,1[0],1[0],1[0],28,0_58
Hybridindex,17.607[1.27242],17.6171[1.27891],17.5968[1.26571],29,0_58
Pref0,0.87625[0.235183],0.874504[0.238578],0.878024[0.231668],29,0_58
Signal0,1[0],1[0],1[0],29,0_58
Hybridindex,17.5715[1.20151],17.535[1.19573],17.608[1.20617],30,0_58
Pref0,0.882[0.232004],0.883[0.231972],0.881[0.232032],30,0_58
Signal0,1[0],1[0],1[0],30,0_58
Hybridindex,17.5553[1.19763],17.5313[1.20294],17.5788[1.19193],31,0_58
Pref0,0.88875[0.218514],0.876387[0.227094],0.900892[0.209036],31,0_58
Signal0,1[0],1[0],1[0],31,0_58
Hybridindex,17.539[1.24639],17.5383[1.21526],17.5397[1.27558],32,0_58
Pref0,0.888[0.218989],0.888776[0.22218],0.887255[0.215876],32,0_58
Signal0,1[0],1[0],1[0],32,0_58
Hybridindex,17.542[1.24789],17.5463[1.24548],17.5375[1.25041],33,0_58
Pref0,0.88425[0.221307],0.885965[0.217772],0.882444[0.224957],33,0_58
Signal0,1[0],1[0],1[0],33,0_58
Hybridindex,17.577[1.20533],17.5868[1.2375],17.567[1.17165],34,0_58
Pref0,0.89125[0.225939],0.886905[0.230612],0.895665[0.221002],34,0_58
Signal0,1[0],1[0],1[0],34,0_58
Hybridindex,17.5377[1.23944],17.5564[1.238],17.5197[1.24056],35,0_58
Pref0,0.89[0.224499],0.886179[0.227106],0.893701[0.221883],35,0_58
Signal0,1[0],1[0],1[0],35,0_58
Hybridindex,17.538[1.22905],17.5366[1.23974],17.5395[1.2177],36,0_58
Pref0,0.89475[0.21748],0.885366[0.223673],0.904615[0.210321],36,0_58
Signal0,1[0],1[0],1[0],36,0_58
Hybridindex,17.4477[1.19317],17.4721[1.18658],17.4223[1.19948],37,0_58
Pref0,0.88925[0.227727],0.8909[0.226833],0.887526[0.228644],37,0_58
Signal0,1[0],1[0],1[0],37,0_58
Hybridindex,17.4533[1.25576],17.4849[1.25791],17.422[1.25285],38,0_58
Pref0,0.88875[0.225274],0.893756[0.221096],0.883813[0.229213],38,0_58
Signal0,1[0],1[0],1[0],38,0_58
Hybridindex,17.4032[1.30327],17.4306[1.31437],17.3762[1.29164],39,0_58
Pref0,0.8825[0.230095],0.880282[0.229279],0.884692[0.230878],39,0_58
Signal0,1[0],1[0],1[0],39,0_58
Hybridindex,17.3867[1.29327],17.3974[1.30688],17.3761[1.27945],40,0_58
Pref0,0.88425[0.225781],0.881882[0.228285],0.886613[0.223228],40,0_58
Signal0,1[0],1[0],1[0],40,0_58
Hybridindex,17.4097[1.29595],17.4228[1.3008],17.3969[1.29104],41,0_58
Pref0,0.8865[0.22387],0.883451[0.225267],0.889495[0.222448],41,0_58
Signal0,1[0],1[0],1[0],41,0_58
Hybridindex,17.4247[1.2355],17.4324[1.23601],17.4172[1.23496],42,0_58
Pref0,0.88975[0.225765],0.892533[0.225303],0.887017[0.226185],42,0_58
Signal0,1[0],1[0],1[0],42,0_58
Hybridindex,17.4405[1.1933],17.4214[1.19409],17.4582[1.1923],43,0_58
Pref0,0.88625[0.226243],0.878646[0.236318],0.893269[0.216291],43,0_58
Signal0,1[0],1[0],1[0],43,0_58
Hybridindex,17.456[1.20502],17.4317[1.22635],17.4812[1.18197],44,0_58
Pref0,0.88425[0.220742],0.885069[0.218391],0.883401[0.22315],44,0_58
Signal0,1[0],1[0],1[0],44,0_58
Hybridindex,17.4617[1.26221],17.4272[1.27898],17.4965[1.24414],45,0_58
Pref0,0.8875[0.222697],0.889332[0.218113],0.885657[0.2272],45,0_58
Signal0,1[0],1[0],1[0],45,0_58
Hybridindex,17.469[1.2558],17.5338[1.25025],17.4053[1.25799],46,0_58
Pref0,0.89075[0.220657],0.895161[0.219045],0.886409[0.222146],46,0_58
Signal0,1[0],1[0],1[0],46,0_58
Hybridindex,17.424[1.22085],17.3945[1.22638],17.4549[1.21425],47,0_58
Pref0,0.8955[0.217554],0.893066[0.223259],0.898053[0.211373],47,0_58
Signal0,1[0],1[0],1[0],47,0_58
Hybridindex,17.4423[1.22098],17.426[1.20498],17.458[1.23616],48,0_58
Pref0,0.89125[0.218629],0.89615[0.211391],0.886476[0.225354],48,0_58
Signal0,1[0],1[0],1[0],48,0_58
Hybridindex,17.5005[1.19541],17.4614[1.22869],17.5384[1.16101],49,0_58
Pref0,0.902[0.215977],0.895325[0.224782],0.908465[0.206887],49,0_58
Signal0,1[0],1[0],1[0],49,0_58
Hybridindex,17.4988[1.1734],17.5101[1.18018],17.4852[1.16512],50,0_58
Pref0,0.9[0.212132],0.902114[0.207456],0.897478[0.217553],50,0_58
Signal0,1[0],1[0],1[0],50,0_58
Hybridindex,17.519[1.13881],17.5175[1.16638],17.5205[1.11055],51,0_58
Pref0,0.88275[0.225005],0.885[0.223103],0.8805[0.226869],51,0_58
Signal0,1[0],1[0],1[0],51,0_58
Hybridindex,17.4845[1.15834],17.5152[1.16666],17.4545[1.14937],52,0_58
Pref0,0.87975[0.228943],0.88664[0.227874],0.873024[0.229782],52,0_58
Signal0,1[0],1[0],1[0],52,0_58
Hybridindex,17.4748[1.14673],17.4359[1.20989],17.5141[1.07762],53,0_58
Pref0,0.876[0.233182],0.88171[0.229364],0.870221[0.236844],53,0_58
Signal0,1[0],1[0],1[0],53,0_58
Hybridindex,17.4672[1.14708],17.4856[1.14545],17.4486[1.14845],54,0_58
Pref0,0.8835[0.222885],0.894345[0.215928],0.87248[0.229214],54,0_58
Signal0,1[0],1[0],1[0],54,0_58
Hybridindex,17.4282[1.13984],17.4416[1.14472],17.4144[1.13458],55,0_58
Pref0,0.8905[0.217967],0.894995[0.217634],0.885831[0.218215],55,0_58
Signal0,1[0],1[0],1[0],55,0_58
Hybridindex,17.416[1.13851],17.4212[1.12022],17.4109[1.15612],56,0_58
Pref0,0.89025[0.220409],0.886869[0.222087],0.893564[0.2187],56,0_58
Signal0,1[0],1[0],1[0],56,0_58
Hybridindex,17.477[1.1441],17.4921[1.16909],17.4616[1.11783],57,0_58
Pref0,0.88325[0.227474],0.887624[0.230143],0.878788[0.224631],57,0_58
Signal0,1[0],1[0],1[0],57,0_58
Hybridindex,17.4805[1.16903],17.5208[1.17569],17.4394[1.16075],58,0_58
Pref0,0.87525[0.232513],0.880198[0.229083],0.870202[0.235854],58,0_58
Signal0,1[0],1[0],1[0],58,0_58
Hybridindex,17.444[1.18538],17.4493[1.20107],17.4385[1.16893],59,0_58
Pref0,0.87[0.238956],0.864173[0.24353],0.876016[0.233987],59,0_58
Signal0,1[0],1[0],1[0],59,0_58
Hybridindex,17.4312[1.19714],17.4529[1.25258],17.4083[1.13499],60,0_58
Pref0,0.87[0.237908],0.868319[0.236198],0.871782[0.239693],60,0_58
Signal0,1[0],1[0],1[0],60,0_58
Hybridindex,17.471[1.20723],17.4809[1.16764],17.4606[1.24718],61,0_58
Pref0,0.877[0.231022],0.883072[0.228321],0.870654[0.233642],61,0_58
Signal0,1[0],1[0],1[0],61,0_58
Hybridindex,17.4602[1.20179],17.4827[1.19323],17.4399[1.20915],62,0_58
Pref0,0.87525[0.236775],0.879202[0.230564],0.87166[0.242223],62,0_58
Signal0,1[0],1[0],1[0],62,0_58
Hybridindex,17.4608[1.16483],17.4385[1.17088],17.4816[1.15874],63,0_58
Pref0,0.881[0.229867],0.885847[0.222996],0.876453[0.23604],63,0_58
Signal0,1[0],1[0],1[0],63,0_58
Hybridindex,17.4615[1.19479],17.4458[1.17533],17.4765[1.21289],64,0_58
Pref0,0.87975[0.231117],0.876663[0.234854],0.882698[0.227451],64,0_58
Signal0,1[0],1[0],1[0],64,0_58
Hybridindex,17.4668[1.20313],17.4626[1.20403],17.4707[1.20226],65,0_58
Pref0,0.88475[0.222694],0.880123[0.227411],0.88916[0.218011],65,0_58
Signal0,1[0],1[0],1[0],65,0_58
Hybridindex,17.4745[1.1967],17.4618[1.15103],17.4881[1.24368],66,0_58
Pref0,0.88525[0.224627],0.887923[0.224144],0.882383[0.225109],66,0_58
Signal0,1[0],1[0],1[0],66,0_58
Hybridindex,17.469[1.21461],17.4564[1.23346],17.4813[1.19588],67,0_58
Pref0,0.8815[0.232826],0.878803[0.235679],0.884122[0.229987],67,0_58
Signal0,1[0],1[0],1[0],67,0_58
Hybridindex,17.4507[1.22646],17.4097[1.24073],17.4943[1.20959],68,0_58
Pref0,0.87975[0.231657],0.877184[0.233616],0.882474[0.229527],68,0_58
Signal0,1[0],1[0],1[0],68,0_58
Hybridindex,17.4765[1.20787],17.4705[1.18973],17.4825[1.22574],69,0_58
Pref0,0.881[0.227682],0.883616[0.227244],0.878378[0.22809],69,0_58
Signal0,1[0],1[0],1[0],69,0_58
Hybridindex,17.516[1.15823],17.4925[1.15391],17.5393[1.16202],70,0_58
Pref0,0.88525[0.223512],0.88002[0.230488],0.890438[0.216243],70,0_58
Signal0,1[0],1[0],1[0],70,0_58
Hybridindex,17.4945[1.17685],17.4848[1.17726],17.5039[1.17637],71,0_58
Pref0,0.88175[0.228346],0.883638[0.224121],0.879921[0.23235],71,0_58
Signal0,1[0],1[0],1[0],71,0_58
Hybridindex,17.5203[1.16048],17.4886[1.17796],17.5527[1.14136],72,0_58
Pref0,0.885[0.22809],0.879072[0.237077],0.891084[0.218314],72,0_58
Signal0,1[0],1[0],1[0],72,0_58
Hybridindex,17.5305[1.1561],17.5238[1.18103],17.5376[1.12899],73,0_58
Pref0,0.8875[0.223257],0.895631[0.215943],0.878866[0.230456],73,0_58
Signal0,1[0],1[0],1[0],73,0_58
Hybridindex,17.5093[1.1576],17.5063[1.17854],17.5119[1.13847],74,0_58
Pref0,0.88025[0.225909],0.87685[0.226199],0.883302[0.225605],74,0_58
Signal0,1[0],1[0],1[0],74,0_58
Hybridindex,17.5222[1.16571],17.5164[1.1462],17.5282[1.18513],75,0_58
Pref0,0.8775[0.229115],0.879345[0.23069],0.875629[0.227492],75,0_58
Signal0,1[0],1[0],1[0],75,0_58
Hybridindex,17.5338[1.15336],17.4985[1.17084],17.5691[1.13447],76,0_58
Pref0,0.8785[0.228556],0.875125[0.228776],0.881882[0.228285],76,0_58
Signal0,1[0],1[0],1[0],76,0_58
Hybridindex,17.5167[1.13263],17.517[1.15043],17.5165[1.11654],77,0_58
Pref0,0.87725[0.233575],0.871019[0.239601],0.882798[0.227933],77,0_58
Signal0,1[0],1[0],1[0],77,0_58
Hybridindex,17.4838[1.1533],17.4683[1.1708],17.4995[1.13496],78,0_58
Pref0,0.87225[0.239384],0.876733[0.236315],0.867677[0.242391],78,0_58
Signal0,1[0],1[0],1[0],78,0_58
Hybridindex,17.5185[1.13475],17.5522[1.13571],17.4857[1.13285],79,0_58
Pref0,0.8705[0.241308],0.867781[0.245518],0.873149[0.237105],79,0_58
Signal0,1[0],1[0],1[0],79,0_58
Hybridindex,17.5257[1.14202],17.4921[1.1541],17.5602[1.12847],80,0_58
Pref0,0.87525[0.236247],0.866107[0.242695],0.884615[0.229076],80,0_58
Signal0,1[0],1[0],1[0],80,0_58
Hybridindex,17.5042[1.13934],17.5398[1.16498],17.4692[1.11238],81,0_58
Pref0,0.86325[0.247335],0.867573[0.243414],0.858987[0.251068],81,0_58
Signal0,1[0],1[0],1[0],81,0_58
Hybridindex,17.4898[1.15889],17.4755[1.1593],17.5034[1.15833],82,0_58
Pref0,0.87[0.236326],0.873211[0.231201],0.866928[0.241088],82,0_58
Signal0,1[0],1[0],1[0],82,0_58
Hybridindex,17.457[1.16218],17.4514[1.09441],17.4622[1.22218],83,0_58
Pref0,0.87525[0.230895],0.879007[0.225893],0.871733[0.235426],83,0_58
Signal0,1[0],1[0],1[0],83,0_58
Hybridindex,17.4533[1.133],17.444[1.14803],17.462[1.11848],84,0_58
Pref0,0.8725[0.233974],0.87731[0.229025],0.867934[0.238487],84,0_58
Signal0,1[0],1[0],1[0],84,0_58
Hybridindex,17.4267[1.15888],17.4203[1.14161],17.4335[1.17666],85,0_58
Pref0,0.87675[0.233312],0.878299[0.233127],0.875128[0.233494],85,0_58
Signal0,1[0],1[0],1[0],85,0_58
Hybridindex,17.4247[1.154],17.4197[1.14906],17.4298[1.15893],86,0_58
Pref0,0.88475[0.221568],0.875374[0.226424],0.894183[0.216163],86,0_58
Signal0,1[0],1[0],1[0],86,0_58
Hybridindex,17.426[1.14718],17.4442[1.13474],17.4074[1.15949],87,0_58
Pref0,0.891[0.220497],0.892787[0.218052],0.88917[0.222959],87,0_58
Signal0,1[0],1[0],1[0],87,0_58
Hybridindex,17.4133[1.15763],17.4103[1.19917],17.4162[1.11522],88,0_58
Pref0,0.8955[0.216979],0.889113[0.220663],0.901786[0.213104],88,0_58
Signal0,1[0],1[0],1[0],88,0_58
Hybridindex,17.3865[1.17553],17.4269[1.16984],17.3462[1.17979],89,0_58
Pref0,0.9015[0.213419],0.902903[0.210061],0.9001[0.21671],89,0_58
Signal0,1[0],1[0],1[0],89,0_58
Hybridindex,17.3693[1.18587],17.3449[1.18064],17.3942[1.19068],90,0_58
Pref0,0.90575[0.205528],0.910573[0.201665],0.90081[0.209296],90,0_58
Signal0,1[0],1[0],1[0],90,0_58
Hybridindex,17.364[1.18248],17.3581[1.19072],17.3701[1.1739],91,0_58
Pref0,0.91075[0.201021],0.903941[0.204347],0.917766[0.197289],91,0_58
Signal0,1[0],1[0],1[0],91,0_58
Hybridindex,17.3712[1.15793],17.4038[1.15198],17.3382[1.16301],92,0_58
Pref0,0.9085[0.200942],0.906746[0.203477],0.910282[0.198317],92,0_58
Signal0,1[0],1[0],1[0],92,0_58
Hybridindex,17.388[1.16799],17.3777[1.14384],17.3989[1.1928],93,0_58
Pref0,0.90675[0.208996],0.903996[0.212416],0.909651[0.205293],93,0_58
Signal0,1[0],1[0],1[0],93,0_58
Hybridindex,17.3502[1.1852],17.3555[1.19781],17.3452[1.17279],94,0_58
Pref0,0.91325[0.197736],0.9143[0.197624],0.912229[0.197839],94,0_58
Signal0,1[0],1[0],1[0],94,0_58
Hybridindex,17.3575[1.13035],17.4002[1.15602],17.3138[1.10173],95,0_58
Pref0,0.90825[0.201139],0.908103[0.201166],0.908401[0.201111],95,0_58
Signal0,1[0],1[0],1[0],95,0_58
Hybridindex,17.3723[1.16106],17.3692[1.17987],17.3754[1.14174],96,0_58
Pref0,0.90475[0.20929],0.904478[0.208834],0.905025[0.209749],96,0_58
Signal0,1[0],1[0],1[0],96,0_58
Hybridindex,17.3685[1.15994],17.3373[1.17481],17.3994[1.14416],97,0_58
Pref0,0.9045[0.208877],0.896586[0.214552],0.912351[0.202786],97,0_58
Signal0,1[0],1[0],1[0],97,0_58
Hybridindex,17.3753[1.14709],17.3927[1.16552],17.3582[1.12855],98,0_58
Pref0,0.903[0.206981],0.896761[0.209756],0.909091[0.204051],98,0_58
Signal0,1[0],1[0],1[0],98,0_58
Hybridindex,17.3708[1.17022],17.3601[1.18155],17.3823[1.15772],99,0_58
Pref0,0.893[0.218634],0.897596[0.214485],0.888021[0.222936],99,0_58
Signal0,1[0],1[0],1[0],99,0_58
Hybridindex,17.3588[1.18982],17.4061[1.19581],17.3132[1.18225],100,0_58
Pref0,0.89075[0.219521],0.890306[0.222366],0.891176[0.216751],100,0_58
Signal0,1[0],1[0],1[0],100,0_58
Hybridindex,12.38[8.25443],12.2245[8.36814],12.5267[8.14295],1,0_59
Pref0,0.619[0.412721],0.611226[0.418407],0.626336[0.407147],1,0_59
Signal0,0.619[0.412721],0.611226[0.418407],0.626336[0.407147],1,0_59
Hybridindex,15.485[5.9156],15.7394[5.76558],15.225[6.05408],2,0_59
Pref0,0.77725[0.322889],0.788823[0.317887],0.76542[0.327501],2,0_59
Signal0,0.77325[0.324745],0.787834[0.31488],0.758342[0.333871],2,0_59
Hybridindex,17.0482[3.6677],17.2067[3.4088],16.8886[3.90488],3,0_59
Pref0,0.8605[0.251077],0.873008[0.236295],0.847892[0.264548],3,0_59
Signal0,0.86975[0.238558],0.883964[0.223678],0.855422[0.251862],3,0_59
Hybridindex,17.4748[2.59985],17.5433[2.53226],17.4086[2.66176],4,0_59
Pref0,0.8855[0.2228],0.889511[0.218218],0.881631[0.227065],4,0_59
Signal0,0.91975[0.188905],0.923116[0.183164],0.916503[0.194226],4,0_59
Hybridindex,17.7258[1.92494],17.7406[1.88848],17.7105[1.96147],5,0_59
Pref0,0.8935[0.214261],0.897233[0.211601],0.889676[0.216885],5,0_59
Signal0,0.95775[0.139068],0.952075[0.147193],0.963563[0.129965],5,0_59
Hybridindex,17.8023[1.65152],17.7891[1.63122],17.8152[1.67112],6,0_59
Pref0,0.8935[0.218878],0.894046[0.222078],0.892963[0.215688],6,0_59
Signal0,0.98275[0.0912548],0.982846[0.0910106],0.982656[0.0914939],6,0_59
Hybridindex,17.8242[1.44887],17.7877[1.45766],17.86[1.43933],7,0_59
Pref0,0.89925[0.211482],0.904449[0.209048],0.894164[0.213713],7,0_59
Signal0,0.98975[0.0708515],0.991911[0.0630798],0.987636[0.0776475],7,0_59
Hybridindex,17.826[1.41703],17.7749[1.4472],17.8787[1.38328],8,0_59
Pref0,0.8945[0.220499],0.893103[0.218935],0.895939[0.222089],8,0_59
Signal0,0.99325[0.0577013],0.995567[0.0468732],0.990863[0.0669705],8,0_59
Hybridindex,17.8705[1.32947],17.8883[1.31347],17.8514[1.34612],9,0_59
Pref0,0.89375[0.219285],0.897002[0.216086],0.890269[0.222606],9,0_59
Signal0,0.996[0.0445421],0.995648[0.0464443],0.996377[0.0424083],9,0_59
Hybridindex,17.863[1.3169],17.8236[1.33023],17.9022[1.30231],10,0_59
Pref0,0.8985[0.213185],0.90481[0.205039],0.892216[0.220821],10,0_59
Signal0,0.9975[0.0352668],0.997996[0.0315909],0.997006[0.0385751],10,0_59
Hybridindex,17.8855[1.27873],17.9045[1.26087],17.8659[1.29661],11,0_59
Pref0,0.8975[0.215624],0.899606[0.213381],0.895325[0.217895],11,0_59
Signal0,0.99825[0.0295286],0.998524[0.0271295],0.997967[0.031814],11,0_59
Hybridindex,17.8867[1.24842],17.9377[1.22773],17.8328[1.26771],12,0_59
Pref0,0.901[0.20964],0.89786[0.209862],0.904321[0.209354],12,0_59
Signal0,0.99775[0.0334655],0.998541[0.0269711],0.996914[0.0391623],12,0_59
Hybridindex,17.8635[1.2207],17.8381[1.23216],17.8896[1.20828],13,0_59
Pref0,0.90825[0.204834],0.906713[0.205872],0.909828[0.203751],13,0_59
Signal0,0.9975[0.0352668],0.998519[0.0271695],0.996454[0.041958],13,0_59
Hybridindex,17.9312[1.17469],17.9169[1.18458],17.9466[1.16379],14,0_59
Pref0,0.92025[0.188454],0.921739[0.18562],0.918653[0.191434],14,0_59
Signal0,0.9985[0.027345],0.999034[0.0219581],0.997927[0.0321244],14,0_59
Hybridindex,17.9267[1.20416],17.8679[1.22885],17.9855[1.17608],15,0_59
Pref0,0.91575[0.197552],0.908909[0.206769],0.922577[0.187655],15,0_59
Signal0,0.99875[0.0249687],0.997998[0.0315752],0.9995[0.0157956],15,0_59
Hybridindex,17.9345[1.19539],17.9043[1.20535],17.9655[1.18426],16,0_59
Pref0,0.91725[0.19372],0.911736[0.199482],0.922921[0.18744],16,0_59
Signal0,0.9995[0.0158035],1[0],0.998986[0.022496],16,0_59
Hybridindex,17.9335[1.17647],17.934[1.13673],17.933[1.21491],17,0_59
Pref0,0.918[0.19307],0.922[0.185515],0.914[0.20026],17,0_59
Signal0,0.99975[0.0111775],1[0],0.9995[0.0158035],17,0_59
Hybridindex,17.9515[1.1939],17.9598[1.19753],17.9431[1.19015],18,0_59
Pref0,0.9235[0.186139],0.922542[0.18632],0.924471[0.18595],18,0_59
Signal0,1[0],1[0],1[0],18,0_59
Hybridindex,17.9715[1.15939],17.999[1.13538],17.9441[1.18219],19,0_59
Pref0,0.9275[0.185725],0.927856[0.185403],0.927146[0.186044],19,0_59
Signal0,1[0],1[0],1[0],19,0_59
Hybridindex,17.9655[1.15068],17.9487[1.14813],17.9828[1.15304],20,0_59
Pref0,0.92825[0.182967],0.927443[0.184324],0.929078[0.18156],20,0_59
Signal0,1[0],1[0],1[0],20,0_59
Hybridindex,17.9992[1.13825],18.0229[1.10918],17.9754[1.16629],21,0_59
Pref0,0.926[0.185806],0.927717[0.178644],0.924273[0.192728],21,0_59
Signal0,1[0],1[0],1[0],21,0_59
Hybridindex,18.019[1.12889],17.9796[1.13708],18.0587[1.11919],22,0_59
Pref0,0.924[0.185672],0.922233[0.185287],0.925777[0.186041],22,0_59
Signal0,1[0],1[0],1[0],22,0_59
Hybridindex,18.003[1.14105],17.9772[1.14804],18.0281[1.13365],23,0_59
Pref0,0.93025[0.184418],0.926904[0.186436],0.933498[0.182379],23,0_59
Signal0,1[0],1[0],1[0],23,0_59
Hybridindex,18.0078[1.14513],18.0306[1.14796],17.9872[1.14217],24,0_59
Pref0,0.9345[0.175242],0.932034[0.17591],0.936727[0.174607],24,0_59
Signal0,1[0],1[0],1[0],24,0_59
Hybridindex,18.0445[1.14281],18.0271[1.1138],18.063[1.17267],25,0_59
Pref0,0.94025[0.166748],0.946221[0.161045],0.933884[0.172394],25,0_59
Signal0,1[0],1[0],1[0],25,0_59
Hybridindex,18.06[1.13133],18.0394[1.10872],18.0802[1.1527],26,0_59
Pref0,0.93825[0.171207],0.941414[0.165456],0.935149[0.176608],26,0_59
Signal0,1[0],1[0],1[0],26,0_59
Hybridindex,18.06[1.09002],18.0643[1.10691],18.0556[1.07218],27,0_59
Pref0,0.9375[0.169834],0.937193[0.17009],0.937819[0.169568],27,0_59
Signal0,1[0],1[0],1[0],27,0_59
Hybridindex,18.0778[1.11325],18.0613[1.11155],18.0944[1.11472],28,0_59
Pref0,0.93875[0.169185],0.947211[0.159999],0.930221[0.177557],28,0_59
Signal0,1[0],1[0],1[0],28,0_59
Hybridindex,18.0778[1.10661],18.0944[1.10305],18.0609[1.10994],29,0_59
Pref0,0.9365[0.173112],0.931412[0.180477],0.94165[0.165165],29,0_59
Signal0,1[0],1[0],1[0],29,0_59
Hybridindex,18.0935[1.06748],18.0868[1.03661],18.1003[1.09791],30,0_59
Pref0,0.93475[0.177109],0.938492[0.171613],0.930948[0.182445],30,0_59
Signal0,1[0],1[0],1[0],30,0_59
Hybridindex,18.0715[1.08496],18.1164[1.06718],18.0292[1.09979],31,0_59
Pref0,0.933[0.178216],0.928424[0.183724],0.937318[0.172747],31,0_59
Signal0,1[0],1[0],1[0],31,0_59
Hybridindex,18.068[1.09527],18.0229[1.10728],18.1154[1.08049],32,0_59
Pref0,0.936[0.170012],0.93561[0.170366],0.93641[0.169637],32,0_59
Signal0,1[0],1[0],1[0],32,0_59
Hybridindex,18.0575[1.08556],18.0944[1.09266],18.0197[1.07693],33,0_59
Pref0,0.941[0.164375],0.938735[0.169869],0.94332[0.158516],33,0_59
Signal0,1[0],1[0],1[0],33,0_59
Hybridindex,18.0625[1.09606],18.0238[1.09862],18.1004[1.09222],34,0_59
Pref0,0.94425[0.160521],0.942366[0.162808],0.946093[0.15823],34,0_59
Signal0,1[0],1[0],1[0],34,0_59
Hybridindex,18.0895[1.06136],18.0573[1.08179],18.122[1.03935],35,0_59
Pref0,0.94575[0.161034],0.947709[0.159384],0.943775[0.162657],35,0_59
Signal0,1[0],1[0],1[0],35,0_59
Hybridindex,18.1107[1.07162],18.0944[1.06709],18.127[1.07584],36,0_59
Pref0,0.94575[0.157899],0.949799[0.153572],0.941733[0.161977],36,0_59
Signal0,1[0],1[0],1[0],36,0_59
Hybridindex,18.0905[1.09878],18.0733[1.11833],18.1076[1.07876],37,0_59
Pref0,0.949[0.157],0.950301[0.156165],0.947709[0.157814],37,0_59
Signal0,1[0],1[0],1[0],37,0_59
Hybridindex,18.1262[1.09849],18.107[1.10612],18.146[1.09023],38,0_59
Pref0,0.9485[0.156038],0.949211[0.154276],0.947769[0.157825],38,0_59
Signal0,1[0],1[0],1[0],38,0_59
Hybridindex,18.143[1.09158],18.1334[1.11275],18.1527[1.06987],39,0_59
Pref0,0.9535[0.148619],0.956543[0.146076],0.95045[0.151063],39,0_59
Signal0,1[0],1[0],1[0],39,0_59
Hybridindex,18.166[1.0699],18.1374[1.07905],18.1961[1.05935],40,0_59
Pref0,0.9525[0.148303],0.947856[0.154403],0.957392[0.141428],40,0_59
Signal0,1[0],1[0],1[0],40,0_59
Hybridindex,18.1603[1.05733],18.1885[1.06184],18.1302[1.05166],41,0_59
Pref0,0.952[0.151479],0.95688[0.14377],0.946798[0.159124],41,0_59
Signal0,1[0],1[0],1[0],41,0_59
Hybridindex,18.099[1.05449],18.0715[1.0569],18.1269[1.05131],42,0_59
Pref0,0.94325[0.167793],0.941907[0.169266],0.944612[0.166274],42,0_59
Signal0,1[0],1[0],1[0],42,0_59
Hybridindex,18.066[1.12189],18.0952[1.10664],18.035[1.13701],43,0_59
Pref0,0.94175[0.163499],0.937804[0.170802],0.945932[0.155276],43,0_59
Signal0,1[0],1[0],1[0],43,0_59
Hybridindex,18.0695[1.13442],18.0826[1.09849],18.0566[1.16864],44,0_59
Pref0,0.9385[0.170932],0.93857[0.173097],0.938431[0.16877],44,0_59
Signal0,1[0],1[0],1[0],44,0_59
Hybridindex,18.1202[1.08693],18.049[1.11605],18.1899[1.05301],45,0_59
Pref0,0.945[0.165],0.949444[0.155688],0.940653[0.173517],45,0_59
Signal0,1[0],1[0],1[0],45,0_59
Hybridindex,18.1238[1.08608],18.1176[1.07152],18.1303[1.10149],46,0_59
Pref0,0.942[0.165487],0.940694[0.168957],0.943406[0.161656],46,0_59
Signal0,1[0],1[0],1[0],46,0_59
Hybridindex,18.1743[1.04272],18.1525[1.05412],18.1959[1.03081],47,0_59
Pref0,0.94825[0.156355],0.954865[0.146743],0.941675[0.165095],47,0_59
Signal0,1[0],1[0],1[0],47,0_59
Hybridindex,18.1913[1.06468],18.2146[1.05399],18.168[1.0747],48,0_59
Pref0,0.9415[0.164553],0.933801[0.176705],0.949153[0.151123],48,0_59
Signal0,1[0],1[0],1[0],48,0_59
Hybridindex,18.1615[1.09118],18.1925[1.06372],18.1316[1.11621],49,0_59
Pref0,0.93575[0.176059],0.934827[0.178615],0.93664[0.173554],49,0_59
Signal0,1[0],1[0],1[0],49,0_59
Hybridindex,18.1968[1.05767],18.1864[1.05867],18.2071[1.05656],50,0_59
Pref0,0.93825[0.167517],0.935194[0.169415],0.941324[0.165528],50,0_59
Signal0,1[0],1[0],1[0],50,0_59
Hybridindex,18.2048[1.02978],18.2268[1.00978],18.1835[1.04824],51,0_59
Pref0,0.9345[0.171638],0.933741[0.171023],0.935231[0.172226],51,0_59
Signal0,1[0],1[0],1[0],51,0_59
Hybridindex,18.2[1.04127],18.1672[1.03378],18.2326[1.04764],52,0_59
Pref0,0.93525[0.169359],0.935743[0.170304],0.934761[0.168414],52,0_59
Signal0,1[0],1[0],1[0],52,0_59
Hybridindex,18.2095[1.04755],18.1974[1.02726],18.2218[1.06763],53,0_59
Pref0,0.93975[0.169543],0.939484[0.170517],0.94002[0.168548],53,0_59
Signal0,1[0],1[0],1[0],53,0_59
Hybridindex,18.2258[1.04889],18.2608[1.03169],18.1908[1.06462],54,0_59
Pref0,0.93925[0.169365],0.940941[0.16895],0.937562[0.169761],54,0_59
Signal0,1[0],1[0],1[0],54,0_59
Hybridindex,18.2338[1.04115],18.2472[1.03151],18.2206[1.05032],55,0_59
Pref0,0.9445[0.162542],0.94186[0.164943],0.947082[0.160115],55,0_59
Signal0,1[0],1[0],1[0],55,0_59
Hybridindex,18.2237[1.0389],18.2021[1.07271],18.2464[1.00185],56,0_59
Pref0,0.9385[0.170199],0.933953[0.176373],0.943252[0.163363],56,0_59
Signal0,1[0],1[0],1[0],56,0_59
Hybridindex,18.196[1.03445],18.2001[1.03851],18.1917[1.03012],57,0_59
Pref0,0.93575[0.171747],0.940117[0.165316],0.931141[0.178167],57,0_59
Signal0,1[0],1[0],1[0],57,0_59
Hybridindex,18.214[1.02015],18.2062[1.05921],18.2214[0.981889],58,0_59
Pref0,0.933[0.176099],0.93299[0.174818],0.93301[0.177298],58,0_59
Signal0,1[0],1[0],1[0],58,0_59
Hybridindex,18.1992[1.03763],18.2365[1.01042],18.1636[1.06184],59,0_59
Pref0,0.9305[0.178661],0.92952[0.18118],0.93144[0.176207],59,0_59
Signal0,1[0],1[0],1[0],59,0_59
Hybridindex,18.191[1.03659],18.1729[1.0011],18.2099[1.07203],60,0_59
Pref0,0.9365[0.172388],0.938296[0.170304],0.934627[0.174516],60,0_59
Signal0,1[0],1[0],1[0],60,0_59
Hybridindex,18.2035[1.02559],18.1968[1.0314],18.2098[1.02002],61,0_59
Pref0,0.9395[0.172017],0.935252[0.181126],0.943525[0.162815],61,0_59
Signal0,1[0],1[0],1[0],61,0_59
Hybridindex,18.216[1.03046],18.2318[1.0326],18.201[1.02819],62,0_59
Pref0,0.942[0.162438],0.937949[0.166397],0.945854[0.158483],62,0_59
Signal0,1[0],1[0],1[0],62,0_59
Hybridindex,18.2127[1.02804],18.2297[1.01521],18.1963[1.0401],63,0_59
Pref0,0.939[0.170379],0.944726[0.163126],0.933432[0.176969],63,0_59
Signal0,1[0],1[0],1[0],63,0_59
Hybridindex,18.229[1.03008],18.2259[1.03682],18.2321[1.02336],64,0_59
Pref0,0.94[0.16778],0.93008[0.181904],0.949801[0.15191],64,0_59
Signal0,1[0],1[0],1[0],64,0_59
Hybridindex,18.2045[0.999215],18.1845[0.994278],18.2239[1.00359],65,0_59
Pref0,0.94[0.16778],0.933435[0.175739],0.946358[0.159436],65,0_59
Signal0,1[0],1[0],1[0],65,0_59
Hybridindex,18.177[1.00718],18.1404[1.00637],18.2142[1.00665],66,0_59
Pref0,0.93725[0.1723],0.93502[0.17393],0.939516[0.170598],66,0_59
Signal0,1[0],1[0],1[0],66,0_59
Hybridindex,18.1825[1.0062],18.1728[1.00411],18.1923[1.00821],67,0_59
Pref0,0.929[0.1836],0.932271[0.175418],0.925703[0.191438],67,0_59
Signal0,1[0],1[0],1[0],67,0_59
Hybridindex,18.1728[1.00388],18.1466[1.02583],18.197[0.982487],68,0_59
Pref0,0.93125[0.176489],0.934511[0.173248],0.928227[0.179388],68,0_59
Signal0,1[0],1[0],1[0],68,0_59
Hybridindex,18.1655[1.02743],18.1761[1.03268],18.1547[1.02192],69,0_59
Pref0,0.93325[0.174412],0.929773[0.176553],0.936805[0.172123],69,0_59
Signal0,1[0],1[0],1[0],69,0_59
Hybridindex,18.1515[1.01627],18.1545[1.03912],18.1482[0.990799],70,0_59
Pref0,0.9365[0.173112],0.933781[0.176419],0.939457[0.169392],70,0_59
Signal0,1[0],1[0],1[0],70,0_59
Hybridindex,18.1638[1.03299],18.1917[1.03959],18.1348[1.02531],71,0_59
Pref0,0.93925[0.167882],0.938545[0.171491],0.93998[0.164062],71,0_59
Signal0,1[0],1[0],1[0],71,0_59
Hybridindex,18.1432[1.03579],18.1783[1.03662],18.1091[1.03383],72,0_59
Pref0,0.9375[0.172028],0.935664[0.176263],0.939289[0.167781],72,0_59
Signal0,1[0],1[0],1[0],72,0_59
Hybridindex,18.0852[1.05065],18.1051[1.02223],18.0651[1.07843],73,0_59
Pref0,0.9355[0.178437],0.93558[0.173327],0.935419[0.183493],73,0_59
Signal0,1[0],1[0],1[0],73,0_59
Hybridindex,18.08[1.03397],18.0848[1.04267],18.0753[1.02534],74,0_59
Pref0,0.9435[0.159084],0.941978[0.161707],0.944995[0.156451],74,0_59
Signal0,1[0],1[0],1[0],74,0_59
Hybridindex,18.0942[1.03332],18.0804[1.0515],18.1084[1.01431],75,0_59
Pref0,0.94125[0.1656],0.93998[0.168498],0.94254[0.162592],75,0_59
Signal0,1[0],1[0],1[0],75,0_59
Hybridindex,18.082[1.04045],18.0676[1.04797],18.0969[1.03244],76,0_59
Pref0,0.94275[0.163852],0.943787[0.165566],0.941684[0.162063],76,0_59
Signal0,1[0],1[0],1[0],76,0_59
Hybridindex,18.1043[1.02823],18.113[1.01555],18.096[1.03994],77,0_59
Pref0,0.93925[0.167136],0.933437[0.174353],0.944714[0.159864],77,0_59
Signal0,1[0],1[0],1[0],77,0_59
Hybridindex,18.0925[1.02455],18.0701[1.03231],18.1155[1.016],78,0_59
Pref0,0.93725[0.167891],0.930405[0.173073],0.944276[0.162101],78,0_59
Signal0,1[0],1[0],1[0],78,0_59
Hybridindex,18.1083[1.00395],18.099[1.01019],18.1182[0.997043],79,0_59
Pref0,0.93125[0.179996],0.935577[0.174542],0.926562[0.185609],79,0_59
Signal0,1[0],1[0],1[0],79,0_59
Hybridindex,18.1182[0.98178],18.1435[0.95698],18.091[1.00714],80,0_59
Pref0,0.928[0.18321],0.922447[0.184952],0.933992[0.181122],80,0_59
Signal0,1[0],1[0],1[0],80,0_59
Hybridindex,18.0778[1.01222],18.0701[1.0003],18.0854[1.02391],81,0_59
Pref0,0.935[0.173997],0.936937[0.17337],0.933067[0.1746],81,0_59
Signal0,1[0],1[0],1[0],81,0_59
Hybridindex,18.0708[1.04013],18.0535[1.0213],18.0877[1.05802],82,0_59
Pref0,0.93925[0.170101],0.933905[0.17664],0.9445[0.163255],82,0_59
Signal0,1[0],1[0],1[0],82,0_59
Hybridindex,18.0935[1.01193],18.0805[1.01456],18.1068[1.00906],83,0_59
Pref0,0.9435[0.161424],0.94417[0.159035],0.942814[0.163832],83,0_59
Signal0,1[0],1[0],1[0],83,0_59
Hybridindex,18.1062[1.02339],18.0835[1.05748],18.131[0.984382],84,0_59
Pref0,0.94375[0.161898],0.942898[0.162018],0.944676[0.161762],84,0_59
Signal0,1[0],1[0],1[0],84,0_59
Hybridindex,18.1092[0.998218],18.1033[1.01694],18.1155[0.978074],85,0_59
Pref0,0.94425[0.160521],0.944932[0.158079],0.943532[0.163051],85,0_59
Signal0,1[0],1[0],1[0],85,0_59
Hybridindex,18.0705[1.017],18.0798[1.01566],18.0609[1.01828],86,0_59
Pref0,0.9435[0.161424],0.940887[0.16743],0.946193[0.154946],86,0_59
Signal0,1[0],1[0],1[0],86,0_59
Hybridindex,18.0487[0.992471],18.049[0.973933],18.0485[1.01063],87,0_59
Pref0,0.9435[0.164492],0.949449[0.158816],0.937562[0.169761],87,0_59
Signal0,1[0],1[0],1[0],87,0_59
Hybridindex,18.0355[1.01377],18.0067[1.01915],18.0671[1.0069],88,0_59
Pref0,0.936[0.172203],0.934512[0.174262],0.937631[0.169903],88,0_59
Signal0,1[0],1[0],1[0],88,0_59
Hybridindex,18.01[1.04026],18.0141[1.0365],18.0062[1.04369],89,0_59
Pref0,0.94175[0.167278],0.947176[0.158716],0.936782[0.174603],89,0_59
Signal0,1[0],1[0],1[0],89,0_59
Hybridindex,18.0203[1.01327],18.0844[0.977147],17.9596[1.04266],90,0_59
Pref0,0.94275[0.166125],0.938272[0.172122],0.946984[0.160133],90,0_59
Signal0,1[0],1[0],1[0],90,0_59
Hybridindex,18.0715[1.00157],18.0813[0.999814],18.0617[1.00323],91,0_59
Pref0,0.942[0.162438],0.940678[0.163219],0.94333[0.161637],91,0_59
Signal0,1[0],1[0],1[0],91,0_59
Hybridindex,18.052[1.0065],18.0478[0.991514],18.0565[1.02203],92,0_59
Pref0,0.93975[0.168804],0.944444[0.166179],0.934805[0.171388],92,0_59
Signal0,1[0],1[0],1[0],92,0_59
Hybridindex,18.057[1.0071],18.0535[1.01337],18.0604[1.001],93,0_59
Pref0,0.93925[0.170835],0.935336[0.178086],0.943026[0.163446],93,0_59
Signal0,1[0],1[0],1[0],93,0_59
Hybridindex,18.0443[0.987252],18.0726[0.964633],18.0167[1.00796],94,0_59
Pref0,0.94[0.168523],0.941117[0.165823],0.938916[0.171096],94,0_59
Signal0,1[0],1[0],1[0],94,0_59
Hybridindex,18.077[0.98098],18.0467[1.00493],18.1058[0.956804],95,0_59
Pref0,0.942[0.163205],0.939938[0.168751],0.943957[0.157736],95,0_59
Signal0,1[0],1[0],1[0],95,0_59
Hybridindex,18.0648[1.00446],18.0441[1.00219],18.0848[1.00625],96,0_59
Pref0,0.9395[0.168344],0.94574[0.158745],0.933432[0.176969],96,0_59
Signal0,1[0],1[0],1[0],96,0_59
Hybridindex,18.0583[1.01845],18.082[0.982695],18.0342[1.05285],97,0_59
Pref0,0.936[0.173649],0.936879[0.173382],0.935111[0.173914],97,0_59
Signal0,1[0],1[0],1[0],97,0_59
Hybridindex,18.043[1.01459],18.0559[1.02877],18.0305[1.00052],98,0_59
Pref0,0.93775[0.168077],0.944106[0.162319],0.931594[0.17325],98,0_59
Signal0,1[0],1[0],1[0],98,0_59
Hybridindex,18.0085[1.02173],18.0005[1.04638],18.0164[0.996757],99,0_59
Pref0,0.941[0.165889],0.936556[0.172369],0.945382[0.159119],99,0_59
Signal0,1[0],1[0],1[0],99,0_59
Hybridindex,18.0428[1.02032],18.0521[1.02344],18.0331[1.01698],100,0_59
Pref0,0.94225[0.164438],0.94002[0.166935],0.944557[0.161782],100,0_59
Signal0,1[0],1[0],1[0],100,0_59
Hybridindex,12.365[8.36402],12.0357[8.4749],12.6989[8.23662],1,0_6
Pref0,0.61825[0.418201],0.601787[0.423745],0.634945[0.411831],1,0_6
Signal0,0.61825[0.418201],0.601787[0.423745],0.634945[0.411831],1,0_6
Hybridindex,15.4125[6.07325],15.357[6.14252],15.468[6.00266],2,0_6
Pref0,0.77375[0.328916],0.7675[0.330445],0.78[0.327261],2,0_6
Signal0,0.77025[0.332551],0.768[0.336416],0.7725[0.328624],2,0_6
Hybridindex,17.1002[3.8033],17.0251[3.77447],17.1746[3.83018],3,0_6
Pref0,0.856[0.255957],0.848241[0.262543],0.863682[0.249027],3,0_6
Signal0,0.874[0.236905],0.868342[0.238826],0.879602[0.234853],3,0_6
Hybridindex,17.7095[2.44],17.7515[2.3664],17.6672[2.5113],4,0_6
Pref0,0.89[0.223942],0.88994[0.22224],0.89006[0.225644],4,0_6
Signal0,0.93225[0.176875],0.938247[0.168988],0.926205[0.184288],4,0_6
Hybridindex,17.8788[1.85753],17.8701[1.86341],17.8869[1.85194],5,0_6
Pref0,0.8945[0.215336],0.889175[0.218562],0.899515[0.212131],5,0_6
Signal0,0.963[0.131837],0.957216[0.141693],0.968447[0.121577],5,0_6
Hybridindex,17.89[1.61443],17.8419[1.59907],17.9396[1.62863],6,0_6
Pref0,0.89475[0.211654],0.899507[0.205227],0.889848[0.217971],6,0_6
Signal0,0.982[0.093145],0.983251[0.0899659],0.980711[0.0962943],6,0_6
Hybridindex,17.944[1.39548],17.9439[1.38652],17.9441[1.40405],7,0_6
Pref0,0.89175[0.220016],0.893476[0.217993],0.890088[0.221933],7,0_6
Signal0,0.99175[0.0636941],0.989806[0.0706607],0.993621[0.0561134],7,0_6
Hybridindex,17.941[1.3449],17.9639[1.34287],17.9175[1.34658],8,0_6
Pref0,0.895[0.217313],0.893281[0.221106],0.896761[0.213344],8,0_6
Signal0,0.998[0.0315595],0.998518[0.0271829],0.99747[0.0354793],8,0_6
Hybridindex,17.9335[1.29212],17.9339[1.33432],17.9331[1.2466],9,0_6
Pref0,0.893[0.219775],0.889814[0.224272],0.896323[0.214935],9,0_6
Signal0,0.9985[0.027345],0.998041[0.0312345],0.998979[0.0225761],9,0_6
Hybridindex,17.9503[1.28215],17.9179[1.27861],17.9814[1.28477],10,0_6
Pref0,0.89325[0.218471],0.9[0.207512],0.886765[0.228317],10,0_6
Signal0,0.9995[0.0158035],0.99898[0.0225646],1[0],10,0_6
Hybridindex,17.9208[1.27929],17.9059[1.28799],17.9354[1.27048],11,0_6
Pref0,0.90175[0.21029],0.908451[0.207187],0.895129[0.213105],11,0_6
Signal0,1[0],1[0],1[0],11,0_6
Hybridindex,17.915[1.20157],17.9251[1.22245],17.9046[1.17958],12,0_6
Pref0,0.9035[0.204176],0.897044[0.210538],0.910152[0.197184],12,0_6
Signal0,1[0],1[0],1[0],12,0_6
Hybridindex,17.952[1.17087],17.9858[1.17403],17.919[1.16684],13,0_6
Pref0,0.8995[0.215406],0.895243[0.223624],0.903656[0.206984],13,0_6
Signal0,1[0],1[0],1[0],13,0_6
Hybridindex,17.9578[1.18199],17.9562[1.15971],17.9592[1.20359],14,0_6
Pref0,0.89825[0.212772],0.894869[0.222623],0.90159[0.202513],14,0_6
Signal0,1[0],1[0],1[0],14,0_6
Hybridindex,17.982[1.20796],17.9759[1.23147],17.9881[1.18425],15,0_6
Pref0,0.898[0.218737],0.892354[0.22424],0.903579[0.213014],15,0_6
Signal0,1[0],1[0],1[0],15,0_6
Hybridindex,17.9545[1.19234],17.9963[1.18367],17.916[1.19897],16,0_6
Pref0,0.893[0.215757],0.892484[0.21413],0.893474[0.217241],16,0_6
Signal0,1[0],1[0],1[0],16,0_6
Hybridindex,17.9525[1.17728],17.9296[1.1768],17.9748[1.17732],17,0_6
Pref0,0.897[0.21884],0.89615[0.219619],0.897828[0.218076],17,0_6
Signal0,1[0],1[0],1[0],17,0_6
Hybridindex,17.9737[1.15431],17.9948[1.15723],17.9542[1.15124],18,0_6
Pref0,0.89525[0.215412],0.89834[0.212516],0.892375[0.218033],18,0_6
Signal0,1[0],1[0],1[0],18,0_6
Hybridindex,18.01[1.15289],18.0212[1.16703],17.999[1.13869],19,0_6
Pref0,0.89175[0.218305],0.888105[0.222431],0.895337[0.214106],19,0_6
Signal0,1[0],1[0],1[0],19,0_6
Hybridindex,18.0433[1.14891],18.0823[1.14323],18.0045[1.15322],20,0_6
Pref0,0.8905[0.21624],0.900602[0.21411],0.880478[0.21787],20,0_6
Signal0,1[0],1[0],1[0],20,0_6
Hybridindex,18.0155[1.17548],18.0211[1.16082],18.0097[1.19056],21,0_6
Pref0,0.8965[0.213396],0.903036[0.204983],0.889683[0.221624],21,0_6
Signal0,1[0],1[0],1[0],21,0_6
Hybridindex,18.0175[1.17087],17.9959[1.17654],18.0379[1.16512],22,0_6
Pref0,0.90175[0.210884],0.901235[0.210375],0.902237[0.211362],22,0_6
Signal0,1[0],1[0],1[0],22,0_6
Hybridindex,18.022[1.15996],18.0172[1.15326],18.0267[1.16648],23,0_6
Pref0,0.90425[0.208463],0.907071[0.208289],0.901485[0.208597],23,0_6
Signal0,1[0],1[0],1[0],23,0_6
Hybridindex,17.9955[1.1476],17.9712[1.15503],18.0169[1.14059],24,0_6
Pref0,0.9005[0.211778],0.900107[0.214112],0.900846[0.209702],24,0_6
Signal0,1[0],1[0],1[0],24,0_6
Hybridindex,17.9943[1.10876],17.9862[1.09863],18.0025[1.11905],25,0_6
Pref0,0.90575[0.209146],0.907972[0.209624],0.903455[0.208626],25,0_6
Signal0,1[0],1[0],1[0],25,0_6
Hybridindex,17.9545[1.13156],17.977[1.14192],17.932[1.12066],26,0_6
Pref0,0.90025[0.211955],0.9015[0.213419],0.899[0.210473],26,0_6
Signal0,1[0],1[0],1[0],26,0_6
Hybridindex,17.976[1.1385],18.0095[1.11788],17.9424[1.15785],27,0_6
Pref0,0.89775[0.215453],0.892715[0.223867],0.902806[0.206537],27,0_6
Signal0,1[0],1[0],1[0],27,0_6
Hybridindex,17.9572[1.13976],17.924[1.1501],17.9905[1.12834],28,0_6
Pref0,0.8975[0.213293],0.8895[0.220317],0.9055[0.205718],28,0_6
Signal0,1[0],1[0],1[0],28,0_6
Hybridindex,17.973[1.15748],17.9695[1.18719],17.9766[1.12605],29,0_6
Pref0,0.90525[0.206513],0.906404[0.203681],0.904061[0.209383],29,0_6
Signal0,1[0],1[0],1[0],29,0_6
Hybridindex,17.976[1.15582],17.9495[1.15559],18.0005[1.1555],30,0_6
Pref0,0.9[0.210357],0.899584[0.209205],0.900385[0.211416],30,0_6
Signal0,1[0],1[0],1[0],30,0_6
Hybridindex,17.9973[1.15233],18.0045[1.14213],17.9901[1.16222],31,0_6
Pref0,0.905[0.206095],0.912714[0.196333],0.897423[0.214982],31,0_6
Signal0,1[0],1[0],1[0],31,0_6
Hybridindex,17.9965[1.12372],18.0374[1.09134],17.9564[1.15316],32,0_6
Pref0,0.90225[0.209332],0.90101[0.209132],0.903465[0.209521],32,0_6
Signal0,1[0],1[0],1[0],32,0_6
Hybridindex,17.9967[1.08253],18.0485[1.0726],17.9439[1.09005],33,0_6
Pref0,0.89425[0.213757],0.892186[0.212722],0.89636[0.214789],33,0_6
Signal0,1[0],1[0],1[0],33,0_6
Hybridindex,18.0135[1.1057],18.0031[1.09334],18.0235[1.11735],34,0_6
Pref0,0.9015[0.215169],0.894898[0.219402],0.907843[0.210828],34,0_6
Signal0,1[0],1[0],1[0],34,0_6
Hybridindex,18.0455[1.11262],18.048[1.1046],18.0431[1.12027],35,0_6
Pref0,0.90325[0.211576],0.90102[0.214045],0.905392[0.209154],35,0_6
Signal0,1[0],1[0],1[0],35,0_6
Hybridindex,18.055[1.12848],18.0434[1.13459],18.0666[1.1222],36,0_6
Pref0,0.90525[0.209517],0.905689[0.205556],0.90481[0.21342],36,0_6
Signal0,1[0],1[0],1[0],36,0_6
Hybridindex,18.0787[1.06345],18.0959[1.07626],18.0626[1.05099],37,0_6
Pref0,0.91825[0.192852],0.913402[0.199809],0.922816[0.185948],37,0_6
Signal0,1[0],1[0],1[0],37,0_6
Hybridindex,18.0755[1.03504],18.0921[1.02815],18.0589[1.0416],38,0_6
Pref0,0.90875[0.198868],0.905906[0.200488],0.911588[0.197197],38,0_6
Signal0,1[0],1[0],1[0],38,0_6
Hybridindex,18.0538[1.0281],18.0517[1.00654],18.0558[1.04908],39,0_6
Pref0,0.9095[0.205693],0.918756[0.197576],0.900299[0.213058],39,0_6
Signal0,1[0],1[0],1[0],39,0_6
Hybridindex,18.037[1.0472],18.0404[1.0187],18.0335[1.07583],40,0_6
Pref0,0.913[0.200452],0.90502[0.209481],0.92124[0.19033],40,0_6
Signal0,1[0],1[0],1[0],40,0_6
Hybridindex,18.0207[1.0644],18.0267[1.05351],18.0151[1.07456],41,0_6
Pref0,0.91675[0.197976],0.91821[0.200943],0.91537[0.195118],41,0_6
Signal0,1[0],1[0],1[0],41,0_6
Hybridindex,18.0458[1.05192],18.0663[1.03339],18.0254[1.06959],42,0_6
Pref0,0.908[0.202573],0.915161[0.199349],0.900896[0.205476],42,0_6
Signal0,1[0],1[0],1[0],42,0_6
Hybridindex,18.0538[1.05829],18.089[1.03602],18.0208[1.07764],43,0_6
Pref0,0.90225[0.209928],0.905797[0.208334],0.898936[0.211353],43,0_6
Signal0,1[0],1[0],1[0],43,0_6
Hybridindex,18.0437[1.05224],18.0514[1.04368],18.0363[1.06038],44,0_6
Pref0,0.9055[0.207533],0.898167[0.216001],0.912574[0.198766],44,0_6
Signal0,1[0],1[0],1[0],44,0_6
Hybridindex,18.0353[1.0503],18.0129[1.08005],18.0581[1.01849],45,0_6
Pref0,0.9095[0.202014],0.905539[0.204376],0.913549[0.19949],45,0_6
Signal0,1[0],1[0],1[0],45,0_6
Hybridindex,17.987[1.06223],17.984[1.05621],17.99[1.06817],46,0_6
Pref0,0.90875[0.205666],0.915747[0.200107],0.901795[0.210816],46,0_6
Signal0,1[0],1[0],1[0],46,0_6
Hybridindex,18.072[1.0395],18.0286[1.05892],18.112[1.01962],47,0_6
Pref0,0.91275[0.198148],0.915625[0.200691],0.910096[0.195733],47,0_6
Signal0,1[0],1[0],1[0],47,0_6
Hybridindex,18.0188[1.0563],18.0168[1.0399],18.0207[1.07277],48,0_6
Pref0,0.9095[0.202014],0.906931[0.205738],0.912121[0.198109],48,0_6
Signal0,1[0],1[0],1[0],48,0_6
Hybridindex,18.0087[1.09547],18.0287[1.06853],17.9869[1.1238],49,0_6
Pref0,0.91325[0.200248],0.913876[0.201071],0.912565[0.199342],49,0_6
Signal0,1[0],1[0],1[0],49,0_6
Hybridindex,18.0035[1.09965],18.0317[1.08981],17.9756[1.10861],50,0_6
Pref0,0.9065[0.206174],0.903518[0.208459],0.909453[0.203844],50,0_6
Signal0,1[0],1[0],1[0],50,0_6
Hybridindex,17.9935[1.05863],18.007[1.04836],17.9799[1.06872],51,0_6
Pref0,0.91225[0.198557],0.910359[0.201914],0.914157[0.195096],51,0_6
Signal0,1[0],1[0],1[0],51,0_6
Hybridindex,17.9895[1.09231],17.9551[1.11905],18.0233[1.06437],52,0_6
Pref0,0.9135[0.198791],0.912121[0.198109],0.914851[0.199448],52,0_6
Signal0,1[0],1[0],1[0],52,0_6
Hybridindex,18.0083[1.08722],17.998[1.06619],18.0185[1.10768],53,0_6
Pref0,0.9085[0.206465],0.907816[0.206408],0.909182[0.206519],53,0_6
Signal0,1[0],1[0],1[0],53,0_6
Hybridindex,17.9868[1.08257],17.9581[1.05842],18.0184[1.10772],54,0_6
Pref0,0.90525[0.205298],0.900858[0.207553],0.910095[0.202672],54,0_6
Signal0,1[0],1[0],1[0],54,0_6
Hybridindex,17.9905[1.06403],17.9837[1.07524],17.9967[1.05372],55,0_6
Pref0,0.9065[0.204347],0.904311[0.207109],0.908484[0.20179],55,0_6
Signal0,1[0],1[0],1[0],55,0_6
Hybridindex,18.0085[1.03908],18.0336[1.03561],17.9828[1.04199],56,0_6
Pref0,0.9075[0.205411],0.910573[0.201665],0.904352[0.209132],56,0_6
Signal0,1[0],1[0],1[0],56,0_6
Hybridindex,18.0125[1.05905],18.0255[1.06396],18[1.05417],57,0_6
Pref0,0.91225[0.196659],0.905612[0.208295],0.918627[0.184566],57,0_6
Signal0,1[0],1[0],1[0],57,0_6
Hybridindex,18.0018[1.11293],17.9816[1.10668],18.0233[1.11918],58,0_6
Pref0,0.915[0.196914],0.919652[0.190101],0.910031[0.203823],58,0_6
Signal0,1[0],1[0],1[0],58,0_6
Hybridindex,18.033[1.07954],17.9965[1.06474],18.069[1.09275],59,0_6
Pref0,0.90925[0.205887],0.908862[0.209305],0.909633[0.202459],59,0_6
Signal0,1[0],1[0],1[0],59,0_6
Hybridindex,18.0553[1.07195],18.035[1.06232],18.0767[1.08165],60,0_6
Pref0,0.90275[0.204126],0.903304[0.205911],0.902163[0.202216],60,0_6
Signal0,1[0],1[0],1[0],60,0_6
Hybridindex,18.0547[1.06542],18.0608[1.06132],18.0484[1.0697],61,0_6
Pref0,0.90175[0.206693],0.898833[0.211486],0.904835[0.201454],61,0_6
Signal0,1[0],1[0],1[0],61,0_6
Hybridindex,18.0212[1.10042],18.0251[1.11719],18.0174[1.08355],62,0_6
Pref0,0.90625[0.203926],0.903518[0.20725],0.908955[0.200545],62,0_6
Signal0,1[0],1[0],1[0],62,0_6
Hybridindex,18.0425[1.03341],18.0674[1.02508],18.0179[1.041],63,0_6
Pref0,0.90275[0.209565],0.905936[0.20788],0.899602[0.211169],63,0_6
Signal0,1[0],1[0],1[0],63,0_6
Hybridindex,18.081[1.04376],18.0776[1.06523],18.0846[1.02069],64,0_6
Pref0,0.9075[0.207831],0.916585[0.200288],0.897949[0.215063],64,0_6
Signal0,1[0],1[0],1[0],64,0_6
Hybridindex,18.0877[1.02295],18.0928[1.02774],18.0829[1.01834],65,0_6
Pref0,0.9055[0.208134],0.911795[0.19978],0.899512[0.21561],65,0_6
Signal0,1[0],1[0],1[0],65,0_6
Hybridindex,18.0895[1.02567],18.1179[1.03579],18.0627[1.01529],66,0_6
Pref0,0.90375[0.21062],0.911946[0.204787],0.896016[0.215695],66,0_6
Signal0,1[0],1[0],1[0],66,0_6
Hybridindex,18.1365[1.01199],18.0965[1.05846],18.1761[0.962132],67,0_6
Pref0,0.90475[0.208692],0.90402[0.208088],0.905473[0.209287],67,0_6
Signal0,1[0],1[0],1[0],67,0_6
Hybridindex,18.1405[0.991847],18.1307[0.998637],18.1505[0.98477],68,0_6
Pref0,0.9055[0.203887],0.910396[0.199357],0.900505[0.208287],68,0_6
Signal0,1[0],1[0],1[0],68,0_6
Hybridindex,18.1722[0.997349],18.138[0.975126],18.2057[1.01751],69,0_6
Pref0,0.9095[0.202014],0.904954[0.207459],0.913947[0.196441],69,0_6
Signal0,1[0],1[0],1[0],69,0_6
Hybridindex,18.171[1.00188],18.17[0.988495],18.1719[1.01398],70,0_6
Pref0,0.90175[0.213242],0.900628[0.21468],0.902778[0.211911],70,0_6
Signal0,1[0],1[0],1[0],70,0_6
Hybridindex,18.18[0.996669],18.2042[0.995329],18.1556[0.997426],71,0_6
Pref0,0.9045[0.205863],0.902888[0.210012],0.906124[0.201582],71,0_6
Signal0,1[0],1[0],1[0],71,0_6
Hybridindex,18.1923[1.04027],18.1588[1.0604],18.2284[1.01683],72,0_6
Pref0,0.901[0.20964],0.900866[0.207625],0.901145[0.211798],72,0_6
Signal0,1[0],1[0],1[0],72,0_6
Hybridindex,18.1842[1.03377],18.1741[1.0405],18.1937[1.02736],73,0_6
Pref0,0.90075[0.212778],0.897927[0.214007],0.903382[0.211592],73,0_6
Signal0,1[0],1[0],1[0],73,0_6
Hybridindex,18.167[1.02743],18.1872[1.02839],18.1455[1.02597],74,0_6
Pref0,0.9005[0.208806],0.904462[0.20738],0.896285[0.21023],74,0_6
Signal0,1[0],1[0],1[0],74,0_6
Hybridindex,18.1975[1.02213],18.1972[1.02563],18.1978[1.01888],75,0_6
Pref0,0.904[0.208648],0.899063[0.210814],0.908566[0.20652],75,0_6
Signal0,1[0],1[0],1[0],75,0_6
Hybridindex,18.1522[1.02442],18.1839[1.04104],18.1209[1.00672],76,0_6
Pref0,0.90425[0.206051],0.902513[0.211583],0.90597[0.200408],76,0_6
Signal0,1[0],1[0],1[0],76,0_6
Hybridindex,18.177[1.00133],18.162[1.0031],18.1922[0.999309],77,0_6
Pref0,0.906[0.204118],0.912289[0.197827],0.899596[0.210136],77,0_6
Signal0,1[0],1[0],1[0],77,0_6
Hybridindex,18.209[1.00751],18.2059[1.00745],18.2121[1.00755],78,0_6
Pref0,0.90125[0.211834],0.898798[0.214174],0.903693[0.209448],78,0_6
Signal0,1[0],1[0],1[0],78,0_6
Hybridindex,18.184[1.0283],18.2121[1.03608],18.1554[1.01952],79,0_6
Pref0,0.9065[0.205567],0.902874[0.208781],0.910192[0.202176],79,0_6
Signal0,1[0],1[0],1[0],79,0_6
Hybridindex,18.139[1.04088],18.1471[1.05815],18.131[1.02339],80,0_6
Pref0,0.90525[0.20892],0.913655[0.204307],0.896912[0.21307],80,0_6
Signal0,1[0],1[0],1[0],80,0_6
Hybridindex,18.1938[1.00615],18.1574[1.00293],18.2316[1.00809],81,0_6
Pref0,0.89825[0.212184],0.89951[0.208754],0.896939[0.215688],81,0_6
Signal0,1[0],1[0],1[0],81,0_6
Hybridindex,18.1865[1.015],18.1575[1.02811],18.2143[1.0015],82,0_6
Pref0,0.89[0.222261],0.885992[0.228443],0.893836[0.21611],82,0_6
Signal0,1[0],1[0],1[0],82,0_6
Hybridindex,18.1962[1.00405],18.1912[0.989196],18.2014[1.01901],83,0_6
Pref0,0.8945[0.211825],0.893281[0.21081],0.895749[0.212852],83,0_6
Signal0,1[0],1[0],1[0],83,0_6
Hybridindex,18.257[0.975936],18.2668[0.992639],18.2473[0.959013],84,0_6
Pref0,0.89625[0.215896],0.902513[0.206779],0.89005[0.224385],84,0_6
Signal0,1[0],1[0],1[0],84,0_6
Hybridindex,18.283[0.966003],18.3113[0.939338],18.2559[0.990088],85,0_6
Pref0,0.9065[0.207985],0.908998[0.203248],0.90411[0.212392],85,0_6
Signal0,1[0],1[0],1[0],85,0_6
Hybridindex,18.2608[0.961059],18.2999[0.94067],18.2214[0.979531],86,0_6
Pref0,0.9095[0.201395],0.907685[0.200326],0.911323[0.202445],86,0_6
Signal0,1[0],1[0],1[0],86,0_6
Hybridindex,18.259[0.978478],18.2592[0.974553],18.2588[0.982411],87,0_6
Pref0,0.90075[0.208025],0.911765[0.19704],0.889669[0.217959],87,0_6
Signal0,1[0],1[0],1[0],87,0_6
Hybridindex,18.2505[0.987421],18.2779[0.977669],18.2219[0.996667],88,0_6
Pref0,0.903[0.206376],0.901471[0.208514],0.904592[0.204114],88,0_6
Signal0,1[0],1[0],1[0],88,0_6
Hybridindex,18.2712[0.99174],18.295[0.970021],18.2483[1.01176],89,0_6
Pref0,0.8985[0.214354],0.896236[0.216125],0.900688[0.212606],89,0_6
Signal0,1[0],1[0],1[0],89,0_6
Hybridindex,18.2898[1.00021],18.2826[0.99122],18.2967[1.00876],90,0_6
Pref0,0.89825[0.213944],0.899695[0.208939],0.896857[0.218654],90,0_6
Signal0,1[0],1[0],1[0],90,0_6
Hybridindex,18.2928[0.964325],18.3079[0.963917],18.2769[0.964496],91,0_6
Pref0,0.896[0.217219],0.897361[0.217114],0.894575[0.217319],91,0_6
Signal0,1[0],1[0],1[0],91,0_6
Hybridindex,18.3095[0.942581],18.2953[0.956192],18.3237[0.928583],92,0_6
Pref0,0.8975[0.211527],0.894394[0.212494],0.900599[0.210512],92,0_6
Signal0,1[0],1[0],1[0],92,0_6
Hybridindex,18.2832[0.955193],18.2978[0.959828],18.2686[0.950273],93,0_6
Pref0,0.89875[0.215925],0.900896[0.211448],0.896586[0.220324],93,0_6
Signal0,1[0],1[0],1[0],93,0_6
Hybridindex,18.299[0.940398],18.3414[0.929906],18.2588[0.948501],94,0_6
Pref0,0.90075[0.210415],0.902977[0.209089],0.898635[0.211645],94,0_6
Signal0,1[0],1[0],1[0],94,0_6
Hybridindex,18.289[0.962927],18.2748[0.982391],18.3022[0.94419],95,0_6
Pref0,0.9015[0.212245],0.904244[0.207001],0.898936[0.216997],95,0_6
Signal0,1[0],1[0],1[0],95,0_6
Hybridindex,18.2473[0.965268],18.264[0.972296],18.2317[0.958446],96,0_6
Pref0,0.893[0.222601],0.879418[0.235852],0.905588[0.208785],96,0_6
Signal0,1[0],1[0],1[0],96,0_6
Hybridindex,18.2692[0.976923],18.2681[1.01062],18.2703[0.94259],97,0_6
Pref0,0.88825[0.22447],0.897177[0.217695],0.879464[0.230607],97,0_6
Signal0,1[0],1[0],1[0],97,0_6
Hybridindex,18.267[0.975429],18.2792[0.957691],18.2556[0.991675],98,0_6
Pref0,0.88375[0.22663],0.881837[0.23103],0.885548[0.222399],98,0_6
Signal0,1[0],1[0],1[0],98,0_6
Hybridindex,18.2715[0.97534],18.2552[1.00329],18.2882[0.945626],99,0_6
Pref0,0.87475[0.231705],0.882295[0.227864],0.867037[0.235318],99,0_6
Signal0,1[0],1[0],1[0],99,0_6
Hybridindex,18.2853[0.982348],18.3201[0.987926],18.2534[0.976122],100,0_6
Pref0,0.86775[0.241112],0.872908[0.242693],0.863027[0.239557],100,0_6
Signal0,1[0],1[0],1[0],100,0_6
Hybridindex,12.37[8.29958],12.275[8.2173],12.4629[8.37826],1,0_60
Pref0,0.6185[0.414979],0.613751[0.410865],0.623145[0.418913],1,0_60
Signal0,0.6185[0.414979],0.613751[0.410865],0.623145[0.418913],1,0_60
Hybridindex,15.116[6.27762],15.0064[6.40102],15.228[6.14691],2,0_60
Pref0,0.75725[0.341244],0.752226[0.344782],0.762386[0.337511],2,0_60
Signal0,0.75075[0.342782],0.750247[0.347646],0.751264[0.337736],2,0_60
Hybridindex,16.8505[3.98668],17.0246[3.87701],16.6775[4.08544],3,0_60
Pref0,0.83825[0.271959],0.849047[0.261221],0.827517[0.28182],3,0_60
Signal0,0.85775[0.252765],0.8666[0.242764],0.848953[0.262031],3,0_60
Hybridindex,17.4695[2.63573],17.5535[2.59321],17.3807[2.67709],4,0_60
Pref0,0.8685[0.242812],0.869163[0.241897],0.867798[0.243775],4,0_60
Signal0,0.91975[0.189565],0.928988[0.178668],0.909979[0.199983],4,0_60
Hybridindex,17.635[2.05305],17.5604[2.06144],17.7138[2.04121],5,0_60
Pref0,0.8805[0.232851],0.872931[0.234899],0.888489[0.2304],5,0_60
Signal0,0.9565[0.140918],0.95667[0.140668],0.956321[0.14118],5,0_60
Hybridindex,17.663[1.65187],17.7249[1.63205],17.6013[1.6691],6,0_60
Pref0,0.8805[0.228516],0.882766[0.221091],0.878244[0.235658],6,0_60
Signal0,0.977[0.105929],0.978958[0.102856],0.97505[0.108869],6,0_60
Hybridindex,17.6665[1.50674],17.617[1.52558],17.7181[1.48509],7,0_60
Pref0,0.876[0.231028],0.870225[0.234312],0.882022[0.227397],7,0_60
Signal0,0.98375[0.0886619],0.984329[0.0871199],0.983146[0.0902381],7,0_60
Hybridindex,17.6777[1.4204],17.7063[1.41877],17.6494[1.42145],8,0_60
Pref0,0.86575[0.240004],0.868976[0.240589],0.86255[0.23938],8,0_60
Signal0,0.9945[0.0521512],0.994478[0.0522547],0.994522[0.0520484],8,0_60
Hybridindex,17.7183[1.38636],17.6854[1.3816],17.7531[1.39055],9,0_60
Pref0,0.866[0.239362],0.862621[0.242981],0.869588[0.235405],9,0_60
Signal0,0.99725[0.0369789],0.997087[0.0380503],0.997423[0.0358053],9,0_60
Hybridindex,17.6848[1.32702],17.7185[1.30755],17.6504[1.3457],10,0_60
Pref0,0.86475[0.246135],0.861249[0.245019],0.868315[0.247215],10,0_60
Signal0,0.9985[0.027345],0.998513[0.0272232],0.998486[0.0274685],10,0_60
Hybridindex,17.7097[1.3507],17.7376[1.35237],17.6845[1.34868],11,0_60
Pref0,0.86675[0.238997],0.871188[0.238225],0.862726[0.239623],11,0_60
Signal0,0.99975[0.0111775],0.999474[0.0162051],1[0],11,0_60
Hybridindex,17.6928[1.32154],17.6817[1.28187],17.7037[1.35967],12,0_60
Pref0,0.872[0.241073],0.86747[0.242365],0.876494[0.239699],12,0_60
Signal0,1[0],1[0],1[0],12,0_60
Hybridindex,17.6728[1.2892],17.7168[1.25658],17.6292[1.31919],13,0_60
Pref0,0.87575[0.231164],0.868712[0.237604],0.882704[0.224403],13,0_60
Signal0,1[0],1[0],1[0],13,0_60
Hybridindex,17.7215[1.24597],17.743[1.2418],17.6997[1.24979],14,0_60
Pref0,0.874[0.231569],0.871769[0.2369],0.876258[0.226023],14,0_60
Signal0,1[0],1[0],1[0],14,0_60
Hybridindex,17.7602[1.20961],17.7523[1.2159],17.7681[1.20332],15,0_60
Pref0,0.8735[0.235048],0.870091[0.236927],0.876862[0.233132],15,0_60
Signal0,1[0],1[0],1[0],15,0_60
Hybridindex,17.8002[1.21026],17.794[1.18159],17.8061[1.23615],16,0_60
Pref0,0.87775[0.228429],0.881894[0.219604],0.873917[0.236234],16,0_60
Signal0,1[0],1[0],1[0],16,0_60
Hybridindex,17.769[1.25594],17.7857[1.20788],17.7515[1.30405],17,0_60
Pref0,0.8825[0.220667],0.886008[0.215518],0.878834[0.225863],17,0_60
Signal0,1[0],1[0],1[0],17,0_60
Hybridindex,17.794[1.2265],17.728[1.27225],17.8598[1.17549],18,0_60
Pref0,0.8885[0.221512],0.88477[0.227711],0.892216[0.215097],18,0_60
Signal0,1[0],1[0],1[0],18,0_60
Hybridindex,17.7615[1.23769],17.7696[1.21622],17.7528[1.26007],19,0_60
Pref0,0.89475[0.216904],0.891368[0.220952],0.898349[0.212454],19,0_60
Signal0,1[0],1[0],1[0],19,0_60
Hybridindex,17.6728[1.28483],17.6903[1.28951],17.6552[1.27988],20,0_60
Pref0,0.89625[0.221045],0.88961[0.223611],0.902903[0.218241],20,0_60
Signal0,1[0],1[0],1[0],20,0_60
Hybridindex,17.6672[1.25615],17.6876[1.25772],17.6474[1.25429],21,0_60
Pref0,0.90275[0.213699],0.901921[0.210892],0.903561[0.216407],21,0_60
Signal0,1[0],1[0],1[0],21,0_60
Hybridindex,17.6535[1.25077],17.6064[1.29407],17.6977[1.20708],22,0_60
Pref0,0.8975[0.215624],0.903409[0.208841],0.891957[0.221655],22,0_60
Signal0,1[0],1[0],1[0],22,0_60
Hybridindex,17.6663[1.22239],17.6485[1.26229],17.6857[1.17696],23,0_60
Pref0,0.907[0.209406],0.910441[0.20848],0.903243[0.210349],23,0_60
Signal0,1[0],1[0],1[0],23,0_60
Hybridindex,17.6495[1.22797],17.6645[1.21436],17.6343[1.2414],24,0_60
Pref0,0.9115[0.201662],0.917495[0.197278],0.905433[0.205827],24,0_60
Signal0,1[0],1[0],1[0],24,0_60
Hybridindex,17.622[1.26792],17.6289[1.26114],17.6153[1.27442],25,0_60
Pref0,0.9075[0.206019],0.902538[0.214082],0.912315[0.197761],25,0_60
Signal0,1[0],1[0],1[0],25,0_60
Hybridindex,17.6095[1.28608],17.5908[1.28647],17.6275[1.28545],26,0_60
Pref0,0.90675[0.201691],0.898469[0.211041],0.914706[0.191944],26,0_60
Signal0,1[0],1[0],1[0],26,0_60
Hybridindex,17.6363[1.27889],17.6104[1.26352],17.6626[1.29385],27,0_60
Pref0,0.9075[0.207229],0.89901[0.213873],0.916162[0.199852],27,0_60
Signal0,1[0],1[0],1[0],27,0_60
Hybridindex,17.6373[1.26017],17.6372[1.28751],17.6373[1.23371],28,0_60
Pref0,0.91225[0.197927],0.911614[0.202499],0.912853[0.193493],28,0_60
Signal0,1[0],1[0],1[0],28,0_60
Hybridindex,17.6878[1.2384],17.6855[1.24795],17.6901[1.22829],29,0_60
Pref0,0.91075[0.197887],0.917969[0.18908],0.903176[0.206454],29,0_60
Signal0,1[0],1[0],1[0],29,0_60
Hybridindex,17.7065[1.19462],17.7245[1.19293],17.6892[1.19598],30,0_60
Pref0,0.90925[0.202829],0.907143[0.205908],0.911275[0.199805],30,0_60
Signal0,1[0],1[0],1[0],30,0_60
Hybridindex,17.7057[1.16921],17.6771[1.18184],17.7339[1.15597],31,0_60
Pref0,0.90075[0.205607],0.901615[0.205026],0.899901[0.206173],31,0_60
Signal0,1[0],1[0],1[0],31,0_60
Hybridindex,17.71[1.17576],17.7129[1.18836],17.707[1.16238],32,0_60
Pref0,0.8985[0.215517],0.904785[0.209553],0.891906[0.22141],32,0_60
Signal0,1[0],1[0],1[0],32,0_60
Hybridindex,17.7372[1.15546],17.7741[1.16359],17.6982[1.14549],33,0_60
Pref0,0.8985[0.216674],0.900389[0.218307],0.896498[0.214913],33,0_60
Signal0,1[0],1[0],1[0],33,0_60
Hybridindex,17.7455[1.17398],17.7521[1.15213],17.7393[1.19424],34,0_60
Pref0,0.89525[0.215412],0.898663[0.212201],0.892023[0.218357],34,0_60
Signal0,1[0],1[0],1[0],34,0_60
Hybridindex,17.7795[1.16023],17.7582[1.17377],17.8[1.14669],35,0_60
Pref0,0.88725[0.221726],0.890306[0.218898],0.884314[0.224371],35,0_60
Signal0,1[0],1[0],1[0],35,0_60
Hybridindex,17.7885[1.17517],17.8059[1.19489],17.7717[1.15549],36,0_60
Pref0,0.885[0.224221],0.887703[0.220497],0.882382[0.227738],36,0_60
Signal0,1[0],1[0],1[0],36,0_60
Hybridindex,17.7815[1.17867],17.7542[1.18409],17.8095[1.17242],37,0_60
Pref0,0.8845[0.226737],0.880553[0.232049],0.888551[0.221079],37,0_60
Signal0,1[0],1[0],1[0],37,0_60
Hybridindex,17.7293[1.20169],17.7311[1.20585],17.7275[1.19779],38,0_60
Pref0,0.8825[0.226812],0.881075[0.222386],0.883833[0.23087],38,0_60
Signal0,1[0],1[0],1[0],38,0_60
Hybridindex,17.7523[1.17431],17.7922[1.13562],17.7126[1.21016],39,0_60
Pref0,0.878[0.229382],0.876506[0.228075],0.879482[0.230661],39,0_60
Signal0,1[0],1[0],1[0],39,0_60
Hybridindex,17.7042[1.18971],17.6473[1.22906],17.7602[1.147],40,0_60
Pref0,0.87675[0.229531],0.87336[0.232037],0.880079[0.226993],40,0_60
Signal0,1[0],1[0],1[0],40,0_60
Hybridindex,17.6485[1.19109],17.6501[1.22046],17.6468[1.15998],41,0_60
Pref0,0.8795[0.225787],0.885335[0.219366],0.873476[0.232076],41,0_60
Signal0,1[0],1[0],1[0],41,0_60
Hybridindex,17.6427[1.18806],17.6249[1.18385],17.6607[1.19201],42,0_60
Pref0,0.87725[0.23304],0.882118[0.225918],0.872372[0.239865],42,0_60
Signal0,1[0],1[0],1[0],42,0_60
Hybridindex,17.692[1.15581],17.6727[1.16532],17.7131[1.14493],43,0_60
Pref0,0.8765[0.232374],0.878947[0.230325],0.873822[0.234567],43,0_60
Signal0,1[0],1[0],1[0],43,0_60
Hybridindex,17.692[1.14297],17.747[1.11587],17.6359[1.16731],44,0_60
Pref0,0.8805[0.230152],0.881188[0.23281],0.879798[0.227405],44,0_60
Signal0,1[0],1[0],1[0],44,0_60
Hybridindex,17.6965[1.16646],17.6982[1.16686],17.6948[1.16608],45,0_60
Pref0,0.877[0.237426],0.880021[0.237504],0.87415[0.237317],45,0_60
Signal0,1[0],1[0],1[0],45,0_60
Hybridindex,17.6227[1.16654],17.5965[1.17596],17.6477[1.15697],46,0_60
Pref0,0.88425[0.227985],0.885524[0.22654],0.883041[0.229341],46,0_60
Signal0,1[0],1[0],1[0],46,0_60
Hybridindex,17.6322[1.17543],17.6545[1.14565],17.6107[1.20318],47,0_60
Pref0,0.8815[0.231749],0.886179[0.229333],0.876969[0.233977],47,0_60
Signal0,1[0],1[0],1[0],47,0_60
Hybridindex,17.672[1.19454],17.6476[1.17872],17.698[1.21066],48,0_60
Pref0,0.88475[0.225483],0.882381[0.229607],0.88728[0.220963],48,0_60
Signal0,1[0],1[0],1[0],48,0_60
Hybridindex,17.6562[1.18352],17.6672[1.16856],17.6457[1.19765],49,0_60
Pref0,0.88775[0.225333],0.897044[0.216782],0.878803[0.232919],49,0_60
Signal0,1[0],1[0],1[0],49,0_60
Hybridindex,17.6588[1.17715],17.6617[1.18414],17.6559[1.17042],50,0_60
Pref0,0.89075[0.223471],0.89304[0.220664],0.888563[0.226098],50,0_60
Signal0,1[0],1[0],1[0],50,0_60
Hybridindex,17.6588[1.14714],17.7053[1.15279],17.613[1.13971],51,0_60
Pref0,0.89525[0.217146],0.894551[0.22061],0.895937[0.213688],51,0_60
Signal0,1[0],1[0],1[0],51,0_60
Hybridindex,17.6258[1.16074],17.5821[1.17207],17.6678[1.14815],52,0_60
Pref0,0.901[0.210829],0.902141[0.207174],0.899902[0.214284],52,0_60
Signal0,1[0],1[0],1[0],52,0_60
Hybridindex,17.6693[1.13191],17.6434[1.13279],17.6938[1.13053],53,0_60
Pref0,0.9005[0.210594],0.903176[0.210143],0.897949[0.210991],53,0_60
Signal0,1[0],1[0],1[0],53,0_60
Hybridindex,17.6902[1.14888],17.6879[1.15381],17.6927[1.14365],54,0_60
Pref0,0.90125[0.211243],0.901168[0.213285],0.901336[0.209066],54,0_60
Signal0,1[0],1[0],1[0],54,0_60
Hybridindex,17.6932[1.16062],17.7002[1.16982],17.6857[1.15053],55,0_60
Pref0,0.89575[0.216234],0.900385[0.207974],0.890739[0.224715],55,0_60
Signal0,1[0],1[0],1[0],55,0_60
Hybridindex,17.7102[1.12458],17.7283[1.13838],17.6925[1.11054],56,0_60
Pref0,0.8955[0.213494],0.905746[0.204381],0.885417[0.221636],56,0_60
Signal0,1[0],1[0],1[0],56,0_60
Hybridindex,17.6848[1.11635],17.719[1.11447],17.6522[1.11716],57,0_60
Pref0,0.8845[0.223405],0.888718[0.216442],0.880488[0.229761],57,0_60
Signal0,1[0],1[0],1[0],57,0_60
Hybridindex,17.6902[1.11711],17.6399[1.14554],17.7355[1.08892],58,0_60
Pref0,0.87625[0.234117],0.871172[0.241613],0.880817[0.227068],58,0_60
Signal0,1[0],1[0],1[0],58,0_60
Hybridindex,17.7162[1.13186],17.7177[1.10303],17.7149[1.15784],59,0_60
Pref0,0.87925[0.230856],0.877083[0.231606],0.88125[0.230143],59,0_60
Signal0,1[0],1[0],1[0],59,0_60
Hybridindex,17.723[1.1205],17.691[1.15248],17.757[1.08455],60,0_60
Pref0,0.87825[0.2276],0.879981[0.226795],0.876416[0.228437],60,0_60
Signal0,1[0],1[0],1[0],60,0_60
Hybridindex,17.7703[1.08988],17.7914[1.09515],17.7485[1.08401],61,0_60
Pref0,0.881[0.223806],0.89497[0.216582],0.866633[0.230116],61,0_60
Signal0,1[0],1[0],1[0],61,0_60
Hybridindex,17.7835[1.11103],17.821[1.107],17.746[1.11377],62,0_60
Pref0,0.87275[0.233843],0.8715[0.233961],0.874[0.233718],62,0_60
Signal0,1[0],1[0],1[0],62,0_60
Hybridindex,17.805[1.12104],17.7899[1.11604],17.8201[1.12583],63,0_60
Pref0,0.8725[0.23663],0.873253[0.235144],0.871743[0.23811],63,0_60
Signal0,1[0],1[0],1[0],63,0_60
Hybridindex,17.7815[1.11041],17.818[1.07311],17.7439[1.14629],64,0_60
Pref0,0.8765[0.232374],0.878698[0.233065],0.874239[0.23164],64,0_60
Signal0,1[0],1[0],1[0],64,0_60
Hybridindex,17.7913[1.09968],17.8211[1.10766],17.7608[1.09065],65,0_60
Pref0,0.8675[0.239152],0.858771[0.249131],0.876387[0.228202],65,0_60
Signal0,1[0],1[0],1[0],65,0_60
Hybridindex,17.7958[1.10449],17.7988[1.09861],17.7929[1.11005],66,0_60
Pref0,0.87425[0.233585],0.878337[0.229572],0.87037[0.237267],66,0_60
Signal0,1[0],1[0],1[0],66,0_60
Hybridindex,17.8427[1.08266],17.8544[1.09988],17.8312[1.06517],67,0_60
Pref0,0.87025[0.238306],0.863454[0.243241],0.876992[0.233112],67,0_60
Signal0,1[0],1[0],1[0],67,0_60
Hybridindex,17.81[1.07152],17.7835[1.056],17.8378[1.08683],68,0_60
Pref0,0.8715[0.235558],0.86999[0.236479],0.873081[0.23458],68,0_60
Signal0,1[0],1[0],1[0],68,0_60
Hybridindex,17.8553[1.10178],17.8594[1.07001],17.851[1.1337],69,0_60
Pref0,0.8795[0.234478],0.878564[0.237267],0.880468[0.231552],69,0_60
Signal0,1[0],1[0],1[0],69,0_60
Hybridindex,17.869[1.09594],17.8633[1.10375],17.8743[1.08869],70,0_60
Pref0,0.882[0.225446],0.877349[0.228086],0.886276[0.222906],70,0_60
Signal0,1[0],1[0],1[0],70,0_60
Hybridindex,17.87[1.12054],17.8987[1.09888],17.8403[1.14175],71,0_60
Pref0,0.8845[0.228932],0.882989[0.224103],0.886063[0.233813],71,0_60
Signal0,1[0],1[0],1[0],71,0_60
Hybridindex,17.8225[1.12004],17.8468[1.09648],17.7987[1.14212],72,0_60
Pref0,0.88675[0.218631],0.880182[0.227199],0.893175[0.209712],72,0_60
Signal0,1[0],1[0],1[0],72,0_60
Hybridindex,17.8128[1.09376],17.7925[1.10449],17.8332[1.08243],73,0_60
Pref0,0.89075[0.221787],0.89801[0.215785],0.883417[0.227453],73,0_60
Signal0,1[0],1[0],1[0],73,0_60
Hybridindex,17.812[1.14429],17.7948[1.14293],17.8296[1.14541],74,0_60
Pref0,0.88675[0.225387],0.885262[0.226115],0.888271[0.224631],74,0_60
Signal0,1[0],1[0],1[0],74,0_60
Hybridindex,17.7915[1.13711],17.7738[1.16672],17.8099[1.10522],75,0_60
Pref0,0.8925[0.218961],0.893032[0.2144],0.891947[0.223599],75,0_60
Signal0,1[0],1[0],1[0],75,0_60
Hybridindex,17.7905[1.1312],17.7789[1.119],17.8017[1.14266],76,0_60
Pref0,0.8915[0.219608],0.89428[0.216311],0.888834[0.222691],76,0_60
Signal0,1[0],1[0],1[0],76,0_60
Hybridindex,17.8248[1.10087],17.7938[1.12509],17.8564[1.07462],77,0_60
Pref0,0.89175[0.223399],0.900099[0.215406],0.883215[0.230972],77,0_60
Signal0,1[0],1[0],1[0],77,0_60
Hybridindex,17.788[1.08814],17.8287[1.08861],17.7446[1.08597],78,0_60
Pref0,0.893[0.219205],0.896418[0.214247],0.889349[0.224323],78,0_60
Signal0,1[0],1[0],1[0],78,0_60
Hybridindex,17.8087[1.07089],17.7996[1.06752],17.8178[1.07412],79,0_60
Pref0,0.88575[0.226543],0.886707[0.226636],0.884806[0.226448],79,0_60
Signal0,1[0],1[0],1[0],79,0_60
Hybridindex,17.8335[1.09157],17.8421[1.09658],17.8248[1.0864],80,0_60
Pref0,0.88525[0.229581],0.885799[0.229128],0.884693[0.230039],80,0_60
Signal0,1[0],1[0],1[0],80,0_60
Hybridindex,17.8268[1.07743],17.8246[1.07644],17.8289[1.07845],81,0_60
Pref0,0.88225[0.227508],0.883399[0.225019],0.881073[0.230024],81,0_60
Signal0,1[0],1[0],1[0],81,0_60
Hybridindex,17.83[1.08379],17.8196[1.10605],17.8408[1.06016],82,0_60
Pref0,0.878[0.231011],0.867748[0.237701],0.888606[0.223385],82,0_60
Signal0,1[0],1[0],1[0],82,0_60
Hybridindex,17.791[1.09205],17.7627[1.09223],17.822[1.09101],83,0_60
Pref0,0.88225[0.226407],0.872249[0.235986],0.893194[0.214905],83,0_60
Signal0,1[0],1[0],1[0],83,0_60
Hybridindex,17.8045[1.07076],17.7859[1.09802],17.823[1.04263],84,0_60
Pref0,0.87925[0.227034],0.878134[0.228253],0.880359[0.22581],84,0_60
Signal0,1[0],1[0],1[0],84,0_60
Hybridindex,17.793[1.07594],17.7594[1.10191],17.8271[1.0478],85,0_60
Pref0,0.89025[0.218701],0.892361[0.219512],0.888105[0.217852],85,0_60
Signal0,1[0],1[0],1[0],85,0_60
Hybridindex,17.8305[1.08098],17.807[1.11728],17.8543[1.0425],86,0_60
Pref0,0.887[0.22468],0.893532[0.218789],0.880402[0.230289],86,0_60
Signal0,1[0],1[0],1[0],86,0_60
Hybridindex,17.8425[1.09073],17.8303[1.0911],17.8545[1.09024],87,0_60
Pref0,0.8825[0.22626],0.878147[0.233748],0.886792[0.218541],87,0_60
Signal0,1[0],1[0],1[0],87,0_60
Hybridindex,17.8197[1.07837],17.8335[1.03668],17.8062[1.11764],88,0_60
Pref0,0.8785[0.234495],0.886983[0.225387],0.870168[0.24282],88,0_60
Signal0,1[0],1[0],1[0],88,0_60
Hybridindex,17.8193[1.08557],17.8386[1.07668],17.798[1.09485],89,0_60
Pref0,0.8815[0.226843],0.883954[0.222108],0.878804[0.231904],89,0_60
Signal0,1[0],1[0],1[0],89,0_60
Hybridindex,17.7817[1.10521],17.7911[1.0835],17.7723[1.12655],90,0_60
Pref0,0.87775[0.232766],0.882353[0.232284],0.873119[0.233158],90,0_60
Signal0,1[0],1[0],1[0],90,0_60
Hybridindex,17.7778[1.0551],17.7742[1.0591],17.7814[1.05097],91,0_60
Pref0,0.894[0.216827],0.891798[0.216425],0.896255[0.217215],91,0_60
Signal0,1[0],1[0],1[0],91,0_60
Hybridindex,17.7748[1.08392],17.7427[1.07155],17.8062[1.09502],92,0_60
Pref0,0.893[0.216335],0.902624[0.205507],0.883548[0.226068],92,0_60
Signal0,1[0],1[0],1[0],92,0_60
Hybridindex,17.825[1.07767],17.7557[1.09742],17.8944[1.05296],93,0_60
Pref0,0.89125[0.216907],0.894106[0.215009],0.888388[0.218754],93,0_60
Signal0,1[0],1[0],1[0],93,0_60
Hybridindex,17.8332[1.0702],17.8502[1.05455],17.8164[1.08529],94,0_60
Pref0,0.895[0.219602],0.894289[0.218387],0.895709[0.220803],94,0_60
Signal0,1[0],1[0],1[0],94,0_60
Hybridindex,17.8148[1.08607],17.7998[1.09202],17.8307[1.07944],95,0_60
Pref0,0.89875[0.214181],0.90764[0.206119],0.889234[0.222093],95,0_60
Signal0,1[0],1[0],1[0],95,0_60
Hybridindex,17.8373[1.10945],17.8555[1.11806],17.8198[1.10086],96,0_60
Pref0,0.9[0.213892],0.892237[0.219994],0.907444[0.207601],96,0_60
Signal0,1[0],1[0],1[0],96,0_60
Hybridindex,17.8627[1.10319],17.8769[1.08209],17.8468[1.1263],97,0_60
Pref0,0.89825[0.212772],0.898585[0.210229],0.897872[0.215603],97,0_60
Signal0,1[0],1[0],1[0],97,0_60
Hybridindex,17.8568[1.09868],17.8721[1.0972],17.8401[1.10005],98,0_60
Pref0,0.9025[0.207951],0.896154[0.209818],0.909375[0.205689],98,0_60
Signal0,1[0],1[0],1[0],98,0_60
Hybridindex,17.8717[1.07468],17.858[1.06703],17.8851[1.08189],99,0_60
Pref0,0.898[0.217016],0.891988[0.222348],0.903846[0.211538],99,0_60
Signal0,1[0],1[0],1[0],99,0_60
Hybridindex,17.9115[1.06861],17.921[1.07902],17.9012[1.05716],100,0_60
Pref0,0.891[0.217069],0.893545[0.216129],0.888254[0.218046],100,0_60
Signal0,1[0],1[0],1[0],100,0_60
Hybridindex,12.715[8.25704],12.8119[8.19407],12.6162[8.31963],1,0_61
Pref0,0.63575[0.412852],0.640594[0.409704],0.630808[0.415982],1,0_61
Signal0,0.63575[0.412852],0.640594[0.409704],0.630808[0.415982],1,0_61
Hybridindex,15.2122[6.04542],15.2887[5.90161],15.1375[6.18195],2,0_61
Pref0,0.76125[0.331472],0.768959[0.318707],0.753709[0.343332],2,0_61
Signal0,0.75625[0.33198],0.76542[0.323619],0.74728[0.339721],2,0_61
Hybridindex,16.864[3.85817],16.82[3.85371],16.9047[3.86185],3,0_61
Pref0,0.846[0.262743],0.845994[0.262477],0.846006[0.26299],3,0_61
Signal0,0.85525[0.24581],0.854318[0.249045],0.856112[0.242776],3,0_61
Hybridindex,17.604[2.53183],17.5988[2.56666],17.6086[2.50015],4,0_61
Pref0,0.88975[0.220726],0.892178[0.219316],0.887571[0.221961],4,0_61
Signal0,0.92425[0.183404],0.92759[0.177455],0.921252[0.188533],4,0_61
Hybridindex,17.8352[1.85],17.817[1.89027],17.8521[1.81194],5,0_61
Pref0,0.906[0.206553],0.902503[0.214525],0.909222[0.198872],5,0_61
Signal0,0.96175[0.133835],0.961418[0.135365],0.962056[0.13241],5,0_61
Hybridindex,17.9187[1.58233],17.9296[1.57973],17.9083[1.58476],6,0_61
Pref0,0.90925[0.202211],0.902041[0.209703],0.916176[0.194491],6,0_61
Signal0,0.98175[0.0937653],0.980612[0.0965297],0.982843[0.0910169],6,0_61
Hybridindex,17.9387[1.43531],17.9628[1.38227],17.9142[1.48698],7,0_61
Pref0,0.91075[0.207146],0.916254[0.202005],0.905146[0.212105],7,0_61
Signal0,0.993[0.0587452],0.993558[0.0563872],0.992432[0.0610474],7,0_61
Hybridindex,17.8843[1.37722],17.953[1.34441],17.8141[1.40644],8,0_61
Pref0,0.9055[0.206929],0.912871[0.19734],0.89798[0.216015],8,0_61
Signal0,0.99425[0.0533098],0.993069[0.0584578],0.995455[0.0474559],8,0_61
Hybridindex,17.9032[1.31739],17.9485[1.27656],17.858[1.35548],9,0_61
Pref0,0.90675[0.208996],0.908[0.206243],0.9055[0.211707],9,0_61
Signal0,0.99825[0.0295286],0.998[0.0315595],0.9985[0.027345],9,0_61
Hybridindex,17.921[1.27819],17.9359[1.2861],17.9058[1.26994],10,0_61
Pref0,0.90375[0.207632],0.90864[0.204456],0.898792[0.210688],10,0_61
Signal0,0.99975[0.0111775],0.999503[0.0157485],1[0],10,0_61
Hybridindex,17.9232[1.23743],17.9717[1.20783],17.8773[1.26312],11,0_61
Pref0,0.90275[0.211937],0.904933[0.207655],0.900682[0.215896],11,0_61
Signal0,1[0],1[0],1[0],11,0_61
Hybridindex,17.9202[1.24299],17.9033[1.23499],17.9365[1.25036],12,0_61
Pref0,0.901[0.20964],0.902764[0.209211],0.899316[0.210035],12,0_61
Signal0,1[0],1[0],1[0],12,0_61
Hybridindex,17.9148[1.20358],17.9088[1.20455],17.921[1.20253],13,0_61
Pref0,0.90575[0.206741],0.910244[0.205397],0.901026[0.208041],13,0_61
Signal0,1[0],1[0],1[0],13,0_61
Hybridindex,17.937[1.20209],17.9282[1.19703],17.9448[1.20652],14,0_61
Pref0,0.90075[0.208025],0.892021[0.217065],0.908491[0.199347],14,0_61
Signal0,1[0],1[0],1[0],14,0_61
Hybridindex,17.9775[1.16135],18.0005[1.13824],17.9541[1.18397],15,0_61
Pref0,0.901[0.211421],0.90783[0.202629],0.894046[0.219795],15,0_61
Signal0,1[0],1[0],1[0],15,0_61
Hybridindex,17.9642[1.17297],17.9486[1.19614],17.98[1.14902],16,0_61
Pref0,0.89575[0.216234],0.89521[0.215416],0.896293[0.21705],16,0_61
Signal0,1[0],1[0],1[0],16,0_61
Hybridindex,17.9722[1.16731],17.9995[1.14691],17.9445[1.18707],17,0_61
Pref0,0.9[0.215639],0.904856[0.208506],0.895055[0.222557],17,0_61
Signal0,1[0],1[0],1[0],17,0_61
Hybridindex,17.9865[1.15772],17.9766[1.16439],17.9961[1.15113],18,0_61
Pref0,0.894[0.217977],0.893909[0.215311],0.894089[0.220533],18,0_61
Signal0,1[0],1[0],1[0],18,0_61
Hybridindex,18.02[1.14776],17.9932[1.14847],18.0482[1.14634],19,0_61
Pref0,0.89225[0.220828],0.894146[0.214737],0.890256[0.227038],19,0_61
Signal0,1[0],1[0],1[0],19,0_61
Hybridindex,18.0177[1.14937],18.035[1.13314],17.9995[1.16605],20,0_61
Pref0,0.8935[0.218307],0.8931[0.214265],0.893924[0.222508],20,0_61
Signal0,1[0],1[0],1[0],20,0_61
Hybridindex,18.0377[1.13906],18.039[1.10498],18.0365[1.17214],21,0_61
Pref0,0.88425[0.222995],0.8905[0.21624],0.878[0.229382],21,0_61
Signal0,1[0],1[0],1[0],21,0_61
Hybridindex,18.05[1.10928],18.046[1.11296],18.0538[1.10573],22,0_61
Pref0,0.88525[0.230667],0.885481[0.227626],0.885029[0.23354],22,0_61
Signal0,1[0],1[0],1[0],22,0_61
Hybridindex,18.0192[1.09476],18.0211[1.09318],18.0174[1.09633],23,0_61
Pref0,0.884[0.228132],0.879397[0.231941],0.888557[0.224203],23,0_61
Signal0,1[0],1[0],1[0],23,0_61
Hybridindex,18.0173[1.12376],18.0382[1.09527],17.9971[1.15016],24,0_61
Pref0,0.8885[0.219244],0.888379[0.217781],0.888616[0.220642],24,0_61
Signal0,1[0],1[0],1[0],24,0_61
Hybridindex,18.0113[1.08201],18.0249[1.05018],17.998[1.11175],25,0_61
Pref0,0.89475[0.213418],0.897253[0.20823],0.89233[0.218289],25,0_61
Signal0,1[0],1[0],1[0],25,0_61
Hybridindex,18.0175[1.0961],17.9867[1.05157],18.0491[1.13905],26,0_61
Pref0,0.89875[0.214764],0.893281[0.221106],0.904352[0.207918],26,0_61
Signal0,1[0],1[0],1[0],26,0_61
Hybridindex,18.0083[1.11996],18.0497[1.05559],17.968[1.17767],27,0_61
Pref0,0.8975[0.215044],0.901523[0.212425],0.893596[0.217483],27,0_61
Signal0,1[0],1[0],1[0],27,0_61
Hybridindex,18.0338[1.11803],18.0281[1.13051],18.0396[1.10501],28,0_61
Pref0,0.90375[0.207632],0.905325[0.20691],0.90213[0.208359],28,0_61
Signal0,1[0],1[0],1[0],28,0_61
Hybridindex,18.0428[1.09295],18.0208[1.11761],18.0642[1.06794],29,0_61
Pref0,0.902[0.214234],0.907295[0.211779],0.896841[0.216473],29,0_61
Signal0,1[0],1[0],1[0],29,0_61
Hybridindex,18.0805[1.07669],18.097[1.07916],18.064[1.07397],30,0_61
Pref0,0.90075[0.213365],0.903[0.212346],0.8985[0.214354],30,0_61
Signal0,1[0],1[0],1[0],30,0_61
Hybridindex,18.0772[1.07815],18.0816[1.06604],18.0726[1.09099],31,0_61
Pref0,0.90575[0.203696],0.910714[0.200123],0.900415[0.207334],31,0_61
Signal0,1[0],1[0],1[0],31,0_61
Hybridindex,18.0523[1.08554],18.0534[1.09047],18.0512[1.08092],32,0_61
Pref0,0.90025[0.215464],0.890155[0.223853],0.909662[0.206894],32,0_61
Signal0,1[0],1[0],1[0],32,0_61
Hybridindex,18.0248[1.08109],18.0005[1.1019],18.0514[1.05712],33,0_61
Pref0,0.90575[0.210338],0.907832[0.208134],0.903463[0.212709],33,0_61
Signal0,1[0],1[0],1[0],33,0_61
Hybridindex,18.019[1.11754],18.0367[1.11984],18.0005[1.11483],34,0_61
Pref0,0.91425[0.198171],0.918866[0.189577],0.909417[0.206678],34,0_61
Signal0,1[0],1[0],1[0],34,0_61
Hybridindex,18.0025[1.08823],18.0356[1.09554],17.9687[1.07967],35,0_61
Pref0,0.90825[0.20361],0.907921[0.20255],0.908586[0.204685],35,0_61
Signal0,1[0],1[0],1[0],35,0_61
Hybridindex,18.0338[1.09373],18.0083[1.12422],18.0577[1.06377],36,0_61
Pref0,0.90475[0.210481],0.904959[0.213821],0.904554[0.2073],36,0_61
Signal0,1[0],1[0],1[0],36,0_61
Hybridindex,18.0095[1.13629],18.0503[1.13498],17.9676[1.13611],37,0_61
Pref0,0.907[0.207005],0.908193[0.203528],0.905775[0.210507],37,0_61
Signal0,1[0],1[0],1[0],37,0_61
Hybridindex,17.973[1.10466],17.9626[1.09406],17.9832[1.11481],38,0_61
Pref0,0.9155[0.195217],0.911943[0.19827],0.918972[0.192127],38,0_61
Signal0,1[0],1[0],1[0],38,0_61
Hybridindex,17.9763[1.0795],17.9622[1.0881],17.9912[1.07003],39,0_61
Pref0,0.91625[0.195859],0.920136[0.195944],0.912099[0.195684],39,0_61
Signal0,1[0],1[0],1[0],39,0_61
Hybridindex,18.0205[1.05526],18.0175[1.04663],18.0235[1.06381],40,0_61
Pref0,0.91275[0.200655],0.9065[0.208585],0.919[0.192195],40,0_61
Signal0,1[0],1[0],1[0],40,0_61
Hybridindex,18.0135[1.08504],18.0084[1.06743],18.0181[1.10072],41,0_61
Pref0,0.9155[0.198393],0.915789[0.198051],0.915238[0.198701],41,0_61
Signal0,1[0],1[0],1[0],41,0_61
Hybridindex,18.018[1.04423],18.0174[1.0564],18.0186[1.03183],42,0_61
Pref0,0.9115[0.200419],0.905378[0.204557],0.917671[0.195966],42,0_61
Signal0,1[0],1[0],1[0],42,0_61
Hybridindex,18.0038[1.06401],17.996[1.03752],18.0116[1.09015],43,0_61
Pref0,0.9165[0.193721],0.923535[0.18673],0.909366[0.200309],43,0_61
Signal0,1[0],1[0],1[0],43,0_61
Hybridindex,18.0165[1.07423],18.0685[1.05222],17.9605[1.09469],44,0_61
Pref0,0.91775[0.193933],0.923337[0.189287],0.911734[0.198639],44,0_61
Signal0,1[0],1[0],1[0],44,0_61
Hybridindex,18.0182[1.08883],17.995[1.10608],18.0414[1.07086],45,0_61
Pref0,0.92725[0.183255],0.922846[0.187428],0.931637[0.178894],45,0_61
Signal0,1[0],1[0],1[0],45,0_61
Hybridindex,18.0785[1.08321],18.0491[1.09024],18.1072[1.07552],46,0_61
Pref0,0.926[0.187147],0.933704[0.175434],0.918478[0.197625],46,0_61
Signal0,1[0],1[0],1[0],46,0_61
Hybridindex,18.0843[1.07867],18.0869[1.09509],18.0816[1.06215],47,0_61
Pref0,0.926[0.185132],0.927638[0.18564],0.924378[0.184614],47,0_61
Signal0,1[0],1[0],1[0],47,0_61
Hybridindex,18.0755[1.08007],18.0568[1.10248],18.0956[1.05499],48,0_61
Pref0,0.9215[0.188647],0.91763[0.190596],0.925676[0.186431],48,0_61
Signal0,1[0],1[0],1[0],48,0_61
Hybridindex,18.0673[1.06553],18.0842[1.08471],18.0502[1.0456],49,0_61
Pref0,0.9185[0.193927],0.921236[0.190182],0.915747[0.197585],49,0_61
Signal0,1[0],1[0],1[0],49,0_61
Hybridindex,18.0463[1.04737],18.0394[1.05203],18.0534[1.04238],50,0_61
Pref0,0.9165[0.197554],0.911879[0.200474],0.921377[0.194306],50,0_61
Signal0,1[0],1[0],1[0],50,0_61
Hybridindex,18.027[1.05405],17.9995[1.07559],18.0553[1.03061],51,0_61
Pref0,0.91575[0.197552],0.924631[0.186976],0.906599[0.207492],51,0_61
Signal0,1[0],1[0],1[0],51,0_61
Hybridindex,18.0113[1.05012],18.0362[1.0328],17.9872[1.06601],52,0_61
Pref0,0.9205[0.192821],0.923116[0.188642],0.917976[0.196734],52,0_61
Signal0,1[0],1[0],1[0],52,0_61
Hybridindex,17.9977[1.068],18.0085[1.05243],17.9871[1.08312],53,0_61
Pref0,0.92075[0.191949],0.927711[0.185561],0.913845[0.197841],53,0_61
Signal0,1[0],1[0],1[0],53,0_61
Hybridindex,17.9885[1.07999],17.9889[1.05835],17.9881[1.10095],54,0_61
Pref0,0.913[0.199827],0.910966[0.20401],0.91501[0.195586],54,0_61
Signal0,1[0],1[0],1[0],54,0_61
Hybridindex,17.993[1.08603],17.9856[1.06754],18.0005[1.10451],55,0_61
Pref0,0.91275[0.195608],0.918812[0.188382],0.906566[0.202528],55,0_61
Signal0,1[0],1[0],1[0],55,0_61
Hybridindex,18.002[1.04916],18.0039[1.06164],18[1.03615],56,0_61
Pref0,0.9145[0.195422],0.915271[0.194032],0.913706[0.19684],56,0_61
Signal0,1[0],1[0],1[0],56,0_61
Hybridindex,18.0102[1.04212],18.0264[1.03262],17.9946[1.05102],57,0_61
Pref0,0.91625[0.196497],0.91066[0.203118],0.921675[0.189693],57,0_61
Signal0,1[0],1[0],1[0],57,0_61
Hybridindex,18.0265[1.04226],18.0108[1.03609],18.0428[1.04837],58,0_61
Pref0,0.91625[0.199652],0.918057[0.199134],0.914373[0.200172],58,0_61
Signal0,1[0],1[0],1[0],58,0_61
Hybridindex,18.06[1.05186],18.0738[1.06566],18.0461[1.0376],59,0_61
Pref0,0.92[0.189341],0.924726[0.185643],0.915246[0.192873],59,0_61
Signal0,1[0],1[0],1[0],59,0_61
Hybridindex,18.099[1.04197],18.1208[1.03977],18.0782[1.04364],60,0_61
Pref0,0.91375[0.199213],0.912999[0.198781],0.914467[0.199623],60,0_61
Signal0,1[0],1[0],1[0],60,0_61
Hybridindex,18.0575[1.04568],18.025[1.03397],18.0876[1.0555],61,0_61
Pref0,0.91525[0.192853],0.917274[0.191313],0.913378[0.194248],61,0_61
Signal0,1[0],1[0],1[0],61,0_61
Hybridindex,18.0637[1.05027],18.0639[1.06183],18.0636[1.03836],62,0_61
Pref0,0.90925[0.201592],0.909316[0.201463],0.909183[0.201724],62,0_61
Signal0,1[0],1[0],1[0],62,0_61
Hybridindex,18.062[1.01902],18.0674[1.01868],18.0573[1.0193],63,0_61
Pref0,0.9125[0.202716],0.905882[0.204802],0.91831[0.200687],63,0_61
Signal0,1[0],1[0],1[0],63,0_61
Hybridindex,18.0392[1.03421],18.0624[1.03098],18.0175[1.03676],64,0_61
Pref0,0.91325[0.196467],0.920537[0.191084],0.906402[0.201155],64,0_61
Signal0,1[0],1[0],1[0],64,0_61
Hybridindex,18.054[0.995783],18.0902[1.01207],18.0188[0.978366],65,0_61
Pref0,0.91075[0.199147],0.905775[0.203159],0.915597[0.195036],65,0_61
Signal0,1[0],1[0],1[0],65,0_61
Hybridindex,18.0458[1.00984],18.0734[1.01503],18.0188[1.00402],66,0_61
Pref0,0.90975[0.206107],0.904858[0.214732],0.914526[0.197205],66,0_61
Signal0,1[0],1[0],1[0],66,0_61
Hybridindex,18.01[1.03858],17.9813[1.0384],18.0381[1.03799],67,0_61
Pref0,0.9145[0.196061],0.920627[0.189511],0.908506[0.202083],67,0_61
Signal0,1[0],1[0],1[0],67,0_61
Hybridindex,18.0375[1.04993],18.0584[1.03807],18.0169[1.06111],68,0_61
Pref0,0.91875[0.194996],0.918008[0.196978],0.919483[0.193015],68,0_61
Signal0,1[0],1[0],1[0],68,0_61
Hybridindex,18.0568[1.03593],18.0954[0.998606],18.0188[1.06997],69,0_61
Pref0,0.915[0.196914],0.914733[0.195935],0.915263[0.19787],69,0_61
Signal0,1[0],1[0],1[0],69,0_61
Hybridindex,18.0822[1.04671],18.0853[1.0776],18.0789[1.01154],70,0_61
Pref0,0.92625[0.184894],0.922784[0.185883],0.930074[0.183722],70,0_61
Signal0,1[0],1[0],1[0],70,0_61
Hybridindex,18.1017[1.01206],18.1216[0.99469],18.0813[1.02929],71,0_61
Pref0,0.92175[0.186419],0.925197[0.182435],0.918191[0.190379],71,0_61
Signal0,1[0],1[0],1[0],71,0_61
Hybridindex,18.108[1.01419],18.0907[1.03955],18.1245[0.989138],72,0_61
Pref0,0.9255[0.184932],0.923156[0.192686],0.927734[0.177197],72,0_61
Signal0,1[0],1[0],1[0],72,0_61
Hybridindex,18.1247[1.05348],18.1509[1.05661],18.0984[1.04965],73,0_61
Pref0,0.927[0.184177],0.924801[0.184219],0.929217[0.184107],73,0_61
Signal0,1[0],1[0],1[0],73,0_61
Hybridindex,18.1032[1.02126],18.1389[1.00822],18.0646[1.0338],74,0_61
Pref0,0.929[0.179469],0.927885[0.178378],0.930208[0.180635],74,0_61
Signal0,1[0],1[0],1[0],74,0_61
Hybridindex,18.0628[1.02369],18.0822[0.989194],18.0445[1.05463],75,0_61
Pref0,0.9305[0.179359],0.926577[0.182726],0.934172[0.17607],75,0_61
Signal0,1[0],1[0],1[0],75,0_61
Hybridindex,18.0257[1.02663],18.0494[1.00475],18.0047[1.04524],76,0_61
Pref0,0.93425[0.176216],0.939426[0.171098],0.929651[0.180517],76,0_61
Signal0,1[0],1[0],1[0],76,0_61
Hybridindex,18.0297[1.01845],18.0165[1.02964],18.0429[1.00703],77,0_61
Pref0,0.92975[0.177313],0.928786[0.180393],0.930708[0.174193],77,0_61
Signal0,1[0],1[0],1[0],77,0_61
Hybridindex,18.0222[1.04505],18.0388[1.0292],18.0055[1.06053],78,0_61
Pref0,0.9285[0.184086],0.922809[0.191367],0.934237[0.176258],78,0_61
Signal0,1[0],1[0],1[0],78,0_61
Hybridindex,18.0233[1.05325],18.0066[1.06337],18.0397[1.04293],79,0_61
Pref0,0.926[0.187814],0.925403[0.187782],0.926587[0.187843],79,0_61
Signal0,1[0],1[0],1[0],79,0_61
Hybridindex,18.0235[1.0495],18.0183[1.02636],18.0286[1.07149],80,0_61
Pref0,0.932[0.177837],0.929006[0.180237],0.934911[0.175423],80,0_61
Signal0,1[0],1[0],1[0],80,0_61
Hybridindex,18.0272[1.02659],18.0341[1.00865],18.0202[1.04456],81,0_61
Pref0,0.93325[0.176549],0.931256[0.180592],0.935288[0.172293],81,0_61
Signal0,1[0],1[0],1[0],81,0_61
Hybridindex,18.0538[1.05308],18[1.09907],18.1043[1.00534],82,0_61
Pref0,0.9275[0.181642],0.932921[0.173413],0.922405[0.188908],82,0_61
Signal0,1[0],1[0],1[0],82,0_61
Hybridindex,18.0915[1.03072],18.0913[1.01994],18.0917[1.04166],83,0_61
Pref0,0.92725[0.181197],0.92152[0.185907],0.933131[0.176038],83,0_61
Signal0,1[0],1[0],1[0],83,0_61
Hybridindex,18.0678[1.03816],18.0567[1.03235],18.0788[1.0438],84,0_61
Pref0,0.92925[0.184037],0.928285[0.185],0.930209[0.183069],84,0_61
Signal0,1[0],1[0],1[0],84,0_61
Hybridindex,18.0445[1.05381],17.9985[1.04789],18.0916[1.05777],85,0_61
Pref0,0.933[0.175388],0.934289[0.173263],0.93168[0.177529],85,0_61
Signal0,1[0],1[0],1[0],85,0_61
Hybridindex,18.0437[1.0327],18.0306[1.02708],18.0572[1.03825],86,0_61
Pref0,0.9275[0.179565],0.927372[0.180337],0.927632[0.178771],86,0_61
Signal0,1[0],1[0],1[0],86,0_61
Hybridindex,18.0493[1.00022],18.0606[0.987913],18.0378[1.01243],87,0_61
Pref0,0.926[0.187814],0.925521[0.184864],0.926485[0.190757],87,0_61
Signal0,1[0],1[0],1[0],87,0_61
Hybridindex,18.0625[0.982137],18.0926[0.966743],18.0328[0.996224],88,0_61
Pref0,0.927[0.180751],0.927062[0.179318],0.926938[0.182156],88,0_61
Signal0,1[0],1[0],1[0],88,0_61
Hybridindex,18.1002[0.990618],18.1126[0.983138],18.0876[0.998063],89,0_61
Pref0,0.93325[0.175839],0.9333[0.175719],0.933198[0.175962],89,0_61
Signal0,1[0],1[0],1[0],89,0_61
Hybridindex,18.097[1.0153],18.0971[1.0112],18.0969[1.01935],90,0_61
Pref0,0.93225[0.178983],0.934105[0.17783],0.930417[0.180096],90,0_61
Signal0,1[0],1[0],1[0],90,0_61
Hybridindex,18.0565[1.02289],18.0604[1.01145],18.0526[1.03403],91,0_61
Pref0,0.93[0.180555],0.932528[0.178048],0.927507[0.182958],91,0_61
Signal0,1[0],1[0],1[0],91,0_61
Hybridindex,18.062[0.998827],18.0262[0.995281],18.1001[1.00118],92,0_61
Pref0,0.931[0.178154],0.93162[0.180067],0.930341[0.176095],92,0_61
Signal0,1[0],1[0],1[0],92,0_61
Hybridindex,18.0555[0.98738],18.0613[0.988761],18.0498[0.985978],93,0_61
Pref0,0.93025[0.182373],0.931658[0.181708],0.928856[0.183018],93,0_61
Signal0,1[0],1[0],1[0],93,0_61
Hybridindex,18.0248[0.986541],18.0378[0.969948],18.0115[1.00282],94,0_61
Pref0,0.924[0.188345],0.922809[0.190061],0.925201[0.186592],94,0_61
Signal0,1[0],1[0],1[0],94,0_61
Hybridindex,18.0212[1.00582],18.0225[1.00187],18.02[1.00975],95,0_61
Pref0,0.92675[0.183056],0.923[0.187273],0.9305[0.178661],95,0_61
Signal0,1[0],1[0],1[0],95,0_61
Hybridindex,18.0323[1.00142],18.0261[1.00568],18.0389[0.996779],96,0_61
Pref0,0.934[0.177184],0.925121[0.187655],0.943523[0.164685],96,0_61
Signal0,1[0],1[0],1[0],96,0_61
Hybridindex,18.0093[1.01921],18.0074[1.04329],18.0112[0.993834],97,0_61
Pref0,0.936[0.175795],0.938363[0.17456],0.93357[0.177024],97,0_61
Signal0,1[0],1[0],1[0],97,0_61
Hybridindex,17.9703[1.0253],17.9659[1.03754],17.9746[1.01294],98,0_61
Pref0,0.93425[0.174075],0.936874[0.170532],0.931637[0.177494],98,0_61
Signal0,1[0],1[0],1[0],98,0_61
Hybridindex,17.9795[1.02205],17.9844[1.03087],17.9744[1.01267],99,0_61
Pref0,0.9345[0.173089],0.932683[0.173501],0.93641[0.172634],99,0_61
Signal0,1[0],1[0],1[0],99,0_61
Hybridindex,17.9617[1.02928],17.9626[1.03204],17.9609[1.02643],100,0_61
Pref0,0.94175[0.167278],0.941379[0.163888],0.942132[0.1707],100,0_61
Signal0,1[0],1[0],1[0],100,0_61
Hybridindex,12.29[8.32802],12.3819[8.23636],12.2027[8.41317],1,0_62
Pref0,0.6145[0.416401],0.619097[0.411818],0.610136[0.420659],1,0_62
Signal0,0.6145[0.416401],0.619097[0.411818],0.610136[0.420659],1,0_62
Hybridindex,14.9165[6.23585],14.9427[6.33764],14.8919[6.13853],2,0_62
Pref0,0.747[0.341308],0.75387[0.34457],0.740543[0.338086],2,0_62
Signal0,0.74775[0.340947],0.75129[0.345337],0.744423[0.336735],2,0_62
Hybridindex,16.7557[3.81008],16.6697[3.78925],16.8422[3.82893],3,0_62
Pref0,0.8425[0.259218],0.846307[0.261142],0.838677[0.257215],3,0_62
Signal0,0.85925[0.24457],0.856287[0.249361],0.862224[0.239626],3,0_62
Hybridindex,17.49[2.41897],17.4927[2.45609],17.4872[2.37924],4,0_62
Pref0,0.88125[0.231351],0.874269[0.23421],0.888604[0.22807],4,0_62
Signal0,0.929[0.175952],0.924464[0.181761],0.933778[0.169486],4,0_62
Hybridindex,17.6382[1.92925],17.6796[1.88062],17.5941[1.97893],5,0_62
Pref0,0.89025[0.220975],0.881897[0.231982],0.899173[0.208206],5,0_62
Signal0,0.967[0.125144],0.96515[0.129207],0.968976[0.120621],5,0_62
Hybridindex,17.6058[1.6838],17.6136[1.70888],17.598[1.65857],6,0_62
Pref0,0.887[0.226343],0.881407[0.230808],0.892537[0.221694],6,0_62
Signal0,0.98475[0.0859793],0.985427[0.0841075],0.98408[0.087788],6,0_62
Hybridindex,17.5942[1.55153],17.5559[1.54219],17.6301[1.55935],7,0_62
Pref0,0.884[0.220327],0.891304[0.213632],0.877176[0.22619],7,0_62
Signal0,0.99075[0.0673753],0.98913[0.0729153],0.992263[0.061714],7,0_62
Hybridindex,17.6408[1.45845],17.63[1.47759],17.6531[1.43605],8,0_62
Pref0,0.88575[0.222085],0.881665[0.222202],0.89044[0.221858],8,0_62
Signal0,0.99725[0.0369789],0.997194[0.0373538],0.997315[0.0365436],8,0_62
Hybridindex,17.616[1.44172],17.657[1.4144],17.5747[1.46753],9,0_62
Pref0,0.8925[0.221232],0.895314[0.221046],0.889669[0.221383],9,0_62
Signal0,0.999[0.0223383],0.998504[0.0273042],0.999498[0.0158272],9,0_62
Hybridindex,17.63[1.36385],17.6212[1.37639],17.639[1.35096],10,0_62
Pref0,0.897[0.214805],0.901192[0.212374],0.892749[0.217159],10,0_62
Signal0,1[0],1[0],1[0],10,0_62
Hybridindex,17.6182[1.37082],17.6929[1.36274],17.5484[1.37467],11,0_62
Pref0,0.89075[0.22009],0.894519[0.213894],0.887222[0.225678],11,0_62
Signal0,1[0],1[0],1[0],11,0_62
Hybridindex,17.6685[1.32396],17.6391[1.36124],17.6968[1.28641],12,0_62
Pref0,0.8885[0.226534],0.892457[0.223274],0.884691[0.229565],12,0_62
Signal0,1[0],1[0],1[0],12,0_62
Hybridindex,17.6112[1.32184],17.6484[1.3056],17.5746[1.33667],13,0_62
Pref0,0.8795[0.225787],0.882294[0.22141],0.87674[0.229996],13,0_62
Signal0,1[0],1[0],1[0],13,0_62
Hybridindex,17.6232[1.2966],17.5937[1.30399],17.6527[1.28853],14,0_62
Pref0,0.88[0.230434],0.875752[0.23065],0.884232[0.230141],14,0_62
Signal0,1[0],1[0],1[0],14,0_62
Hybridindex,17.646[1.28974],17.6287[1.31595],17.6641[1.26152],15,0_62
Pref0,0.8775[0.235571],0.874266[0.237389],0.880879[0.233609],15,0_62
Signal0,1[0],1[0],1[0],15,0_62
Hybridindex,17.6152[1.28796],17.6396[1.24976],17.5932[1.32112],16,0_62
Pref0,0.87825[0.233564],0.873551[0.234815],0.882493[0.232346],16,0_62
Signal0,1[0],1[0],1[0],16,0_62
Hybridindex,17.6385[1.26997],17.6245[1.23698],17.6523[1.30147],17,0_62
Pref0,0.89075[0.223471],0.902218[0.210642],0.879464[0.234869],17,0_62
Signal0,1[0],1[0],1[0],17,0_62
Hybridindex,17.6435[1.27128],17.6272[1.25367],17.6601[1.28879],18,0_62
Pref0,0.8945[0.216494],0.89802[0.214559],0.890909[0.218392],18,0_62
Signal0,1[0],1[0],1[0],18,0_62
Hybridindex,17.5957[1.26272],17.6236[1.25932],17.5684[1.26545],19,0_62
Pref0,0.88625[0.222903],0.891524[0.216822],0.88107[0.2286],19,0_62
Signal0,1[0],1[0],1[0],19,0_62
Hybridindex,17.5695[1.29041],17.6168[1.2705],17.52[1.30911],20,0_62
Pref0,0.88425[0.222995],0.880743[0.229647],0.887922[0.21575],20,0_62
Signal0,1[0],1[0],1[0],20,0_62
Hybridindex,17.5778[1.27135],17.6016[1.27684],17.5528[1.26509],21,0_62
Pref0,0.88375[0.22718],0.885742[0.225632],0.88166[0.228775],21,0_62
Signal0,1[0],1[0],1[0],21,0_62
Hybridindex,17.5452[1.29096],17.5301[1.30827],17.5608[1.27276],22,0_62
Pref0,0.88725[0.223411],0.889931[0.222117],0.884498[0.224698],22,0_62
Signal0,1[0],1[0],1[0],22,0_62
Hybridindex,17.547[1.27751],17.5742[1.28031],17.5203[1.2742],23,0_62
Pref0,0.87275[0.239651],0.864646[0.248963],0.880693[0.229881],23,0_62
Signal0,1[0],1[0],1[0],23,0_62
Hybridindex,17.5547[1.28933],17.5944[1.30676],17.515[1.27039],24,0_62
Pref0,0.87[0.235266],0.863636[0.239956],0.876376[0.230294],24,0_62
Signal0,1[0],1[0],1[0],24,0_62
Hybridindex,17.5783[1.24348],17.4916[1.30614],17.6672[1.16905],25,0_62
Pref0,0.876[0.235317],0.877591[0.235793],0.874367[0.234815],25,0_62
Signal0,1[0],1[0],1[0],25,0_62
Hybridindex,17.5445[1.27083],17.5269[1.28093],17.5615[1.26074],26,0_62
Pref0,0.87725[0.230342],0.880081[0.229549],0.874508[0.231075],26,0_62
Signal0,1[0],1[0],1[0],26,0_62
Hybridindex,17.5045[1.28354],17.5202[1.30871],17.4891[1.25819],27,0_62
Pref0,0.872[0.23899],0.866162[0.24312],0.877723[0.234729],27,0_62
Signal0,1[0],1[0],1[0],27,0_62
Hybridindex,17.5545[1.2547],17.4917[1.23832],17.6201[1.26827],28,0_62
Pref0,0.87375[0.236508],0.877691[0.232428],0.869632[0.240628],28,0_62
Signal0,1[0],1[0],1[0],28,0_62
Hybridindex,17.6025[1.22556],17.5965[1.22509],17.6083[1.22599],29,0_62
Pref0,0.874[0.230486],0.872967[0.232346],0.875[0.228667],29,0_62
Signal0,1[0],1[0],1[0],29,0_62
Hybridindex,17.6373[1.2559],17.6064[1.25914],17.6673[1.252],30,0_62
Pref0,0.8795[0.231257],0.869807[0.23824],0.888944[0.223841],30,0_62
Signal0,1[0],1[0],1[0],30,0_62
Hybridindex,17.6695[1.2531],17.6724[1.26198],17.6665[1.24371],31,0_62
Pref0,0.87175[0.235429],0.865723[0.242639],0.878074[0.227447],31,0_62
Signal0,1[0],1[0],1[0],31,0_62
Hybridindex,17.7078[1.18931],17.6794[1.19688],17.7356[1.18116],32,0_62
Pref0,0.86975[0.239081],0.866431[0.240866],0.873016[0.237267],32,0_62
Signal0,1[0],1[0],1[0],32,0_62
Hybridindex,17.7135[1.18191],17.7176[1.19019],17.7093[1.17338],33,0_62
Pref0,0.867[0.237299],0.87092[0.231977],0.862993[0.242555],33,0_62
Signal0,1[0],1[0],1[0],33,0_62
Hybridindex,17.746[1.13621],17.7288[1.11778],17.7655[1.15642],34,0_62
Pref0,0.86025[0.248183],0.862994[0.246091],0.857143[0.250494],34,0_62
Signal0,1[0],1[0],1[0],34,0_62
Hybridindex,17.7338[1.14956],17.729[1.14478],17.7383[1.15406],35,0_62
Pref0,0.86725[0.238228],0.862936[0.247061],0.871345[0.229453],35,0_62
Signal0,1[0],1[0],1[0],35,0_62
Hybridindex,17.7357[1.13261],17.7682[1.08676],17.7032[1.17585],36,0_62
Pref0,0.86925[0.240893],0.868631[0.243753],0.86987[0.237991],36,0_62
Signal0,1[0],1[0],1[0],36,0_62
Hybridindex,17.7575[1.1697],17.7348[1.19088],17.7803[1.14754],37,0_62
Pref0,0.87425[0.235185],0.870389[0.233425],0.878134[0.236879],37,0_62
Signal0,1[0],1[0],1[0],37,0_62
Hybridindex,17.7752[1.1411],17.8085[1.1378],17.7442[1.14331],38,0_62
Pref0,0.872[0.238466],0.85559[0.252533],0.887331[0.223442],38,0_62
Signal0,1[0],1[0],1[0],38,0_62
Hybridindex,17.7533[1.12026],17.7584[1.14572],17.7483[1.09537],39,0_62
Pref0,0.8715[0.237145],0.880246[0.226198],0.863148[0.246858],39,0_62
Signal0,1[0],1[0],1[0],39,0_62
Hybridindex,17.7745[1.12568],17.7844[1.11584],17.7651[1.13486],40,0_62
Pref0,0.8635[0.241076],0.865503[0.236289],0.861598[0.245519],40,0_62
Signal0,1[0],1[0],1[0],40,0_62
Hybridindex,17.7462[1.11601],17.7461[1.11672],17.7464[1.11528],41,0_62
Pref0,0.87025[0.242981],0.876465[0.23515],0.86373[0.250769],41,0_62
Signal0,1[0],1[0],1[0],41,0_62
Hybridindex,17.808[1.12089],17.8256[1.12932],17.7905[1.11219],42,0_62
Pref0,0.8725[0.230746],0.864824[0.236322],0.8801[0.224832],42,0_62
Signal0,1[0],1[0],1[0],42,0_62
Hybridindex,17.8045[1.13667],17.799[1.1465],17.8103[1.12612],43,0_62
Pref0,0.8655[0.243228],0.866505[0.242147],0.864433[0.244365],43,0_62
Signal0,1[0],1[0],1[0],43,0_62
Hybridindex,17.8087[1.1185],17.8153[1.10164],17.8024[1.13469],44,0_62
Pref0,0.86275[0.239348],0.86083[0.239378],0.864625[0.239304],44,0_62
Signal0,1[0],1[0],1[0],44,0_62
Hybridindex,17.7987[1.10945],17.8415[1.07966],17.7541[1.13802],45,0_62
Pref0,0.85125[0.252979],0.855186[0.246437],0.847137[0.259575],45,0_62
Signal0,1[0],1[0],1[0],45,0_62
Hybridindex,17.8113[1.12672],17.7877[1.13013],17.8376[1.12232],46,0_62
Pref0,0.86525[0.239724],0.864455[0.239702],0.866138[0.239745],46,0_62
Signal0,1[0],1[0],1[0],46,0_62
Hybridindex,17.7695[1.12555],17.8199[1.12354],17.7197[1.12532],47,0_62
Pref0,0.86425[0.241758],0.86167[0.244105],0.866799[0.239389],47,0_62
Signal0,1[0],1[0],1[0],47,0_62
Hybridindex,17.759[1.11014],17.7457[1.10343],17.7721[1.11657],48,0_62
Pref0,0.8645[0.2437],0.865055[0.242547],0.863952[0.24483],48,0_62
Signal0,1[0],1[0],1[0],48,0_62
Hybridindex,17.748[1.15855],17.7421[1.1723],17.7533[1.14585],49,0_62
Pref0,0.8555[0.245193],0.852201[0.247969],0.858509[0.242594],49,0_62
Signal0,1[0],1[0],1[0],49,0_62
Hybridindex,17.7422[1.12802],17.7432[1.14026],17.7413[1.11568],50,0_62
Pref0,0.85525[0.254799],0.848348[0.252663],0.862138[0.256728],50,0_62
Signal0,1[0],1[0],1[0],50,0_62
Hybridindex,17.7503[1.12406],17.7402[1.12105],17.7602[1.12692],51,0_62
Pref0,0.85325[0.247163],0.861027[0.240262],0.845581[0.25355],51,0_62
Signal0,1[0],1[0],1[0],51,0_62
Hybridindex,17.7538[1.11175],17.7517[1.1217],17.7559[1.10114],52,0_62
Pref0,0.845[0.258312],0.851022[0.254858],0.838643[0.261757],52,0_62
Signal0,1[0],1[0],1[0],52,0_62
Hybridindex,17.7338[1.13611],17.725[1.1307],17.7427[1.14153],53,0_62
Pref0,0.84075[0.26223],0.844214[0.252022],0.837209[0.272224],53,0_62
Signal0,1[0],1[0],1[0],53,0_62
Hybridindex,17.727[1.12981],17.711[1.11899],17.7432[1.14045],54,0_62
Pref0,0.8315[0.260975],0.82721[0.26353],0.835851[0.258284],54,0_62
Signal0,1[0],1[0],1[0],54,0_62
Hybridindex,17.7282[1.07647],17.7284[1.07602],17.7281[1.07693],55,0_62
Pref0,0.83425[0.255738],0.828094[0.26113],0.840631[0.249865],55,0_62
Signal0,1[0],1[0],1[0],55,0_62
Hybridindex,17.7037[1.09253],17.6963[1.0901],17.7115[1.09496],56,0_62
Pref0,0.8305[0.265556],0.835306[0.260851],0.825558[0.270219],56,0_62
Signal0,1[0],1[0],1[0],56,0_62
Hybridindex,17.709[1.09228],17.6763[1.05957],17.7431[1.12436],57,0_62
Pref0,0.835[0.260816],0.831048[0.2639],0.839122[0.257496],57,0_62
Signal0,1[0],1[0],1[0],57,0_62
Hybridindex,17.657[1.12821],17.6278[1.14987],17.6877[1.10414],58,0_62
Pref0,0.8345[0.262887],0.833171[0.262209],0.835897[0.263592],58,0_62
Signal0,1[0],1[0],1[0],58,0_62
Hybridindex,17.6185[1.17801],17.5829[1.21433],17.6559[1.13739],59,0_62
Pref0,0.841[0.256844],0.840488[0.25789],0.841538[0.25574],59,0_62
Signal0,1[0],1[0],1[0],59,0_62
Hybridindex,17.6355[1.16818],17.6639[1.18051],17.6053[1.15415],60,0_62
Pref0,0.841[0.25538],0.837051[0.253252],0.845201[0.257559],60,0_62
Signal0,1[0],1[0],1[0],60,0_62
Hybridindex,17.6565[1.15543],17.6091[1.15785],17.7025[1.1512],61,0_62
Pref0,0.848[0.252777],0.848731[0.249794],0.847291[0.255636],61,0_62
Signal0,1[0],1[0],1[0],61,0_62
Hybridindex,17.6842[1.12079],17.6944[1.07318],17.6746[1.1642],62,0_62
Pref0,0.83925[0.257458],0.837436[0.255169],0.840976[0.259604],62,0_62
Signal0,1[0],1[0],1[0],62,0_62
Hybridindex,17.6865[1.10915],17.6827[1.112],17.6902[1.1064],63,0_62
Pref0,0.84725[0.254052],0.840306[0.25805],0.853922[0.249969],63,0_62
Signal0,1[0],1[0],1[0],63,0_62
Hybridindex,17.686[1.11362],17.6952[1.11527],17.6774[1.11202],64,0_62
Pref0,0.85[0.249499],0.851506[0.251197],0.848602[0.247904],64,0_62
Signal0,1[0],1[0],1[0],64,0_62
Hybridindex,17.7248[1.10594],17.6949[1.12413],17.7562[1.08558],65,0_62
Pref0,0.84675[0.257176],0.838694[0.262233],0.855236[0.25146],65,0_62
Signal0,1[0],1[0],1[0],65,0_62
Hybridindex,17.7538[1.07424],17.7367[1.09123],17.7713[1.05626],66,0_62
Pref0,0.85025[0.25387],0.862154[0.244546],0.838057[0.262519],66,0_62
Signal0,1[0],1[0],1[0],66,0_62
Hybridindex,17.7635[1.08343],17.7307[1.10492],17.7954[1.06114],67,0_62
Pref0,0.85225[0.246566],0.849391[0.249512],0.85503[0.243636],67,0_62
Signal0,1[0],1[0],1[0],67,0_62
Hybridindex,17.7555[1.10656],17.7584[1.11985],17.7527[1.0936],68,0_62
Pref0,0.85175[0.247279],0.849643[0.246427],0.853778[0.24808],68,0_62
Signal0,1[0],1[0],1[0],68,0_62
Hybridindex,17.7198[1.10469],17.7161[1.10801],17.7234[1.10132],69,0_62
Pref0,0.8425[0.259699],0.833665[0.264466],0.851406[0.254494],69,0_62
Signal0,1[0],1[0],1[0],69,0_62
Hybridindex,17.7135[1.12001],17.6938[1.12477],17.7334[1.11481],70,0_62
Pref0,0.83325[0.259941],0.841451[0.251163],0.82495[0.268278],70,0_62
Signal0,1[0],1[0],1[0],70,0_62
Hybridindex,17.722[1.1178],17.7298[1.1196],17.7144[1.11597],71,0_62
Pref0,0.8285[0.263795],0.827273[0.267732],0.829703[0.259872],71,0_62
Signal0,1[0],1[0],1[0],71,0_62
Hybridindex,17.7428[1.09268],17.7487[1.07781],17.737[1.10683],72,0_62
Pref0,0.83175[0.260896],0.83469[0.258895],0.828909[0.262785],72,0_62
Signal0,1[0],1[0],1[0],72,0_62
Hybridindex,17.7575[1.10575],17.7668[1.09636],17.7485[1.11463],73,0_62
Pref0,0.835[0.258409],0.827551[0.25923],0.842157[0.257414],73,0_62
Signal0,1[0],1[0],1[0],73,0_62
Hybridindex,17.7063[1.11382],17.712[1.11608],17.7007[1.11158],74,0_62
Pref0,0.83725[0.25571],0.831136[0.260936],0.843195[0.25038],74,0_62
Signal0,1[0],1[0],1[0],74,0_62
Hybridindex,17.7458[1.11265],17.7689[1.11124],17.7229[1.11356],75,0_62
Pref0,0.84025[0.257595],0.841893[0.258155],0.83863[0.257031],75,0_62
Signal0,1[0],1[0],1[0],75,0_62
Hybridindex,17.729[1.10976],17.734[1.12612],17.7239[1.09261],76,0_62
Pref0,0.84625[0.254923],0.838916[0.262449],0.853807[0.246701],76,0_62
Signal0,1[0],1[0],1[0],76,0_62
Hybridindex,17.7353[1.13083],17.7342[1.13565],17.7364[1.12557],77,0_62
Pref0,0.8535[0.25355],0.850768[0.257413],0.856472[0.249247],77,0_62
Signal0,1[0],1[0],1[0],77,0_62
Hybridindex,17.7955[1.12336],17.8443[1.12485],17.7449[1.11956],78,0_62
Pref0,0.85025[0.254853],0.85609[0.248111],0.844196[0.261521],78,0_62
Signal0,1[0],1[0],1[0],78,0_62
Hybridindex,17.7802[1.1092],17.7715[1.14697],17.7891[1.06988],79,0_62
Pref0,0.8525[0.250487],0.852295[0.246005],0.852705[0.254907],79,0_62
Signal0,1[0],1[0],1[0],79,0_62
Hybridindex,17.7385[1.1163],17.7396[1.11666],17.7374[1.11594],80,0_62
Pref0,0.8495[0.251197],0.851365[0.247639],0.847676[0.254615],80,0_62
Signal0,1[0],1[0],1[0],80,0_62
Hybridindex,17.7288[1.10772],17.7753[1.06801],17.6832[1.14348],81,0_62
Pref0,0.84375[0.256341],0.843434[0.251726],0.844059[0.260786],81,0_62
Signal0,1[0],1[0],1[0],81,0_62
Hybridindex,17.743[1.10032],17.7277[1.12681],17.7582[1.07301],82,0_62
Pref0,0.84075[0.255469],0.844845[0.253999],0.836663[0.256863],82,0_62
Signal0,1[0],1[0],1[0],82,0_62
Hybridindex,17.7435[1.11466],17.751[1.08984],17.7365[1.1373],83,0_62
Pref0,0.8505[0.254263],0.844203[0.252938],0.856383[0.255354],83,0_62
Signal0,1[0],1[0],1[0],83,0_62
Hybridindex,17.7465[1.136],17.7502[1.13268],17.7427[1.13934],84,0_62
Pref0,0.85025[0.252883],0.857994[0.242449],0.842397[0.262809],84,0_62
Signal0,1[0],1[0],1[0],84,0_62
Hybridindex,17.8017[1.13107],17.8339[1.14497],17.7723[1.11736],85,0_62
Pref0,0.86175[0.242924],0.862069[0.238186],0.861457[0.247191],85,0_62
Signal0,1[0],1[0],1[0],85,0_62
Hybridindex,17.8137[1.09393],17.8124[1.11199],17.8149[1.07789],86,0_62
Pref0,0.85675[0.252199],0.856913[0.256006],0.856607[0.248823],86,0_62
Signal0,1[0],1[0],1[0],86,0_62
Hybridindex,17.868[1.0973],17.8517[1.09938],17.8837[1.09507],87,0_62
Pref0,0.84225[0.257371],0.83843[0.261613],0.845927[0.253166],87,0_62
Signal0,1[0],1[0],1[0],87,0_62
Hybridindex,17.8588[1.06709],17.8585[1.04812],17.859[1.08624],88,0_62
Pref0,0.835[0.263201],0.829882[0.267217],0.840264[0.258901],88,0_62
Signal0,1[0],1[0],1[0],88,0_62
Hybridindex,17.8663[1.08073],17.8848[1.05769],17.8488[1.10163],89,0_62
Pref0,0.85075[0.249699],0.847107[0.251795],0.854167[0.247668],89,0_62
Signal0,1[0],1[0],1[0],89,0_62
Hybridindex,17.8275[1.0827],17.8259[1.07314],17.829[1.09143],90,0_62
Pref0,0.85[0.25],0.846715[0.251102],0.853026[0.248942],90,0_62
Signal0,1[0],1[0],1[0],90,0_62
Hybridindex,17.8508[1.04312],17.8771[1.03303],17.8239[1.05261],91,0_62
Pref0,0.857[0.24759],0.85778[0.248567],0.856206[0.24659],91,0_62
Signal0,1[0],1[0],1[0],91,0_62
Hybridindex,17.8873[1.05293],17.9032[0.98962],17.8714[1.11207],92,0_62
Pref0,0.85725[0.245962],0.859077[0.243162],0.855434[0.248701],92,0_62
Signal0,1[0],1[0],1[0],92,0_62
Hybridindex,17.9037[1.05124],17.8816[1.06928],17.9254[1.03287],93,0_62
Pref0,0.85475[0.25353],0.856275[0.247643],0.853261[0.25914],93,0_62
Signal0,1[0],1[0],1[0],93,0_62
Hybridindex,17.9028[1.05921],17.901[1.07717],17.9045[1.04111],94,0_62
Pref0,0.854[0.245833],0.856281[0.249519],0.851741[0.242108],94,0_62
Signal0,1[0],1[0],1[0],94,0_62
Hybridindex,17.9093[1.0632],17.9015[1.06925],17.9175[1.05659],95,0_62
Pref0,0.8475[0.250986],0.846042[0.254674],0.849066[0.246951],95,0_62
Signal0,1[0],1[0],1[0],95,0_62
Hybridindex,17.9088[1.04537],17.907[1.05925],17.9106[1.03084],96,0_62
Pref0,0.85025[0.254362],0.846457[0.252053],0.854167[0.256665],96,0_62
Signal0,1[0],1[0],1[0],96,0_62
Hybridindex,17.913[1.04567],17.9061[1.04155],17.9193[1.04937],97,0_62
Pref0,0.86375[0.23835],0.868311[0.231839],0.859599[0.244053],97,0_62
Signal0,1[0],1[0],1[0],97,0_62
Hybridindex,17.9058[1.03017],17.9023[1.03364],17.909[1.02692],98,0_62
Pref0,0.86125[0.245201],0.858628[0.248223],0.86368[0.242341],98,0_62
Signal0,1[0],1[0],1[0],98,0_62
Hybridindex,17.8775[1.0457],17.8867[1.05307],17.8688[1.03857],99,0_62
Pref0,0.86325[0.241711],0.868205[0.234934],0.858537[0.247894],99,0_62
Signal0,1[0],1[0],1[0],99,0_62
Hybridindex,17.872[1.07732],17.8567[1.08409],17.8879[1.07001],100,0_62
Pref0,0.8575[0.250387],0.854269[0.260423],0.860856[0.239471],100,0_62
Signal0,1[0],1[0],1[0],100,0_62
Hybridindex,12.45[8.09923],12.5407[8.11806],12.3622[8.07998],1,0_63
Pref0,0.6225[0.404961],0.627033[0.405903],0.61811[0.403999],1,0_63
Signal0,0.6225[0.404961],0.627033[0.405903],0.61811[0.403999],1,0_63
Hybridindex,15.3187[5.83691],15.0619[6.02031],15.572[5.63879],2,0_63
Pref0,0.763[0.325701],0.752769[0.334422],0.773088[0.316543],2,0_63
Signal0,0.76275[0.327242],0.753273[0.336668],0.772095[0.317397],2,0_63
Hybridindex,17.0613[3.45349],17.0723[3.44552],17.0496[3.46179],3,0_63
Pref0,0.85275[0.253855],0.859726[0.24938],0.845445[0.258256],3,0_63
Signal0,0.882[0.225446],0.883675[0.223623],0.880246[0.227326],3,0_63
Hybridindex,17.539[2.36505],17.5087[2.4387],17.5677[2.29273],4,0_63
Pref0,0.87075[0.237528],0.867934[0.239431],0.873418[0.235679],4,0_63
Signal0,0.936[0.170745],0.932682[0.176586],0.939143[0.16496],4,0_63
Hybridindex,17.643[1.86207],17.5727[1.90745],17.7149[1.81168],5,0_63
Pref0,0.88375[0.231],0.881306[0.23484],0.886249[0.22698],5,0_63
Signal0,0.973[0.11411],0.975767[0.109654],0.970172[0.118424],5,0_63
Hybridindex,17.6163[1.60097],17.6702[1.56519],17.5568[1.63747],6,0_63
Pref0,0.88175[0.227798],0.878932[0.230274],0.884858[0.224994],6,0_63
Signal0,0.983[0.0906146],0.985701[0.0833378],0.980021[0.0979302],6,0_63
Hybridindex,17.6038[1.51949],17.5792[1.5218],17.6278[1.51684],7,0_63
Pref0,0.8835[0.23006],0.887487[0.226198],0.879584[0.233726],7,0_63
Signal0,0.988[0.0765245],0.986882[0.0799184],0.989098[0.0730212],7,0_63
Hybridindex,17.605[1.41482],17.569[1.40682],17.6394[1.42159],8,0_63
Pref0,0.88425[0.221871],0.887014[0.218671],0.881605[0.22486],8,0_63
Signal0,0.996[0.0445421],0.996933[0.0390427],0.995108[0.0492163],8,0_63
Hybridindex,17.5843[1.37515],17.5837[1.34785],17.5848[1.40212],9,0_63
Pref0,0.88925[0.223292],0.891434[0.219031],0.887048[0.227486],9,0_63
Signal0,0.99675[0.0401801],0.996514[0.0416038],0.996988[0.0386905],9,0_63
Hybridindex,17.6073[1.30475],17.6205[1.31172],17.5942[1.29772],10,0_63
Pref0,0.8855[0.221675],0.886593[0.221094],0.884425[0.222239],10,0_63
Signal0,0.998[0.0315595],0.998488[0.0274547],0.99752[0.0351273],10,0_63
Hybridindex,17.6172[1.30523],17.6078[1.31382],17.627[1.29616],11,0_63
Pref0,0.9025[0.211527],0.896078[0.216895],0.909184[0.205579],11,0_63
Signal0,0.9995[0.0158035],0.99951[0.0156479],0.99949[0.0159638],11,0_63
Hybridindex,17.6255[1.31301],17.5565[1.29885],17.6933[1.32327],12,0_63
Pref0,0.903[0.210573],0.903128[0.211191],0.902874[0.209964],12,0_63
Signal0,0.99975[0.0111775],0.999495[0.015875],1[0],12,0_63
Hybridindex,17.5792[1.29898],17.5296[1.30709],17.6305[1.28856],13,0_63
Pref0,0.91275[0.201277],0.910837[0.202645],0.914721[0.199839],13,0_63
Signal0,1[0],1[0],1[0],13,0_63
Hybridindex,17.5527[1.34233],17.495[1.37297],17.6111[1.30806],14,0_63
Pref0,0.911[0.200197],0.912935[0.198582],0.909045[0.201797],14,0_63
Signal0,1[0],1[0],1[0],14,0_63
Hybridindex,17.5882[1.30894],17.5958[1.30991],17.5807[1.30793],15,0_63
Pref0,0.91[0.207726],0.911178[0.207386],0.908818[0.20806],15,0_63
Signal0,1[0],1[0],1[0],15,0_63
Hybridindex,17.5735[1.28183],17.5832[1.28956],17.5641[1.27421],16,0_63
Pref0,0.911[0.200197],0.914807[0.199756],0.907298[0.200556],16,0_63
Signal0,1[0],1[0],1[0],16,0_63
Hybridindex,17.5912[1.27045],17.5986[1.27306],17.5843[1.26793],17,0_63
Pref0,0.91825[0.192852],0.911704[0.198574],0.924464[0.187046],17,0_63
Signal0,1[0],1[0],1[0],17,0_63
Hybridindex,17.6097[1.25073],17.5629[1.27562],17.6598[1.2216],18,0_63
Pref0,0.9145[0.199849],0.912391[0.204786],0.916753[0.194412],18,0_63
Signal0,1[0],1[0],1[0],18,0_63
Hybridindex,17.5613[1.26654],17.5044[1.27055],17.6216[1.25946],19,0_63
Pref0,0.90475[0.206282],0.903398[0.205833],0.906186[0.206749],19,0_63
Signal0,1[0],1[0],1[0],19,0_63
Hybridindex,17.5813[1.23896],17.5959[1.21464],17.5679[1.26059],20,0_63
Pref0,0.90425[0.210254],0.895702[0.221658],0.912046[0.198965],20,0_63
Signal0,1[0],1[0],1[0],20,0_63
Hybridindex,17.5545[1.28415],17.5768[1.26896],17.5327[1.29848],21,0_63
Pref0,0.902[0.208317],0.89596[0.213872],0.907921[0.20255],21,0_63
Signal0,1[0],1[0],1[0],21,0_63
Hybridindex,17.551[1.26921],17.5302[1.28123],17.5721[1.2565],22,0_63
Pref0,0.89825[0.215689],0.896432[0.213348],0.900101[0.218032],22,0_63
Signal0,1[0],1[0],1[0],22,0_63
Hybridindex,17.5822[1.25633],17.5684[1.27962],17.5972[1.23053],23,0_63
Pref0,0.895[0.21616],0.896917[0.213851],0.892931[0.218604],23,0_63
Signal0,1[0],1[0],1[0],23,0_63
Hybridindex,17.6225[1.23925],17.6691[1.22754],17.5751[1.24926],24,0_63
Pref0,0.898[0.212358],0.89881[0.211707],0.897177[0.213014],24,0_63
Signal0,1[0],1[0],1[0],24,0_63
Hybridindex,17.6833[1.23947],17.6887[1.19565],17.6779[1.28103],25,0_63
Pref0,0.89575[0.215074],0.892533[0.218482],0.89891[0.211626],25,0_63
Signal0,1[0],1[0],1[0],25,0_63
Hybridindex,17.7157[1.1945],17.7275[1.20913],17.704[1.17957],26,0_63
Pref0,0.88625[0.228989],0.8785[0.237672],0.894[0.219691],26,0_63
Signal0,1[0],1[0],1[0],26,0_63
Hybridindex,17.714[1.20756],17.7028[1.22749],17.7256[1.18643],27,0_63
Pref0,0.88175[0.223924],0.874754[0.227701],0.889002[0.219705],27,0_63
Signal0,1[0],1[0],1[0],27,0_63
Hybridindex,17.747[1.19989],17.7767[1.1706],17.716[1.22893],28,0_63
Pref0,0.887[0.223564],0.874143[0.237472],0.900409[0.207224],28,0_63
Signal0,1[0],1[0],1[0],28,0_63
Hybridindex,17.779[1.18053],17.7566[1.19391],17.8028[1.16571],29,0_63
Pref0,0.8875[0.224374],0.887755[0.222159],0.88723[0.226698],29,0_63
Signal0,1[0],1[0],1[0],29,0_63
Hybridindex,17.7812[1.18976],17.8014[1.16374],17.7608[1.21523],30,0_63
Pref0,0.8875[0.222697],0.899206[0.210261],0.875629[0.234038],30,0_63
Signal0,1[0],1[0],1[0],30,0_63
Hybridindex,17.7782[1.15648],17.7447[1.14485],17.8107[1.16669],31,0_63
Pref0,0.876[0.233182],0.879451[0.225453],0.872665[0.24037],31,0_63
Signal0,1[0],1[0],1[0],31,0_63
Hybridindex,17.7755[1.17828],17.7915[1.18912],17.7593[1.16701],32,0_63
Pref0,0.87975[0.230032],0.8801[0.227034],0.879397[0.233022],32,0_63
Signal0,1[0],1[0],1[0],32,0_63
Hybridindex,17.801[1.20235],17.7974[1.21309],17.8044[1.19214],33,0_63
Pref0,0.87725[0.230884],0.873196[0.234637],0.881068[0.227226],33,0_63
Signal0,1[0],1[0],1[0],33,0_63
Hybridindex,17.8223[1.21749],17.8273[1.19662],17.8172[1.23795],34,0_63
Pref0,0.87225[0.238338],0.877377[0.232987],0.867133[0.243453],34,0_63
Signal0,1[0],1[0],1[0],34,0_63
Hybridindex,17.7885[1.21995],17.7595[1.2248],17.8207[1.21372],35,0_63
Pref0,0.8705[0.237128],0.872148[0.231859],0.868671[0.242829],35,0_63
Signal0,1[0],1[0],1[0],35,0_63
Hybridindex,17.7918[1.2053],17.7667[1.21141],17.817[1.1986],36,0_63
Pref0,0.86325[0.242744],0.855434[0.249701],0.871113[0.235275],36,0_63
Signal0,1[0],1[0],1[0],36,0_63
Hybridindex,17.8065[1.15826],17.8141[1.14978],17.7985[1.16714],37,0_63
Pref0,0.857[0.249602],0.863107[0.244747],0.850515[0.254495],37,0_63
Signal0,1[0],1[0],1[0],37,0_63
Hybridindex,17.8657[1.13704],17.8728[1.14118],17.8583[1.13261],38,0_63
Pref0,0.85425[0.246743],0.851852[0.243795],0.856776[0.249785],38,0_63
Signal0,1[0],1[0],1[0],38,0_63
Hybridindex,17.8538[1.14607],17.8092[1.16499],17.8984[1.12503],39,0_63
Pref0,0.85[0.250998],0.848651[0.247506],0.851351[0.254441],39,0_63
Signal0,1[0],1[0],1[0],39,0_63
Hybridindex,17.8558[1.12275],17.8479[1.08526],17.8635[1.15848],40,0_63
Pref0,0.84275[0.257677],0.831823[0.262482],0.853525[0.252387],40,0_63
Signal0,1[0],1[0],1[0],40,0_63
Hybridindex,17.873[1.13639],17.8854[1.14052],17.8601[1.13192],41,0_63
Pref0,0.83825[0.264503],0.840353[0.263662],0.836057[0.26536],41,0_63
Signal0,1[0],1[0],1[0],41,0_63
Hybridindex,17.8723[1.0933],17.9101[1.09923],17.8384[1.08684],42,0_63
Pref0,0.83975[0.25922],0.844444[0.252256],0.835545[0.265232],42,0_63
Signal0,1[0],1[0],1[0],42,0_63
Hybridindex,17.9043[1.08603],17.8994[1.09622],17.9088[1.07634],43,0_63
Pref0,0.83675[0.258311],0.834365[0.256325],0.838991[0.260143],43,0_63
Signal0,1[0],1[0],1[0],43,0_63
Hybridindex,17.9305[1.08151],17.888[1.11391],17.9711[1.04797],44,0_63
Pref0,0.8375[0.254153],0.842025[0.251464],0.83317[0.256626],44,0_63
Signal0,1[0],1[0],1[0],44,0_63
Hybridindex,17.94[1.09186],17.8428[1.10417],18.0339[1.07148],45,0_63
Pref0,0.84975[0.249098],0.856562[0.241383],0.843166[0.256163],45,0_63
Signal0,1[0],1[0],1[0],45,0_63
Hybridindex,17.9097[1.07015],17.9306[1.05431],17.8882[1.08585],46,0_63
Pref0,0.85575[0.248127],0.850886[0.252272],0.860772[0.243672],46,0_63
Signal0,1[0],1[0],1[0],46,0_63
Hybridindex,17.9183[1.0905],17.9058[1.1003],17.9309[1.08029],47,0_63
Pref0,0.8565[0.250315],0.852329[0.247879],0.860747[0.252701],47,0_63
Signal0,1[0],1[0],1[0],47,0_63
Hybridindex,17.924[1.08015],17.9234[1.05908],17.9246[1.10049],48,0_63
Pref0,0.866[0.241442],0.865927[0.241109],0.866071[0.241769],48,0_63
Signal0,1[0],1[0],1[0],48,0_63
Hybridindex,17.9515[1.08196],17.9633[1.09712],17.9405[1.06747],49,0_63
Pref0,0.86625[0.236613],0.864012[0.240363],0.868345[0.23303],49,0_63
Signal0,1[0],1[0],1[0],49,0_63
Hybridindex,17.9638[1.0614],17.9454[1.07511],17.9834[1.04616],50,0_63
Pref0,0.86525[0.2418],0.867988[0.236288],0.862319[0.247531],50,0_63
Signal0,1[0],1[0],1[0],50,0_63
Hybridindex,17.959[1.07265],17.9503[1.08206],17.9681[1.06254],51,0_63
Pref0,0.8695[0.243351],0.856865[0.249555],0.882837[0.235894],51,0_63
Signal0,1[0],1[0],1[0],51,0_63
Hybridindex,17.9485[1.05988],17.9702[1.05994],17.9272[1.05938],52,0_63
Pref0,0.871[0.231536],0.857719[0.237585],0.884044[0.224675],52,0_63
Signal0,1[0],1[0],1[0],52,0_63
Hybridindex,17.9348[1.09333],17.9508[1.07558],17.9181[1.11115],53,0_63
Pref0,0.86175[0.241892],0.857915[0.246348],0.865717[0.23713],53,0_63
Signal0,1[0],1[0],1[0],53,0_63
Hybridindex,17.9483[1.10666],17.9859[1.12087],17.911[1.09117],54,0_63
Pref0,0.859[0.242114],0.859155[0.237953],0.858847[0.246156],54,0_63
Signal0,1[0],1[0],1[0],54,0_63
Hybridindex,18.0065[1.05911],18[1.04292],18.0127[1.07424],55,0_63
Pref0,0.8475[0.249987],0.847692[0.254462],0.847317[0.245655],55,0_63
Signal0,1[0],1[0],1[0],55,0_63
Hybridindex,17.9922[1.04908],17.9758[1.05604],18.0084[1.04191],56,0_63
Pref0,0.85075[0.251693],0.860524[0.243614],0.841112[0.259052],56,0_63
Signal0,1[0],1[0],1[0],56,0_63
Hybridindex,18.0087[1.02362],17.9931[1.00644],18.0227[1.03854],57,0_63
Pref0,0.852[0.254157],0.858051[0.249955],0.846591[0.257736],57,0_63
Signal0,1[0],1[0],1[0],57,0_63
Hybridindex,18.0295[1.0417],18.0751[1.01889],17.987[1.06075],58,0_63
Pref0,0.84625[0.258333],0.841969[0.257831],0.850242[0.258736],58,0_63
Signal0,1[0],1[0],1[0],58,0_63
Hybridindex,18.0098[1.05287],18.0229[1.08418],17.9965[1.02023],59,0_63
Pref0,0.8405[0.255068],0.844467[0.25307],0.83651[0.257],59,0_63
Signal0,1[0],1[0],1[0],59,0_63
Hybridindex,18.011[1.06542],17.951[1.07429],18.071[1.05307],60,0_63
Pref0,0.848[0.252777],0.844[0.254291],0.852[0.251189],60,0_63
Signal0,1[0],1[0],1[0],60,0_63
Hybridindex,18.0055[1.04903],17.991[1.05215],18.02[1.04571],61,0_63
Pref0,0.851[0.249598],0.850851[0.248674],0.851149[0.250516],61,0_63
Signal0,1[0],1[0],1[0],61,0_63
Hybridindex,17.9988[1.04169],17.9761[1.06266],18.0207[1.02049],62,0_63
Pref0,0.85675[0.252694],0.856199[0.248782],0.857283[0.256426],62,0_63
Signal0,1[0],1[0],1[0],62,0_63
Hybridindex,17.998[1.03706],17.9858[1.02347],18.0107[1.05092],63,0_63
Pref0,0.85875[0.245303],0.850783[0.250233],0.867076[0.239759],63,0_63
Signal0,1[0],1[0],1[0],63,0_63
Hybridindex,17.991[1.04039],18.0099[1.01695],17.9698[1.06565],64,0_63
Pref0,0.86125[0.235846],0.858562[0.23446],0.864263[0.237354],64,0_63
Signal0,1[0],1[0],1[0],64,0_63
Hybridindex,17.982[1.04913],18.0101[1.05738],17.9546[1.04032],65,0_63
Pref0,0.85375[0.244409],0.853955[0.248667],0.85355[0.240197],65,0_63
Signal0,1[0],1[0],1[0],65,0_63
Hybridindex,17.9715[1.01597],17.957[1.02913],17.9854[1.00306],66,0_63
Pref0,0.85625[0.246903],0.859119[0.24352],0.853516[0.250053],66,0_63
Signal0,1[0],1[0],1[0],66,0_63
Hybridindex,17.953[1.02958],17.9549[1.03721],17.9512[1.02211],67,0_63
Pref0,0.864[0.242392],0.861055[0.239304],0.866864[0.245324],67,0_63
Signal0,1[0],1[0],1[0],67,0_63
Hybridindex,17.9468[1.00189],17.9555[0.992561],17.9378[1.01128],68,0_63
Pref0,0.8655[0.241163],0.85919[0.244877],0.871964[0.237125],68,0_63
Signal0,1[0],1[0],1[0],68,0_63
Hybridindex,18.0095[1.01755],18.0146[1.0206],18.0041[1.01429],69,0_63
Pref0,0.8675[0.239674],0.859436[0.247435],0.876029[0.230877],69,0_63
Signal0,1[0],1[0],1[0],69,0_63
Hybridindex,18.016[1.02907],17.9832[1.02724],18.0459[1.02984],70,0_63
Pref0,0.87075[0.232206],0.878534[0.228608],0.863636[0.23522],70,0_63
Signal0,1[0],1[0],1[0],70,0_63
Hybridindex,18.0055[1.01979],17.9736[1.01882],18.0388[1.01974],71,0_63
Pref0,0.87275[0.238605],0.868266[0.241469],0.877426[0.23549],71,0_63
Signal0,1[0],1[0],1[0],71,0_63
Hybridindex,18.0175[1.02528],18.0336[1.03772],18.001[1.01208],72,0_63
Pref0,0.87075[0.236473],0.877098[0.232902],0.864235[0.239908],72,0_63
Signal0,1[0],1[0],1[0],72,0_63
Hybridindex,17.9965[1.0298],18.0449[1.03998],17.9433[1.01585],73,0_63
Pref0,0.8675[0.237052],0.865807[0.23918],0.86936[0.234678],73,0_63
Signal0,1[0],1[0],1[0],73,0_63
Hybridindex,17.9847[1.02085],17.9426[1.0106],18.0249[1.02891],74,0_63
Pref0,0.86425[0.244841],0.861538[0.244546],0.866829[0.245093],74,0_63
Signal0,1[0],1[0],1[0],74,0_63
Hybridindex,17.9833[1.02791],17.9821[1.01948],17.9844[1.03589],75,0_63
Pref0,0.863[0.24542],0.867963[0.24463],0.85826[0.246079],75,0_63
Signal0,1[0],1[0],1[0],75,0_63
Hybridindex,17.959[1.04741],18.0086[1.04043],17.9109[1.0519],76,0_63
Pref0,0.8805[0.227969],0.875[0.233446],0.885827[0.222406],76,0_63
Signal0,1[0],1[0],1[0],76,0_63
Hybridindex,17.9402[1.06469],17.9684[1.09596],17.9139[1.03392],77,0_63
Pref0,0.8785[0.235558],0.86853[0.244618],0.887814[0.226372],77,0_63
Signal0,1[0],1[0],1[0],77,0_63
Hybridindex,17.9333[1.0756],17.8918[1.06237],17.9749[1.08716],78,0_63
Pref0,0.87425[0.235185],0.876869[0.233196],0.871615[0.23714],78,0_63
Signal0,1[0],1[0],1[0],78,0_63
Hybridindex,17.9393[1.04914],17.925[1.06612],17.9533[1.03192],79,0_63
Pref0,0.87325[0.236769],0.867573[0.239242],0.878848[0.23417],79,0_63
Signal0,1[0],1[0],1[0],79,0_63
Hybridindex,17.9503[1.0381],17.9523[1.02677],17.9483[1.04919],80,0_63
Pref0,0.872[0.237415],0.868844[0.239627],0.875124[0.235163],80,0_63
Signal0,1[0],1[0],1[0],80,0_63
Hybridindex,17.9593[1.05117],17.95[1.05028],17.9691[1.05203],81,0_63
Pref0,0.87275[0.232771],0.876214[0.229958],0.869072[0.235666],81,0_63
Signal0,1[0],1[0],1[0],81,0_63
Hybridindex,17.9325[1.08752],17.907[1.1063],17.9597[1.06645],82,0_63
Pref0,0.86375[0.240958],0.871124[0.233692],0.855888[0.24823],82,0_63
Signal0,1[0],1[0],1[0],82,0_63
Hybridindex,17.907[1.04563],17.9508[1.04039],17.8635[1.049],83,0_63
Pref0,0.85425[0.248761],0.849398[0.2543],0.859064[0.243046],83,0_63
Signal0,1[0],1[0],1[0],83,0_63
Hybridindex,17.9065[1.03102],17.8646[1.00992],17.9501[1.05073],84,0_63
Pref0,0.84875[0.257388],0.853288[0.257977],0.844037[0.25669],84,0_63
Signal0,1[0],1[0],1[0],84,0_63
Hybridindex,17.91[1.02915],17.9322[1.04052],17.8889[1.01779],85,0_63
Pref0,0.8535[0.250575],0.856776[0.247721],0.85039[0.253215],85,0_63
Signal0,1[0],1[0],1[0],85,0_63
Hybridindex,17.9243[1.02415],17.905[1.04112],17.9427[1.00727],86,0_63
Pref0,0.84975[0.249098],0.84525[0.251259],0.854065[0.246931],86,0_63
Signal0,1[0],1[0],1[0],86,0_63
Hybridindex,17.932[1.04565],17.93[1.03562],17.9341[1.05585],87,0_63
Pref0,0.8505[0.255244],0.846154[0.260859],0.85497[0.24926],87,0_63
Signal0,1[0],1[0],1[0],87,0_63
Hybridindex,17.929[1.07609],17.9603[1.03709],17.8996[1.11068],88,0_63
Pref0,0.85075[0.254164],0.846233[0.25617],0.854995[0.252191],88,0_63
Signal0,1[0],1[0],1[0],88,0_63
Hybridindex,17.9413[1.05163],17.9532[1.04658],17.9291[1.05657],89,0_63
Pref0,0.852[0.250691],0.856716[0.250109],0.847236[0.251188],89,0_63
Signal0,1[0],1[0],1[0],89,0_63
Hybridindex,17.9387[1.04564],17.9647[1.03314],17.9133[1.05717],90,0_63
Pref0,0.85075[0.255635],0.849647[0.253328],0.851833[0.257877],90,0_63
Signal0,1[0],1[0],1[0],90,0_63
Hybridindex,17.947[1.05733],17.914[1.07987],17.9816[1.03207],91,0_63
Pref0,0.85375[0.248467],0.845064[0.252442],0.862845[0.243905],91,0_63
Signal0,1[0],1[0],1[0],91,0_63
Hybridindex,17.974[1.0492],17.9887[1.04863],17.9589[1.04958],92,0_63
Pref0,0.8565[0.252305],0.850739[0.252352],0.862437[0.252118],92,0_63
Signal0,1[0],1[0],1[0],92,0_63
Hybridindex,17.9535[1.04921],17.9487[1.06441],17.9584[1.03332],93,0_63
Pref0,0.85475[0.255005],0.851578[0.259746],0.858012[0.249993],93,0_63
Signal0,1[0],1[0],1[0],93,0_63
Hybridindex,17.982[1.03907],17.9833[1.04966],17.9806[1.02796],94,0_63
Pref0,0.8555[0.249238],0.86212[0.244423],0.848624[0.253961],94,0_63
Signal0,1[0],1[0],1[0],94,0_63
Hybridindex,17.9775[1.05142],18.0005[1.05853],17.9546[1.04379],95,0_63
Pref0,0.85325[0.255126],0.847194[0.256083],0.859281[0.254027],95,0_63
Signal0,1[0],1[0],1[0],95,0_63
Hybridindex,17.9425[1.08671],17.9158[1.09963],17.9717[1.07164],96,0_63
Pref0,0.8565[0.25526],0.855024[0.253749],0.858115[0.256894],96,0_63
Signal0,1[0],1[0],1[0],96,0_63
Hybridindex,17.926[1.0746],17.9427[1.07073],17.9095[1.07817],97,0_63
Pref0,0.86075[0.241318],0.857789[0.242738],0.863682[0.239868],97,0_63
Signal0,1[0],1[0],1[0],97,0_63
Hybridindex,17.936[1.05055],17.9486[1.04817],17.9236[1.05274],98,0_63
Pref0,0.869[0.239977],0.864415[0.24287],0.873512[0.237009],98,0_63
Signal0,1[0],1[0],1[0],98,0_63
Hybridindex,17.9017[1.0403],17.891[1.04389],17.912[1.03675],99,0_63
Pref0,0.872[0.232628],0.882293[0.222721],0.86217[0.241302],99,0_63
Signal0,1[0],1[0],1[0],99,0_63
Hybridindex,17.9052[1.01385],17.9015[1.01175],17.909[1.01596],100,0_63
Pref0,0.87775[0.233302],0.876617[0.23223],0.878894[0.234375],100,0_63
Signal0,1[0],1[0],1[0],100,0_63
Hybridindex,12.4[8.30301],12.4975[8.31228],12.3062[8.293],1,0_64
Pref0,0.62[0.415151],0.624873[0.415614],0.615309[0.41465],1,0_64
Signal0,0.62[0.415151],0.624873[0.415614],0.615309[0.41465],1,0_64
Hybridindex,15.227[6.03434],15.3646[6.01683],15.0961[6.04804],2,0_64
Pref0,0.765[0.329052],0.775897[0.326259],0.754634[0.331354],2,0_64
Signal0,0.76375[0.329865],0.770769[0.328972],0.757073[0.330574],2,0_64
Hybridindex,16.868[3.73916],16.869[3.76448],16.867[3.71367],3,0_64
Pref0,0.849[0.255341],0.8535[0.252562],0.8445[0.258011],3,0_64
Signal0,0.86575[0.241043],0.865[0.242436],0.8665[0.239641],3,0_64
Hybridindex,17.507[2.43443],17.5349[2.46727],17.4781[2.39957],4,0_64
Pref0,0.87725[0.229254],0.874754[0.234083],0.879837[0.224109],4,0_64
Signal0,0.9275[0.176759],0.925344[0.178198],0.929735[0.175227],4,0_64
Hybridindex,17.7832[1.84821],17.7375[1.86308],17.8308[1.83143],5,0_64
Pref0,0.88825[0.220538],0.883219[0.228282],0.893476[0.212068],5,0_64
Signal0,0.966[0.125873],0.965162[0.1273],0.966871[0.124367],5,0_64
Hybridindex,17.785[1.60063],17.7401[1.62495],17.831[1.57401],6,0_64
Pref0,0.88525[0.227393],0.882411[0.22994],0.888158[0.224716],6,0_64
Signal0,0.98375[0.0886619],0.988142[0.0760805],0.979251[0.0997195],6,0_64
Hybridindex,17.7323[1.50738],17.7116[1.49125],17.7527[1.52289],7,0_64
Pref0,0.88375[0.22773],0.886432[0.227874],0.881095[0.227556],7,0_64
Signal0,0.98725[0.078819],0.986935[0.0797619],0.987562[0.077873],7,0_64
Hybridindex,17.8165[1.35206],17.7919[1.36406],17.841[1.33959],8,0_64
Pref0,0.88025[0.229205],0.865597[0.242211],0.894816[0.214511],8,0_64
Signal0,0.9935[0.056637],0.992979[0.0588323],0.994018[0.0543621],8,0_64
Hybridindex,17.8173[1.30306],17.8246[1.31273],17.8101[1.2935],9,0_64
Pref0,0.88725[0.225083],0.884226[0.227071],0.890208[0.223082],9,0_64
Signal0,0.99675[0.0401801],0.995956[0.0447871],0.997527[0.0350754],9,0_64
Hybridindex,17.7812[1.31007],17.7427[1.33664],17.8195[1.28195],10,0_64
Pref0,0.879[0.229911],0.879639[0.231771],0.878365[0.228045],10,0_64
Signal0,0.99875[0.0249687],0.997994[0.0316067],0.999501[0.0157799],10,0_64
Hybridindex,17.7892[1.25178],17.7966[1.26374],17.7818[1.23947],11,0_64
Pref0,0.88025[0.236717],0.875992[0.238836],0.884577[0.234465],11,0_64
Signal0,0.9995[0.0158035],0.999504[0.0157407],0.999496[0.015867],11,0_64
Hybridindex,17.7943[1.25849],17.8038[1.23797],17.7843[1.2793],12,0_64
Pref0,0.884[0.225929],0.885447[0.224823],0.882503[0.227058],12,0_64
Signal0,0.99975[0.0111775],1[0],0.999491[0.0159394],12,0_64
Hybridindex,17.775[1.24805],17.7838[1.23736],17.7663[1.25838],13,0_64
Pref0,0.88225[0.22915],0.882828[0.228981],0.881683[0.229315],13,0_64
Signal0,0.99975[0.0111775],0.999495[0.015883],1[0],13,0_64
Hybridindex,17.7955[1.23771],17.7937[1.23621],17.7976[1.23947],14,0_64
Pref0,0.88425[0.225781],0.885291[0.225104],0.883025[0.226568],14,0_64
Signal0,1[0],1[0],1[0],14,0_64
Hybridindex,17.7888[1.24187],17.8107[1.22047],17.7656[1.26357],15,0_64
Pref0,0.89175[0.220583],0.888293[0.22623],0.895385[0.214426],15,0_64
Signal0,1[0],1[0],1[0],15,0_64
Hybridindex,17.779[1.23153],17.7777[1.20074],17.7803[1.26109],16,0_64
Pref0,0.885[0.229183],0.885081[0.228731],0.884921[0.229628],16,0_64
Signal0,1[0],1[0],1[0],16,0_64
Hybridindex,17.8[1.2339],17.8118[1.22316],17.7882[1.24441],17,0_64
Pref0,0.88[0.231517],0.885886[0.228129],0.874126[0.234701],17,0_64
Signal0,1[0],1[0],1[0],17,0_64
Hybridindex,17.806[1.21968],17.8125[1.19151],17.7994[1.24761],18,0_64
Pref0,0.87925[0.22977],0.882937[0.229705],0.875504[0.229776],18,0_64
Signal0,1[0],1[0],1[0],18,0_64
Hybridindex,17.794[1.20408],17.811[1.2177],17.7774[1.19043],19,0_64
Pref0,0.889[0.217207],0.888045[0.217937],0.889931[0.21649],19,0_64
Signal0,1[0],1[0],1[0],19,0_64
Hybridindex,17.754[1.2148],17.7779[1.20464],17.7286[1.22501],20,0_64
Pref0,0.8935[0.217158],0.897187[0.207992],0.889577[0.226438],20,0_64
Signal0,1[0],1[0],1[0],20,0_64
Hybridindex,17.7635[1.21863],17.7614[1.23863],17.7657[1.1978],21,0_64
Pref0,0.89825[0.214527],0.896245[0.2146],0.900304[0.214433],21,0_64
Signal0,1[0],1[0],1[0],21,0_64
Hybridindex,17.7812[1.20862],17.793[1.19201],17.7686[1.22603],22,0_64
Pref0,0.897[0.211284],0.892166[0.218192],0.902174[0.203503],22,0_64
Signal0,1[0],1[0],1[0],22,0_64
Hybridindex,17.7845[1.1844],17.8179[1.17337],17.7508[1.1945],23,0_64
Pref0,0.898[0.212358],0.896517[0.210986],0.899497[0.213724],23,0_64
Signal0,1[0],1[0],1[0],23,0_64
Hybridindex,17.7955[1.20112],17.7855[1.20396],17.8056[1.19814],24,0_64
Pref0,0.894[0.219691],0.892254[0.221845],0.89577[0.21747],24,0_64
Signal0,1[0],1[0],1[0],24,0_64
Hybridindex,17.8382[1.17653],17.8664[1.15873],17.811[1.19287],25,0_64
Pref0,0.89275[0.218226],0.895325[0.21318],0.890256[0.222975],25,0_64
Signal0,1[0],1[0],1[0],25,0_64
Hybridindex,17.84[1.14898],17.8353[1.13894],17.8446[1.15883],26,0_64
Pref0,0.89025[0.215824],0.888052[0.218997],0.89243[0.212607],26,0_64
Signal0,1[0],1[0],1[0],26,0_64
Hybridindex,17.8253[1.12053],17.837[1.11367],17.8133[1.12734],27,0_64
Pref0,0.887[0.223564],0.882557[0.229907],0.891524[0.216822],27,0_64
Signal0,1[0],1[0],1[0],27,0_64
Hybridindex,17.817[1.18459],17.8033[1.15169],17.8299[1.21468],28,0_64
Pref0,0.87675[0.232776],0.871267[0.235623],0.881924[0.229936],28,0_64
Signal0,1[0],1[0],1[0],28,0_64
Hybridindex,17.8667[1.15979],17.8821[1.1695],17.8508[1.14942],29,0_64
Pref0,0.86775[0.24163],0.862475[0.245283],0.873218[0.23766],29,0_64
Signal0,1[0],1[0],1[0],29,0_64
Hybridindex,17.8122[1.17223],17.8246[1.16575],17.8005[1.17824],30,0_64
Pref0,0.87425[0.231974],0.875385[0.227831],0.873171[0.235842],30,0_64
Signal0,1[0],1[0],1[0],30,0_64
Hybridindex,17.8235[1.15221],17.8069[1.15884],17.839[1.14578],31,0_64
Pref0,0.884[0.226482],0.879917[0.228802],0.887814[0.224225],31,0_64
Signal0,1[0],1[0],1[0],31,0_64
Hybridindex,17.7815[1.16694],17.7689[1.15893],17.7939[1.17466],32,0_64
Pref0,0.8865[0.227195],0.889225[0.220579],0.883813[0.233505],32,0_64
Signal0,1[0],1[0],1[0],32,0_64
Hybridindex,17.8532[1.16387],17.8431[1.19788],17.864[1.12683],33,0_64
Pref0,0.88575[0.224882],0.87963[0.228104],0.892197[0.221254],33,0_64
Signal0,1[0],1[0],1[0],33,0_64
Hybridindex,17.8855[1.13496],17.9034[1.13096],17.8682[1.13855],34,0_64
Pref0,0.8915[0.218467],0.897762[0.216264],0.885447[0.220406],34,0_64
Signal0,1[0],1[0],1[0],34,0_64
Hybridindex,17.8992[1.14879],17.9071[1.15604],17.891[1.14109],35,0_64
Pref0,0.8895[0.222575],0.88563[0.228939],0.893552[0.215636],35,0_64
Signal0,1[0],1[0],1[0],35,0_64
Hybridindex,17.8543[1.14843],17.8521[1.13358],17.8564[1.1634],36,0_64
Pref0,0.89525[0.217721],0.892681[0.218134],0.897877[0.217267],36,0_64
Signal0,1[0],1[0],1[0],36,0_64
Hybridindex,17.847[1.14765],17.863[1.18103],17.8308[1.11254],37,0_64
Pref0,0.898[0.213532],0.899702[0.216889],0.896274[0.21006],37,0_64
Signal0,1[0],1[0],1[0],37,0_64
Hybridindex,17.873[1.12366],17.8609[1.16156],17.8854[1.0835],38,0_64
Pref0,0.90575[0.205528],0.901485[0.208597],0.910101[0.202257],38,0_64
Signal0,1[0],1[0],1[0],38,0_64
Hybridindex,17.8863[1.11319],17.891[1.1004],17.8811[1.12677],39,0_64
Pref0,0.8985[0.210826],0.889585[0.219817],0.9081[0.200251],39,0_64
Signal0,1[0],1[0],1[0],39,0_64
Hybridindex,17.8758[1.09713],17.8703[1.12493],17.881[1.06998],40,0_64
Pref0,0.8955[0.213494],0.9[0.211224],0.89122[0.215545],40,0_64
Signal0,1[0],1[0],1[0],40,0_64
Hybridindex,17.835[1.11816],17.7799[1.11362],17.8913[1.11998],41,0_64
Pref0,0.90075[0.210415],0.901583[0.207327],0.899899[0.213522],41,0_64
Signal0,1[0],1[0],1[0],41,0_64
Hybridindex,17.8493[1.12867],17.8233[1.12557],17.8743[1.1311],42,0_64
Pref0,0.9025[0.208552],0.902749[0.207944],0.902259[0.209135],42,0_64
Signal0,1[0],1[0],1[0],42,0_64
Hybridindex,17.8577[1.15473],17.903[1.13491],17.8164[1.17098],43,0_64
Pref0,0.904[0.206238],0.907233[0.200994],0.901052[0.210864],43,0_64
Signal0,1[0],1[0],1[0],43,0_64
Hybridindex,17.8143[1.15439],17.7969[1.16666],17.8323[1.14123],44,0_64
Pref0,0.8995[0.207725],0.893032[0.213252],0.906218[0.201604],44,0_64
Signal0,1[0],1[0],1[0],44,0_64
Hybridindex,17.8352[1.14214],17.7758[1.1633],17.8978[1.11601],45,0_64
Pref0,0.9035[0.207817],0.902047[0.206865],0.905031[0.208804],45,0_64
Signal0,1[0],1[0],1[0],45,0_64
Hybridindex,17.84[1.13011],17.8498[1.10099],17.8302[1.15836],46,0_64
Pref0,0.90175[0.21029],0.894895[0.21682],0.908591[0.203334],46,0_64
Signal0,1[0],1[0],1[0],46,0_64
Hybridindex,17.826[1.1318],17.7884[1.12055],17.8637[1.14174],47,0_64
Pref0,0.90675[0.207194],0.907685[0.208863],0.905812[0.205501],47,0_64
Signal0,1[0],1[0],1[0],47,0_64
Hybridindex,17.802[1.14074],17.8043[1.14314],17.7997[1.13839],48,0_64
Pref0,0.908[0.200714],0.902427[0.205668],0.913452[0.195592],48,0_64
Signal0,1[0],1[0],1[0],48,0_64
Hybridindex,17.8135[1.12014],17.7777[1.1247],17.8489[1.11449],49,0_64
Pref0,0.9065[0.204958],0.906942[0.200959],0.906064[0.208833],49,0_64
Signal0,1[0],1[0],1[0],49,0_64
Hybridindex,17.8335[1.08721],17.835[1.09049],17.832[1.08374],50,0_64
Pref0,0.916[0.193505],0.919182[0.191829],0.912641[0.195201],50,0_64
Signal0,1[0],1[0],1[0],50,0_64
Hybridindex,17.865[1.0642],17.8906[1.03617],17.8384[1.09192],51,0_64
Pref0,0.91275[0.200031],0.904809[0.204863],0.920999[0.194542],51,0_64
Signal0,1[0],1[0],1[0],51,0_64
Hybridindex,17.8498[1.05891],17.8851[1.03024],17.815[1.08527],52,0_64
Pref0,0.90975[0.202435],0.917843[0.197142],0.901786[0.207204],52,0_64
Signal0,1[0],1[0],1[0],52,0_64
Hybridindex,17.888[1.06979],17.8813[1.09601],17.8953[1.0403],53,0_64
Pref0,0.917[0.192642],0.921531[0.189599],0.912042[0.195798],53,0_64
Signal0,1[0],1[0],1[0],53,0_64
Hybridindex,17.8768[1.06216],17.8895[1.07123],17.864[1.05286],54,0_64
Pref0,0.91625[0.196497],0.914[0.202741],0.9185[0.19002],54,0_64
Signal0,1[0],1[0],1[0],54,0_64
Hybridindex,17.9[1.09041],17.9171[1.08245],17.8814[1.09873],55,0_64
Pref0,0.9245[0.189868],0.924257[0.192168],0.924765[0.187329],55,0_64
Signal0,1[0],1[0],1[0],55,0_64
Hybridindex,17.8485[1.10218],17.8433[1.10333],17.8538[1.10097],56,0_64
Pref0,0.9215[0.187317],0.919704[0.187559],0.92335[0.18705],56,0_64
Signal0,1[0],1[0],1[0],56,0_64
Hybridindex,17.835[1.11143],17.8577[1.11394],17.8138[1.10866],57,0_64
Pref0,0.919[0.191544],0.92029[0.194016],0.917795[0.189197],57,0_64
Signal0,1[0],1[0],1[0],57,0_64
Hybridindex,17.8095[1.1105],17.8461[1.098],17.7745[1.12121],58,0_64
Pref0,0.91225[0.199186],0.916155[0.193516],0.908513[0.204394],58,0_64
Signal0,1[0],1[0],1[0],58,0_64
Hybridindex,17.7605[1.11249],17.7592[1.10702],17.7617[1.1177],59,0_64
Pref0,0.914[0.198378],0.91002[0.204953],0.917808[0.191798],59,0_64
Signal0,1[0],1[0],1[0],59,0_64
Hybridindex,17.7795[1.08507],17.7933[1.07956],17.7652[1.09055],60,0_64
Pref0,0.9135[0.200668],0.91437[0.198543],0.912602[0.202835],60,0_64
Signal0,1[0],1[0],1[0],60,0_64
Hybridindex,17.7808[1.0998],17.7617[1.12898],17.7976[1.07297],61,0_64
Pref0,0.9165[0.198816],0.918617[0.202443],0.914623[0.195524],61,0_64
Signal0,1[0],1[0],1[0],61,0_64
Hybridindex,17.7667[1.09748],17.7227[1.09038],17.809[1.1026],62,0_64
Pref0,0.91325[0.198996],0.90858[0.201039],0.917728[0.196913],62,0_64
Signal0,1[0],1[0],1[0],62,0_64
Hybridindex,17.7605[1.08726],17.7456[1.09072],17.7762[1.08339],63,0_64
Pref0,0.91025[0.203887],0.905945[0.208666],0.914784[0.198627],63,0_64
Signal0,1[0],1[0],1[0],63,0_64
Hybridindex,17.7647[1.08951],17.8258[1.06893],17.705[1.10605],64,0_64
Pref0,0.904[0.208648],0.90303[0.212467],0.90495[0.204831],64,0_64
Signal0,1[0],1[0],1[0],64,0_64
Hybridindex,17.75[1.06829],17.7322[1.06063],17.7682[1.07578],65,0_64
Pref0,0.901[0.210829],0.899209[0.211384],0.902834[0.210244],65,0_64
Signal0,1[0],1[0],1[0],65,0_64
Hybridindex,17.7215[1.07886],17.7115[1.08155],17.7316[1.07603],66,0_64
Pref0,0.895[0.21616],0.886792[0.218541],0.903323[0.213396],66,0_64
Signal0,1[0],1[0],1[0],66,0_64
Hybridindex,17.6863[1.07758],17.6662[1.08822],17.7064[1.06642],67,0_64
Pref0,0.89[0.219431],0.895709[0.212746],0.884269[0.225799],67,0_64
Signal0,1[0],1[0],1[0],67,0_64
Hybridindex,17.6822[1.08888],17.6731[1.06476],17.691[1.11145],68,0_64
Pref0,0.89525[0.218294],0.90858[0.207293],0.882468[0.227614],68,0_64
Signal0,1[0],1[0],1[0],68,0_64
Hybridindex,17.6728[1.1016],17.7067[1.08226],17.6374[1.12033],69,0_64
Pref0,0.89[0.217715],0.891773[0.215217],0.888151[0.220276],69,0_64
Signal0,1[0],1[0],1[0],69,0_64
Hybridindex,17.6517[1.12854],17.6459[1.12001],17.6577[1.13715],70,0_64
Pref0,0.88575[0.222648],0.882789[0.222077],0.888777[0.223189],70,0_64
Signal0,1[0],1[0],1[0],70,0_64
Hybridindex,17.6298[1.09956],17.6175[1.09573],17.6413[1.10304],71,0_64
Pref0,0.8785[0.231274],0.880412[0.223901],0.876699[0.237995],71,0_64
Signal0,1[0],1[0],1[0],71,0_64
Hybridindex,17.6597[1.10141],17.6481[1.10178],17.672[1.10089],72,0_64
Pref0,0.87825[0.228696],0.886452[0.224089],0.86961[0.233139],72,0_64
Signal0,1[0],1[0],1[0],72,0_64
Hybridindex,17.6555[1.12175],17.6807[1.12407],17.6305[1.11888],73,0_64
Pref0,0.879[0.23315],0.873996[0.239092],0.883964[0.226993],73,0_64
Signal0,1[0],1[0],1[0],73,0_64
Hybridindex,17.6247[1.09044],17.5997[1.06943],17.649[1.10984],74,0_64
Pref0,0.881[0.224364],0.873347[0.233252],0.888397[0.215165],74,0_64
Signal0,1[0],1[0],1[0],74,0_64
Hybridindex,17.6152[1.10322],17.5973[1.13288],17.6331[1.07263],75,0_64
Pref0,0.877[0.2283],0.874122[0.232626],0.87986[0.223881],75,0_64
Signal0,1[0],1[0],1[0],75,0_64
Hybridindex,17.6477[1.08203],17.63[1.09689],17.6662[1.06607],76,0_64
Pref0,0.87275[0.233843],0.873405[0.231625],0.872069[0.236123],76,0_64
Signal0,1[0],1[0],1[0],76,0_64
Hybridindex,17.669[1.08637],17.6736[1.12052],17.6643[1.0505],77,0_64
Pref0,0.86825[0.236679],0.875992[0.234646],0.860383[0.23847],77,0_64
Signal0,1[0],1[0],1[0],77,0_64
Hybridindex,17.6355[1.06754],17.6693[1.05363],17.6[1.08084],78,0_64
Pref0,0.862[0.244348],0.870732[0.240167],0.852821[0.248338],78,0_64
Signal0,1[0],1[0],1[0],78,0_64
Hybridindex,17.655[1.09383],17.6694[1.10056],17.6409[1.08699],79,0_64
Pref0,0.86325[0.244284],0.862399[0.248924],0.864087[0.239626],79,0_64
Signal0,1[0],1[0],1[0],79,0_64
Hybridindex,17.6612[1.11102],17.6908[1.08322],17.6324[1.13677],80,0_64
Pref0,0.8625[0.24565],0.865891[0.244329],0.85919[0.246887],80,0_64
Signal0,1[0],1[0],1[0],80,0_64
Hybridindex,17.6755[1.09918],17.6672[1.12868],17.6841[1.06773],81,0_64
Pref0,0.85725[0.245962],0.856441[0.241961],0.858087[0.250032],81,0_64
Signal0,1[0],1[0],1[0],81,0_64
Hybridindex,17.685[1.09431],17.6794[1.09237],17.6906[1.09622],82,0_64
Pref0,0.86775[0.23534],0.86523[0.236083],0.870259[0.234571],82,0_64
Signal0,1[0],1[0],1[0],82,0_64
Hybridindex,17.6547[1.11755],17.6709[1.12662],17.6379[1.10777],83,0_64
Pref0,0.86625[0.23924],0.865328[0.23676],0.867211[0.241796],83,0_64
Signal0,1[0],1[0],1[0],83,0_64
Hybridindex,17.6575[1.08187],17.6461[1.08104],17.6685[1.08255],84,0_64
Pref0,0.8685[0.240744],0.871297[0.242946],0.865818[0.238583],84,0_64
Signal0,1[0],1[0],1[0],84,0_64
Hybridindex,17.6137[1.06392],17.5794[1.05643],17.6444[1.06965],85,0_64
Pref0,0.86775[0.242147],0.869174[0.240482],0.866477[0.243618],85,0_64
Signal0,1[0],1[0],1[0],85,0_64
Hybridindex,17.6088[1.07798],17.5929[1.08224],17.6254[1.07326],86,0_64
Pref0,0.86825[0.23615],0.861681[0.237447],0.875128[0.234588],86,0_64
Signal0,1[0],1[0],1[0],86,0_64
Hybridindex,17.6455[1.0614],17.6424[1.08807],17.6486[1.03382],87,0_64
Pref0,0.8645[0.243187],0.859562[0.246889],0.869478[0.239293],87,0_64
Signal0,1[0],1[0],1[0],87,0_64
Hybridindex,17.668[1.06008],17.6767[1.07473],17.6599[1.04617],88,0_64
Pref0,0.86825[0.238258],0.865803[0.243828],0.870531[0.232921],88,0_64
Signal0,1[0],1[0],1[0],88,0_64
Hybridindex,17.6708[1.08603],17.6109[1.11365],17.7297[1.05484],89,0_64
Pref0,0.8705[0.23501],0.872984[0.231135],0.868056[0.238737],89,0_64
Signal0,1[0],1[0],1[0],89,0_64
Hybridindex,17.6043[1.10962],17.5687[1.102],17.6401[1.11611],90,0_64
Pref0,0.87525[0.236775],0.873008[0.237346],0.87751[0.236177],90,0_64
Signal0,1[0],1[0],1[0],90,0_64
Hybridindex,17.6343[1.12654],17.6353[1.11959],17.6333[1.13328],91,0_64
Pref0,0.8775[0.230746],0.87538[0.23101],0.879566[0.23047],91,0_64
Signal0,1[0],1[0],1[0],91,0_64
Hybridindex,17.6367[1.12324],17.6643[1.11037],17.6073[1.13615],92,0_64
Pref0,0.882[0.227104],0.882126[0.228668],0.881865[0.225413],92,0_64
Signal0,1[0],1[0],1[0],92,0_64
Hybridindex,17.5985[1.13492],17.5951[1.1545],17.6022[1.1137],93,0_64
Pref0,0.88[0.231517],0.875849[0.238425],0.884417[0.223848],93,0_64
Signal0,1[0],1[0],1[0],93,0_64
Hybridindex,17.5452[1.12576],17.5942[1.15019],17.4975[1.09933],94,0_64
Pref0,0.8775[0.230204],0.8769[0.226853],0.878085[0.233421],94,0_64
Signal0,1[0],1[0],1[0],94,0_64
Hybridindex,17.5633[1.12099],17.583[1.11104],17.5433[1.13062],95,0_64
Pref0,0.87275[0.237555],0.869284[0.241271],0.876258[0.233682],95,0_64
Signal0,1[0],1[0],1[0],95,0_64
Hybridindex,17.5798[1.13193],17.5846[1.12565],17.5748[1.1383],96,0_64
Pref0,0.87325[0.238347],0.875371[0.235975],0.871082[0.240729],96,0_64
Signal0,1[0],1[0],1[0],96,0_64
Hybridindex,17.5512[1.15488],17.5081[1.20689],17.5938[1.09964],97,0_64
Pref0,0.8745[0.230217],0.871472[0.231933],0.87748[0.228476],97,0_64
Signal0,1[0],1[0],1[0],97,0_64
Hybridindex,17.5458[1.12362],17.5636[1.13735],17.5285[1.10995],98,0_64
Pref0,0.87475[0.23492],0.875764[0.230874],0.873772[0.238754],98,0_64
Signal0,1[0],1[0],1[0],98,0_64
Hybridindex,17.571[1.0985],17.5957[1.06626],17.5459[1.12977],99,0_64
Pref0,0.8685[0.241263],0.865575[0.247077],0.871472[0.23517],99,0_64
Signal0,1[0],1[0],1[0],99,0_64
Hybridindex,17.6038[1.07906],17.6137[1.10521],17.5935[1.05155],100,0_64
Pref0,0.86725[0.239797],0.868942[0.240311],0.865521[0.239257],100,0_64
Signal0,1[0],1[0],1[0],100,0_64
Hybridindex,12.33[8.17136],12.2455[8.08189],12.4148[8.25934],1,0_65
Pref0,0.6165[0.408568],0.612275[0.404095],0.620741[0.412967],1,0_65
Signal0,0.6165[0.408568],0.612275[0.404095],0.620741[0.412967],1,0_65
Hybridindex,15.304[5.9866],15.1927[6.06649],15.418[5.90146],2,0_65
Pref0,0.76675[0.326297],0.762846[0.332054],0.770749[0.320243],2,0_65
Signal0,0.76575[0.325963],0.759387[0.329182],0.772267[0.322503],2,0_65
Hybridindex,17.0572[3.60667],17.1394[3.66515],16.9714[3.5425],3,0_65
Pref0,0.852[0.255139],0.857632[0.25611],0.846115[0.253987],3,0_65
Signal0,0.86925[0.237233],0.879648[0.232397],0.858384[0.241705],3,0_65
Hybridindex,17.636[2.38469],17.6866[2.32433],17.5824[2.44589],4,0_65
Pref0,0.87375[0.234384],0.87172[0.234463],0.875901[0.234282],4,0_65
Signal0,0.93[0.174213],0.926628[0.176925],0.933574[0.171218],4,0_65
Hybridindex,17.8852[1.78856],17.9702[1.7615],17.7991[1.81153],5,0_65
Pref0,0.87925[0.228132],0.885303[0.219466],0.873112[0.236439],5,0_65
Signal0,0.96675[0.124577],0.971202[0.11649],0.962236[0.132121],5,0_65
Hybridindex,17.9492[1.53649],17.9341[1.54197],17.9649[1.53064],6,0_65
Pref0,0.87525[0.22981],0.872665[0.227768],0.877925[0.231873],6,0_65
Signal0,0.9815[0.0956961],0.979351[0.10193],0.983723[0.0887323],6,0_65
Hybridindex,17.9333[1.40736],17.8749[1.45709],17.9883[1.35647],7,0_65
Pref0,0.89[0.217141],0.8862[0.219247],0.893586[0.215073],7,0_65
Signal0,0.99275[0.0597699],0.992791[0.0596034],0.992711[0.0599265],7,0_65
Hybridindex,17.8965[1.33024],17.8943[1.32795],17.8986[1.3324],8,0_65
Pref0,0.891[0.21879],0.898871[0.209597],0.883528[0.22692],8,0_65
Signal0,0.99675[0.0401801],0.996407[0.0422351],0.997076[0.038124],8,0_65
Hybridindex,17.9417[1.28091],17.9171[1.29622],17.9671[1.2645],9,0_65
Pref0,0.88625[0.222903],0.897335[0.209175],0.874873[0.235624],9,0_65
Signal0,0.999[0.0223383],0.999013[0.0221948],0.998987[0.0224846],9,0_65
Hybridindex,17.8995[1.21702],17.906[1.20945],17.893[1.22444],10,0_65
Pref0,0.89[0.223383],0.891457[0.222542],0.888557[0.224203],10,0_65
Signal0,1[0],1[0],1[0],10,0_65
Hybridindex,17.9198[1.23001],17.8945[1.24142],17.9452[1.21786],11,0_65
Pref0,0.89475[0.21748],0.891542[0.220082],0.89799[0.214771],11,0_65
Signal0,1[0],1[0],1[0],11,0_65
Hybridindex,17.903[1.22417],17.9142[1.22829],17.8929[1.22034],12,0_65
Pref0,0.8965[0.213981],0.884737[0.225082],0.907143[0.202829],12,0_65
Signal0,1[0],1[0],1[0],12,0_65
Hybridindex,17.8878[1.24701],17.8799[1.26023],17.8956[1.23362],13,0_65
Pref0,0.9015[0.211063],0.897898[0.213615],0.905095[0.208424],13,0_65
Signal0,1[0],1[0],1[0],13,0_65
Hybridindex,17.861[1.22889],17.8637[1.26019],17.8583[1.19761],14,0_65
Pref0,0.90325[0.210391],0.904255[0.210423],0.90227[0.210356],14,0_65
Signal0,1[0],1[0],1[0],14,0_65
Hybridindex,17.8953[1.17799],17.866[1.1904],17.9245[1.16471],15,0_65
Pref0,0.9015[0.208681],0.907[0.203349],0.896[0.213738],15,0_65
Signal0,1[0],1[0],1[0],15,0_65
Hybridindex,17.8855[1.15126],17.9091[1.1265],17.861[1.17587],16,0_65
Pref0,0.90225[0.20511],0.901768[0.207134],0.902749[0.202988],16,0_65
Signal0,1[0],1[0],1[0],16,0_65
Hybridindex,17.8858[1.19878],17.9095[1.22489],17.8622[1.17188],17,0_65
Pref0,0.9005[0.212367],0.904523[0.211312],0.896517[0.213331],17,0_65
Signal0,1[0],1[0],1[0],17,0_65
Hybridindex,17.843[1.18453],17.8414[1.20316],17.8446[1.16524],18,0_65
Pref0,0.8995[0.211896],0.909812[0.202298],0.889001[0.220746],18,0_65
Signal0,1[0],1[0],1[0],18,0_65
Hybridindex,17.8203[1.19093],17.7724[1.1928],17.8666[1.18728],19,0_65
Pref0,0.8955[0.216979],0.894309[0.215054],0.896654[0.218821],19,0_65
Signal0,1[0],1[0],1[0],19,0_65
Hybridindex,17.8725[1.16854],17.8715[1.13635],17.8736[1.20292],20,0_65
Pref0,0.906[0.207759],0.91595[0.193257],0.895068[0.222093],20,0_65
Signal0,1[0],1[0],1[0],20,0_65
Hybridindex,17.8565[1.19338],17.8315[1.19426],17.8804[1.19205],21,0_65
Pref0,0.90875[0.204447],0.907787[0.209167],0.909668[0.19984],21,0_65
Signal0,1[0],1[0],1[0],21,0_65
Hybridindex,17.8568[1.21495],17.8959[1.1929],17.8181[1.23513],22,0_65
Pref0,0.909[0.201789],0.910463[0.200681],0.907555[0.202869],22,0_65
Signal0,1[0],1[0],1[0],22,0_65
Hybridindex,17.9017[1.17865],17.9076[1.18654],17.8954[1.16994],23,0_65
Pref0,0.91[0.201618],0.91523[0.196346],0.904289[0.207073],23,0_65
Signal0,1[0],1[0],1[0],23,0_65
Hybridindex,17.9002[1.2034],17.9231[1.21652],17.878[1.19004],24,0_65
Pref0,0.90525[0.202848],0.90334[0.203758],0.907115[0.201939],24,0_65
Signal0,1[0],1[0],1[0],24,0_65
Hybridindex,17.9015[1.18609],17.8665[1.19728],17.9363[1.17384],25,0_65
Pref0,0.90475[0.212256],0.910643[0.20424],0.898904[0.219763],25,0_65
Signal0,1[0],1[0],1[0],25,0_65
Hybridindex,17.8968[1.18214],17.8993[1.13565],17.8943[1.22583],26,0_65
Pref0,0.905[0.207906],0.908907[0.206919],0.901186[0.208795],26,0_65
Signal0,1[0],1[0],1[0],26,0_65
Hybridindex,17.887[1.18099],17.9008[1.20283],17.8742[1.16018],27,0_65
Pref0,0.90825[0.206657],0.9081[0.206632],0.90839[0.20668],27,0_65
Signal0,1[0],1[0],1[0],27,0_65
Hybridindex,17.901[1.16327],17.9432[1.16842],17.8547[1.15582],28,0_65
Pref0,0.909[0.208492],0.914995[0.202502],0.902413[0.214687],28,0_65
Signal0,1[0],1[0],1[0],28,0_65
Hybridindex,17.8747[1.14431],17.9071[1.15883],17.8433[1.12914],29,0_65
Pref0,0.89875[0.211243],0.901523[0.207591],0.896059[0.214692],29,0_65
Signal0,1[0],1[0],1[0],29,0_65
Hybridindex,17.8612[1.15721],17.8871[1.15931],17.8347[1.15443],30,0_65
Pref0,0.90675[0.209594],0.899408[0.218114],0.9143[0.200173],30,0_65
Signal0,1[0],1[0],1[0],30,0_65
Hybridindex,17.8693[1.13238],17.8695[1.12581],17.869[1.13911],31,0_65
Pref0,0.90325[0.208001],0.900985[0.208912],0.905584[0.207032],31,0_65
Signal0,1[0],1[0],1[0],31,0_65
Hybridindex,17.8588[1.14375],17.8893[1.13801],17.8272[1.1488],32,0_65
Pref0,0.90625[0.209967],0.904528[0.211014],0.908028[0.208865],32,0_65
Signal0,1[0],1[0],1[0],32,0_65
Hybridindex,17.848[1.17448],17.845[1.18195],17.8509[1.167],33,0_65
Pref0,0.90525[0.204689],0.900702[0.210481],0.909771[0.19866],33,0_65
Signal0,1[0],1[0],1[0],33,0_65
Hybridindex,17.8813[1.13777],17.8655[1.14115],17.8963[1.13433],34,0_65
Pref0,0.895[0.211483],0.890593[0.216388],0.899217[0.206592],34,0_65
Signal0,1[0],1[0],1[0],34,0_65
Hybridindex,17.8768[1.10122],17.8938[1.08231],17.8602[1.11898],35,0_65
Pref0,0.89075[0.218379],0.892276[0.218739],0.889272[0.21802],35,0_65
Signal0,1[0],1[0],1[0],35,0_65
Hybridindex,17.8685[1.10486],17.7978[1.12938],17.9384[1.07552],36,0_65
Pref0,0.89325[0.221877],0.897887[0.214855],0.888668[0.228512],36,0_65
Signal0,1[0],1[0],1[0],36,0_65
Hybridindex,17.8418[1.13516],17.8313[1.15696],17.8519[1.11341],37,0_65
Pref0,0.88275[0.227217],0.887031[0.224294],0.878578[0.229952],37,0_65
Signal0,1[0],1[0],1[0],37,0_65
Hybridindex,17.8815[1.07794],17.906[1.08911],17.857[1.06609],38,0_65
Pref0,0.8785[0.230733],0.8725[0.235571],0.8845[0.225632],38,0_65
Signal0,1[0],1[0],1[0],38,0_65
Hybridindex,17.8528[1.09405],17.864[1.10686],17.841[1.08037],39,0_65
Pref0,0.87275[0.233843],0.873288[0.234793],0.872188[0.232844],39,0_65
Signal0,1[0],1[0],1[0],39,0_65
Hybridindex,17.798[1.1079],17.8148[1.12188],17.7814[1.09361],40,0_65
Pref0,0.85875[0.251343],0.86496[0.245618],0.85259[0.256748],40,0_65
Signal0,1[0],1[0],1[0],40,0_65
Hybridindex,17.7913[1.12263],17.7647[1.14534],17.8189[1.09782],41,0_65
Pref0,0.8615[0.244065],0.857353[0.245538],0.865816[0.242447],41,0_65
Signal0,1[0],1[0],1[0],41,0_65
Hybridindex,17.815[1.15359],17.7911[1.19102],17.8388[1.11456],42,0_65
Pref0,0.86175[0.243951],0.858717[0.247389],0.86477[0.240439],42,0_65
Signal0,1[0],1[0],1[0],42,0_65
Hybridindex,17.817[1.13612],17.8472[1.14106],17.7884[1.13068],43,0_65
Pref0,0.86625[0.242355],0.871914[0.242804],0.860895[0.241807],43,0_65
Signal0,1[0],1[0],1[0],43,0_65
Hybridindex,17.7918[1.09191],17.7957[1.0832],17.7876[1.10093],44,0_65
Pref0,0.8725[0.233974],0.86217[0.238245],0.883316[0.228918],44,0_65
Signal0,1[0],1[0],1[0],44,0_65
Hybridindex,17.7557[1.09714],17.7557[1.07054],17.7558[1.124],45,0_65
Pref0,0.87025[0.239353],0.873156[0.240119],0.867243[0.238521],45,0_65
Signal0,1[0],1[0],1[0],45,0_65
Hybridindex,17.7692[1.12289],17.7961[1.11542],17.7428[1.12958],46,0_65
Pref0,0.86825[0.238782],0.865559[0.240221],0.870904[0.237325],46,0_65
Signal0,1[0],1[0],1[0],46,0_65
Hybridindex,17.7593[1.11508],17.7395[1.13988],17.7789[1.08957],47,0_65
Pref0,0.87325[0.23624],0.880522[0.225801],0.866036[0.245947],47,0_65
Signal0,1[0],1[0],1[0],47,0_65
Hybridindex,17.729[1.10728],17.7096[1.09711],17.7497[1.11766],48,0_65
Pref0,0.87925[0.232475],0.872701[0.236975],0.886246[0.227361],48,0_65
Signal0,1[0],1[0],1[0],48,0_65
Hybridindex,17.7608[1.09528],17.7603[1.12742],17.7611[1.06425],49,0_65
Pref0,0.87725[0.233575],0.865186[0.246162],0.888566[0.22052],49,0_65
Signal0,1[0],1[0],1[0],49,0_65
Hybridindex,17.7248[1.10651],17.721[1.10882],17.7286[1.10415],50,0_65
Pref0,0.87675[0.233847],0.873386[0.237093],0.880161[0.230458],50,0_65
Signal0,1[0],1[0],1[0],50,0_65
Hybridindex,17.7185[1.12728],17.6818[1.14462],17.7532[1.10955],51,0_65
Pref0,0.872[0.233701],0.880021[0.232021],0.864431[0.235024],51,0_65
Signal0,1[0],1[0],1[0],51,0_65
Hybridindex,17.6803[1.11742],17.7092[1.11757],17.6502[1.11648],52,0_65
Pref0,0.881[0.230952],0.883104[0.232627],0.878819[0.229183],52,0_65
Signal0,1[0],1[0],1[0],52,0_65
Hybridindex,17.7398[1.11171],17.7259[1.11631],17.7535[1.10695],53,0_65
Pref0,0.87825[0.232491],0.879518[0.229681],0.876992[0.235239],53,0_65
Signal0,1[0],1[0],1[0],53,0_65
Hybridindex,17.774[1.06627],17.7557[1.09045],17.7924[1.04104],54,0_65
Pref0,0.874[0.234785],0.878863[0.233171],0.869107[0.236296],54,0_65
Signal0,1[0],1[0],1[0],54,0_65
Hybridindex,17.741[1.07397],17.7685[1.07676],17.7142[1.07057],55,0_65
Pref0,0.87925[0.22868],0.888551[0.219931],0.870188[0.236542],55,0_65
Signal0,1[0],1[0],1[0],55,0_65
Hybridindex,17.7293[1.07672],17.7577[1.07756],17.7006[1.0751],56,0_65
Pref0,0.87425[0.234653],0.878365[0.230221],0.87011[0.238957],56,0_65
Signal0,1[0],1[0],1[0],56,0_65
Hybridindex,17.74[1.09414],17.7443[1.11001],17.7357[1.07786],57,0_65
Pref0,0.86825[0.242419],0.859701[0.247812],0.876884[0.236533],57,0_65
Signal0,1[0],1[0],1[0],57,0_65
Hybridindex,17.7712[1.10059],17.777[1.09169],17.7658[1.10893],58,0_65
Pref0,0.876[0.233182],0.882323[0.227313],0.87001[0.238456],58,0_65
Signal0,1[0],1[0],1[0],58,0_65
Hybridindex,17.7847[1.07007],17.7949[1.06428],17.7747[1.07569],59,0_65
Pref0,0.87425[0.233049],0.881143[0.228741],0.867398[0.237056],59,0_65
Signal0,1[0],1[0],1[0],59,0_65
Hybridindex,17.7712[1.09353],17.7475[1.11945],17.7944[1.06721],60,0_65
Pref0,0.8665[0.241718],0.874746[0.23571],0.858481[0.247158],60,0_65
Signal0,1[0],1[0],1[0],60,0_65
Hybridindex,17.7772[1.09339],17.7527[1.1022],17.8018[1.08394],61,0_65
Pref0,0.85925[0.246098],0.864136[0.240758],0.854354[0.25124],61,0_65
Signal0,1[0],1[0],1[0],61,0_65
Hybridindex,17.7557[1.09234],17.7468[1.0859],17.7649[1.09877],62,0_65
Pref0,0.857[0.246579],0.860973[0.246195],0.852971[0.246902],62,0_65
Signal0,1[0],1[0],1[0],62,0_65
Hybridindex,17.7763[1.07497],17.7783[1.06991],17.7741[1.08007],63,0_65
Pref0,0.858[0.244614],0.861332[0.24198],0.854628[0.247205],63,0_65
Signal0,1[0],1[0],1[0],63,0_65
Hybridindex,17.779[1.06989],17.7642[1.0407],17.7935[1.09744],64,0_65
Pref0,0.85475[0.251053],0.854757[0.253333],0.854743[0.248806],64,0_65
Signal0,1[0],1[0],1[0],64,0_65
Hybridindex,17.8145[1.06505],17.8013[1.07702],17.828[1.05256],65,0_65
Pref0,0.85325[0.251673],0.85332[0.251441],0.853179[0.25191],65,0_65
Signal0,1[0],1[0],1[0],65,0_65
Hybridindex,17.7952[1.07213],17.7828[1.06472],17.8076[1.07929],66,0_65
Pref0,0.857[0.250601],0.858074[0.248703],0.855932[0.25247],66,0_65
Signal0,1[0],1[0],1[0],66,0_65
Hybridindex,17.8047[1.10114],17.8492[1.08549],17.7607[1.11467],67,0_65
Pref0,0.856[0.247516],0.855779[0.247712],0.856219[0.247321],67,0_65
Signal0,1[0],1[0],1[0],67,0_65
Hybridindex,17.8125[1.09435],17.806[1.09402],17.8192[1.09464],68,0_65
Pref0,0.863[0.242345],0.868861[0.23713],0.856925[0.247488],68,0_65
Signal0,1[0],1[0],1[0],68,0_65
Hybridindex,17.7925[1.08071],17.8291[1.05661],17.7536[1.1044],69,0_65
Pref0,0.85575[0.243037],0.862136[0.236116],0.848969[0.249998],69,0_65
Signal0,1[0],1[0],1[0],69,0_65
Hybridindex,17.8275[1.05546],17.8267[1.07858],17.8283[1.03191],70,0_65
Pref0,0.866[0.239362],0.863727[0.239963],0.868263[0.23874],70,0_65
Signal0,1[0],1[0],1[0],70,0_65
Hybridindex,17.8178[1.05897],17.806[1.05536],17.8289[1.06226],71,0_65
Pref0,0.87575[0.233317],0.87577[0.232096],0.875731[0.23447],71,0_65
Signal0,1[0],1[0],1[0],71,0_65
Hybridindex,17.8347[1.06446],17.8415[1.07021],17.8277[1.05833],72,0_65
Pref0,0.881[0.227132],0.875122[0.232726],0.887179[0.22093],72,0_65
Signal0,1[0],1[0],1[0],72,0_65
Hybridindex,17.8325[1.06463],17.8125[1.07383],17.8519[1.05529],73,0_65
Pref0,0.8785[0.23289],0.880589[0.232561],0.876476[0.23319],73,0_65
Signal0,1[0],1[0],1[0],73,0_65
Hybridindex,17.8095[1.08234],17.7961[1.10764],17.823[1.0561],74,0_65
Pref0,0.88225[0.230781],0.877866[0.233719],0.88666[0.227702],74,0_65
Signal0,1[0],1[0],1[0],74,0_65
Hybridindex,17.7965[1.09594],17.7876[1.12317],17.8047[1.07023],75,0_65
Pref0,0.873[0.237952],0.870564[0.239497],0.87524[0.2365],75,0_65
Signal0,1[0],1[0],1[0],75,0_65
Hybridindex,17.768[1.11296],17.7502[1.13158],17.786[1.09346],76,0_65
Pref0,0.87675[0.228986],0.878352[0.230168],0.875126[0.227769],76,0_65
Signal0,1[0],1[0],1[0],76,0_65
Hybridindex,17.7832[1.09174],17.7785[1.12772],17.7876[1.05714],77,0_65
Pref0,0.887[0.225235],0.88278[0.226039],0.890927[0.224414],77,0_65
Signal0,1[0],1[0],1[0],77,0_65
Hybridindex,17.7945[1.07274],17.81[1.0762],17.7793[1.06911],78,0_65
Pref0,0.87925[0.224821],0.876512[0.222528],0.881944[0.227022],78,0_65
Signal0,1[0],1[0],1[0],78,0_65
Hybridindex,17.8038[1.08552],17.788[1.09523],17.8193[1.07564],79,0_65
Pref0,0.87375[0.234917],0.871601[0.242468],0.875869[0.227205],79,0_65
Signal0,1[0],1[0],1[0],79,0_65
Hybridindex,17.7915[1.11626],17.8647[1.08558],17.7229[1.14002],80,0_65
Pref0,0.87875[0.227318],0.87655[0.229529],0.880814[0.225205],80,0_65
Signal0,1[0],1[0],1[0],80,0_65
Hybridindex,17.824[1.07426],17.8055[1.09403],17.8418[1.05452],81,0_65
Pref0,0.884[0.225929],0.873727[0.233066],0.89391[0.218367],81,0_65
Signal0,1[0],1[0],1[0],81,0_65
Hybridindex,17.8173[1.07435],17.8174[1.0779],17.8171[1.07098],82,0_65
Pref0,0.885[0.22644],0.890947[0.225532],0.879377[0.227152],82,0_65
Signal0,1[0],1[0],1[0],82,0_65
Hybridindex,17.8175[1.07165],17.8151[1.07991],17.8201[1.06276],83,0_65
Pref0,0.88325[0.228023],0.884802[0.234472],0.881593[0.220914],83,0_65
Signal0,1[0],1[0],1[0],83,0_65
Hybridindex,17.7787[1.08762],17.7646[1.0975],17.7931[1.07728],84,0_65
Pref0,0.88925[0.229912],0.902379[0.216134],0.875883[0.24241],84,0_65
Signal0,1[0],1[0],1[0],84,0_65
Hybridindex,17.7808[1.08053],17.8043[1.0704],17.7579[1.08981],85,0_65
Pref0,0.89325[0.219612],0.896045[0.215039],0.890533[0.223935],85,0_65
Signal0,1[0],1[0],1[0],85,0_65
Hybridindex,17.7645[1.0696],17.7841[1.06026],17.7447[1.07855],86,0_65
Pref0,0.89225[0.217979],0.896311[0.212323],0.888164[0.223451],86,0_65
Signal0,1[0],1[0],1[0],86,0_65
Hybridindex,17.7888[1.07784],17.7763[1.09702],17.8012[1.05821],87,0_65
Pref0,0.8835[0.227877],0.887387[0.220521],0.87962[0.234924],87,0_65
Signal0,1[0],1[0],1[0],87,0_65
Hybridindex,17.764[1.06045],17.7557[1.04715],17.7725[1.07386],88,0_65
Pref0,0.88975[0.21959],0.889437[0.221315],0.890071[0.217806],88,0_65
Signal0,1[0],1[0],1[0],88,0_65
Hybridindex,17.776[1.05845],17.7397[1.08588],17.8157[1.02613],89,0_65
Pref0,0.8915[0.215587],0.891388[0.214147],0.891623[0.217152],89,0_65
Signal0,1[0],1[0],1[0],89,0_65
Hybridindex,17.8055[1.05293],17.7678[1.04962],17.8441[1.05492],90,0_65
Pref0,0.896[0.217793],0.896245[0.22028],0.895749[0.215216],90,0_65
Signal0,1[0],1[0],1[0],90,0_65
Hybridindex,17.7847[1.07833],17.7629[1.09506],17.8054[1.06185],91,0_65
Pref0,0.8955[0.215243],0.889403[0.2219],0.901265[0.208591],91,0_65
Signal0,1[0],1[0],1[0],91,0_65
Hybridindex,17.816[1.06707],17.7993[1.07941],17.833[1.05409],92,0_65
Pref0,0.894[0.216827],0.896928[0.214167],0.891019[0.219462],92,0_65
Signal0,1[0],1[0],1[0],92,0_65
Hybridindex,17.8295[1.06392],17.8348[1.03352],17.8241[1.0941],93,0_65
Pref0,0.89175[0.220016],0.890208[0.223082],0.893327[0.216825],93,0_65
Signal0,1[0],1[0],1[0],93,0_65
Hybridindex,17.7985[1.0625],17.8664[1.05234],17.7316[1.06819],94,0_65
Pref0,0.891[0.21993],0.899194[0.209212],0.882937[0.229705],94,0_65
Signal0,1[0],1[0],1[0],94,0_65
Hybridindex,17.8287[1.04094],17.7685[1.06362],17.8887[1.01429],95,0_65
Pref0,0.89725[0.215795],0.886273[0.226815],0.908184[0.203642],95,0_65
Signal0,1[0],1[0],1[0],95,0_65
Hybridindex,17.8212[1.03666],17.8317[1.03801],17.8099[1.03509],96,0_65
Pref0,0.89575[0.219675],0.897596[0.217821],0.89375[0.221647],96,0_65
Signal0,1[0],1[0],1[0],96,0_65
Hybridindex,17.7978[1.01746],17.7727[1.06349],17.8247[0.964823],97,0_65
Pref0,0.90275[0.207768],0.905405[0.207787],0.899896[0.207709],97,0_65
Signal0,1[0],1[0],1[0],97,0_65
Hybridindex,17.8472[1.03419],17.8485[1.03718],17.846[1.03117],98,0_65
Pref0,0.90025[0.208387],0.896311[0.212323],0.904213[0.204273],98,0_65
Signal0,1[0],1[0],1[0],98,0_65
Hybridindex,17.8513[1.0198],17.8267[1.00675],17.8757[1.03206],99,0_65
Pref0,0.9085[0.203415],0.905812[0.200566],0.911178[0.206179],99,0_65
Signal0,1[0],1[0],1[0],99,0_65
Hybridindex,17.853[1.05042],17.8174[1.03834],17.888[1.061],100,0_65
Pref0,0.9125[0.198982],0.911201[0.200115],0.913776[0.197854],100,0_65
Signal0,1[0],1[0],1[0],100,0_65
Hybridindex,12.25[8.2242],12.3108[8.28039],12.1888[8.16672],1,0_66
Pref0,0.6125[0.41121],0.615538[0.414019],0.609438[0.408336],1,0_66
Signal0,0.6125[0.41121],0.615538[0.414019],0.609438[0.408336],1,0_66
Hybridindex,15.0205[6.05967],14.8086[6.14815],15.2208[5.96788],2,0_66
Pref0,0.744[0.337215],0.731481[0.343842],0.755837[0.330391],2,0_66
Signal0,0.7485[0.335779],0.739712[0.339673],0.756809[0.331842],2,0_66
Hybridindex,16.7315[3.96707],16.7578[3.96228],16.7039[3.97191],3,0_66
Pref0,0.83825[0.269188],0.835449[0.273367],0.841189[0.264699],3,0_66
Signal0,0.8645[0.251276],0.865723[0.25056],0.863217[0.25202],3,0_66
Hybridindex,17.361[2.54783],17.2414[2.64055],17.4782[2.44788],4,0_66
Pref0,0.87325[0.23358],0.864646[0.238604],0.881683[0.228233],4,0_66
Signal0,0.92875[0.181792],0.923737[0.190672],0.933663[0.172505],4,0_66
Hybridindex,17.6215[1.86225],17.6454[1.84854],17.5974[1.87567],5,0_66
Pref0,0.89075[0.22009],0.892928[0.220331],0.888554[0.219824],5,0_66
Signal0,0.96675[0.125576],0.97012[0.120604],0.963353[0.130309],5,0_66
Hybridindex,17.7042[1.5762],17.7322[1.52784],17.6733[1.62752],6,0_66
Pref0,0.9[0.213307],0.90295[0.21057],0.896733[0.216252],6,0_66
Signal0,0.98125[0.0949918],0.981446[0.0945126],0.981033[0.0955191],6,0_66
Hybridindex,17.7048[1.48078],17.6725[1.47421],17.7374[1.48668],7,0_66
Pref0,0.9005[0.207605],0.902584[0.205427],0.89839[0.209765],7,0_66
Signal0,0.98975[0.0708515],0.989563[0.0714825],0.98994[0.0702066],7,0_66
Hybridindex,17.7312[1.41365],17.7177[1.42905],17.7437[1.39916],8,0_66
Pref0,0.902[0.210704],0.897396[0.21924],0.90625[0.202412],8,0_66
Signal0,0.996[0.0445421],0.997396[0.0359903],0.994712[0.0511494],8,0_66
Hybridindex,17.7345[1.32929],17.7267[1.34272],17.7426[1.31509],9,0_66
Pref0,0.89525[0.217146],0.898629[0.215142],0.891726[0.219161],9,0_66
Signal0,0.99725[0.0369789],0.998531[0.0270632],0.995914[0.0450134],9,0_66
Hybridindex,17.7377[1.33486],17.7785[1.32182],17.6956[1.34689],10,0_66
Pref0,0.898[0.209394],0.896161[0.207618],0.899898[0.211196],10,0_66
Signal0,0.99875[0.0249687],1[0],0.997459[0.035551],10,0_66
Hybridindex,17.7095[1.29658],17.6939[1.30595],17.7256[1.28662],11,0_66
Pref0,0.904[0.211622],0.907972[0.208447],0.899898[0.214774],11,0_66
Signal0,0.99925[0.0193504],0.999016[0.0221621],0.999492[0.0159313],11,0_66
Hybridindex,17.722[1.28266],17.7518[1.27161],17.6928[1.29276],12,0_66
Pref0,0.90475[0.206887],0.899596[0.210136],0.909812[0.203519],12,0_66
Signal0,1[0],1[0],1[0],12,0_66
Hybridindex,17.7548[1.29836],17.7279[1.3002],17.7814[1.29597],13,0_66
Pref0,0.90175[0.214993],0.904116[0.219741],0.899402[0.21015],13,0_66
Signal0,1[0],1[0],1[0],13,0_66
Hybridindex,17.744[1.30248],17.7686[1.25327],17.7196[1.34909],14,0_66
Pref0,0.901[0.217253],0.893574[0.227874],0.908367[0.205913],14,0_66
Signal0,1[0],1[0],1[0],14,0_66
Hybridindex,17.7278[1.29054],17.7598[1.28029],17.6924[1.30085],15,0_66
Pref0,0.9015[0.20748],0.892755[0.214323],0.911146[0.199215],15,0_66
Signal0,1[0],1[0],1[0],15,0_66
Hybridindex,17.718[1.29701],17.7063[1.2983],17.7293[1.29565],16,0_66
Pref0,0.90075[0.20982],0.910569[0.204448],0.89124[0.214467],16,0_66
Signal0,1[0],1[0],1[0],16,0_66
Hybridindex,17.668[1.28531],17.6053[1.28745],17.7341[1.27973],17,0_66
Pref0,0.91075[0.198518],0.909844[0.199684],0.911704[0.197278],17,0_66
Signal0,1[0],1[0],1[0],17,0_66
Hybridindex,17.7022[1.27474],17.6637[1.28619],17.7426[1.26139],18,0_66
Pref0,0.91[0.204083],0.918377[0.197577],0.901228[0.210323],18,0_66
Signal0,1[0],1[0],1[0],18,0_66
Hybridindex,17.7243[1.26524],17.7059[1.27418],17.7429[1.25581],19,0_66
Pref0,0.90925[0.199097],0.904762[0.203777],0.91381[0.194119],19,0_66
Signal0,1[0],1[0],1[0],19,0_66
Hybridindex,17.7797[1.24524],17.8009[1.24406],17.7593[1.24603],20,0_66
Pref0,0.9165[0.195647],0.912933[0.197504],0.919941[0.193776],20,0_66
Signal0,1[0],1[0],1[0],20,0_66
Hybridindex,17.8145[1.21165],17.8097[1.19247],17.8193[1.23025],21,0_66
Pref0,0.91725[0.191774],0.923968[0.1837],0.910626[0.199195],21,0_66
Signal0,1[0],1[0],1[0],21,0_66
Hybridindex,17.8362[1.20179],17.8554[1.21628],17.8169[1.18664],22,0_66
Pref0,0.9165[0.198186],0.917992[0.196855],0.91499[0.199513],22,0_66
Signal0,1[0],1[0],1[0],22,0_66
Hybridindex,17.8672[1.17207],17.7864[1.18434],17.9422[1.15555],23,0_66
Pref0,0.925[0.18473],0.923077[0.187465],0.926782[0.18214],23,0_66
Signal0,1[0],1[0],1[0],23,0_66
Hybridindex,17.8595[1.17186],17.8578[1.18543],17.8613[1.15749],24,0_66
Pref0,0.92675[0.186439],0.923754[0.189026],0.929887[0.183638],24,0_66
Signal0,1[0],1[0],1[0],24,0_66
Hybridindex,17.8292[1.21633],17.8285[1.19542],17.8299[1.23586],25,0_66
Pref0,0.92625[0.180793],0.922485[0.185173],0.929825[0.176459],25,0_66
Signal0,1[0],1[0],1[0],25,0_66
Hybridindex,17.8182[1.20783],17.7967[1.19358],17.84[1.22169],26,0_66
Pref0,0.921[0.188438],0.919483[0.189113],0.922535[0.187741],26,0_66
Signal0,1[0],1[0],1[0],26,0_66
Hybridindex,17.8165[1.16847],17.7975[1.17268],17.8357[1.1639],27,0_66
Pref0,0.9195[0.192405],0.917413[0.196094],0.921608[0.188582],27,0_66
Signal0,1[0],1[0],1[0],27,0_66
Hybridindex,17.7843[1.14895],17.8072[1.13372],17.7617[1.16333],28,0_66
Pref0,0.91925[0.190668],0.919436[0.190549],0.919067[0.190786],28,0_66
Signal0,1[0],1[0],1[0],28,0_66
Hybridindex,17.8008[1.13023],17.8047[1.10577],17.7971[1.15256],29,0_66
Pref0,0.91325[0.196467],0.915544[0.195458],0.911111[0.19738],29,0_66
Signal0,1[0],1[0],1[0],29,0_66
Hybridindex,17.8455[1.13979],17.8483[1.16193],17.8424[1.11491],30,0_66
Pref0,0.91525[0.194788],0.906966[0.204153],0.92437[0.183496],30,0_66
Signal0,1[0],1[0],1[0],30,0_66
Hybridindex,17.83[1.15827],17.7958[1.17151],17.8676[1.14235],31,0_66
Pref0,0.91925[0.194562],0.918893[0.194401],0.919643[0.194738],31,0_66
Signal0,1[0],1[0],1[0],31,0_66
Hybridindex,17.8137[1.18909],17.7849[1.2196],17.8427[1.15693],32,0_66
Pref0,0.9155[0.194576],0.914671[0.197171],0.916333[0.191931],32,0_66
Signal0,1[0],1[0],1[0],32,0_66
Hybridindex,17.8478[1.15896],17.9158[1.14515],17.7777[1.16889],33,0_66
Pref0,0.9215[0.190625],0.917734[0.198221],0.925381[0.182385],33,0_66
Signal0,1[0],1[0],1[0],33,0_66
Hybridindex,17.8235[1.16204],17.8111[1.14683],17.8351[1.17605],34,0_66
Pref0,0.91475[0.197756],0.915377[0.194243],0.914161[0.201],34,0_66
Signal0,1[0],1[0],1[0],34,0_66
Hybridindex,17.8362[1.15707],17.8958[1.15407],17.7763[1.15699],35,0_66
Pref0,0.91575[0.193072],0.909272[0.200308],0.922267[0.18528],35,0_66
Signal0,1[0],1[0],1[0],35,0_66
Hybridindex,17.8155[1.13763],17.8246[1.12261],17.807[1.15151],36,0_66
Pref0,0.9115[0.197908],0.907637[0.200576],0.915131[0.195299],36,0_66
Signal0,1[0],1[0],1[0],36,0_66
Hybridindex,17.786[1.13807],17.8167[1.12932],17.757[1.14552],37,0_66
Pref0,0.9075[0.206625],0.906797[0.205022],0.908163[0.208123],37,0_66
Signal0,1[0],1[0],1[0],37,0_66
Hybridindex,17.7462[1.18088],17.802[1.16568],17.6899[1.19341],38,0_66
Pref0,0.90975[0.203666],0.910448[0.198101],0.909045[0.209135],38,0_66
Signal0,1[0],1[0],1[0],38,0_66
Hybridindex,17.7243[1.19962],17.7599[1.19513],17.6861[1.20323],39,0_66
Pref0,0.91675[0.202964],0.911907[0.210985],0.921923[0.193897],39,0_66
Signal0,1[0],1[0],1[0],39,0_66
Hybridindex,17.7282[1.17272],17.7873[1.16429],17.6723[1.17794],40,0_66
Pref0,0.916[0.190903],0.908016[0.201529],0.923564[0.179932],40,0_66
Signal0,1[0],1[0],1[0],40,0_66
Hybridindex,17.7303[1.16656],17.7672[1.14706],17.6942[1.18417],41,0_66
Pref0,0.918[0.192421],0.91751[0.194892],0.918478[0.189977],41,0_66
Signal0,1[0],1[0],1[0],41,0_66
Hybridindex,17.7142[1.16992],17.7065[1.17858],17.7218[1.16136],42,0_66
Pref0,0.917[0.193936],0.907895[0.205241],0.925889[0.181783],42,0_66
Signal0,1[0],1[0],1[0],42,0_66
Hybridindex,17.676[1.16963],17.678[1.17235],17.6738[1.16675],43,0_66
Pref0,0.91475[0.195851],0.914634[0.197003],0.914872[0.194631],43,0_66
Signal0,1[0],1[0],1[0],43,0_66
Hybridindex,17.6902[1.18614],17.7003[1.19242],17.6801[1.17967],44,0_66
Pref0,0.90675[0.209594],0.913022[0.202223],0.900402[0.216613],44,0_66
Signal0,1[0],1[0],1[0],44,0_66
Hybridindex,17.702[1.19214],17.6955[1.17155],17.7085[1.21234],45,0_66
Pref0,0.899[0.214007],0.8955[0.220975],0.9025[0.206746],45,0_66
Signal0,1[0],1[0],1[0],45,0_66
Hybridindex,17.6945[1.18086],17.6831[1.18199],17.7063[1.17957],46,0_66
Pref0,0.89075[0.221223],0.893701[0.221883],0.887703[0.220497],46,0_66
Signal0,1[0],1[0],1[0],46,0_66
Hybridindex,17.6525[1.20778],17.6645[1.20055],17.6408[1.21469],47,0_66
Pref0,0.895[0.213834],0.882085[0.222729],0.907609[0.20399],47,0_66
Signal0,1[0],1[0],1[0],47,0_66
Hybridindex,17.664[1.17126],17.6901[1.16712],17.6389[1.17468],48,0_66
Pref0,0.8965[0.213981],0.898063[0.211317],0.894995[0.216504],48,0_66
Signal0,1[0],1[0],1[0],48,0_66
Hybridindex,17.674[1.16274],17.6571[1.17402],17.692[1.15036],49,0_66
Pref0,0.895[0.215],0.892338[0.218116],0.897833[0.211597],49,0_66
Signal0,1[0],1[0],1[0],49,0_66
Hybridindex,17.6938[1.15902],17.6646[1.17643],17.7221[1.14109],50,0_66
Pref0,0.89025[0.218128],0.895137[0.214463],0.885489[0.221537],50,0_66
Signal0,1[0],1[0],1[0],50,0_66
Hybridindex,17.6983[1.16633],17.6432[1.19098],17.7527[1.13878],51,0_66
Pref0,0.8905[0.21854],0.884422[0.224635],0.896517[0.212162],51,0_66
Signal0,1[0],1[0],1[0],51,0_66
Hybridindex,17.6837[1.18221],17.6979[1.15542],17.6684[1.21042],52,0_66
Pref0,0.8925[0.221232],0.889529[0.224134],0.895725[0.217993],52,0_66
Signal0,1[0],1[0],1[0],52,0_66
Hybridindex,17.6717[1.1671],17.681[1.16553],17.6627[1.16856],53,0_66
Pref0,0.8985[0.215517],0.896045[0.218548],0.900888[0.212502],53,0_66
Signal0,1[0],1[0],1[0],53,0_66
Hybridindex,17.6382[1.18079],17.682[1.13501],17.5962[1.22177],54,0_66
Pref0,0.901[0.21494],0.904689[0.211394],0.897448[0.218239],54,0_66
Signal0,1[0],1[0],1[0],54,0_66
Hybridindex,17.6217[1.15393],17.6655[1.10877],17.5783[1.19554],55,0_66
Pref0,0.8985[0.214354],0.898195[0.212254],0.898804[0.216421],55,0_66
Signal0,1[0],1[0],1[0],55,0_66
Hybridindex,17.6875[1.14219],17.6531[1.13928],17.7232[1.14411],56,0_66
Pref0,0.908[0.200714],0.909225[0.20145],0.906728[0.199938],56,0_66
Signal0,1[0],1[0],1[0],56,0_66
Hybridindex,17.6905[1.15226],17.6767[1.14426],17.705[1.16048],57,0_66
Pref0,0.9085[0.200319],0.907984[0.198717],0.909044[0.201995],57,0_66
Signal0,1[0],1[0],1[0],57,0_66
Hybridindex,17.7115[1.12762],17.7042[1.12499],17.7191[1.1303],58,0_66
Pref0,0.914[0.202124],0.91381[0.202616],0.914198[0.201609],58,0_66
Signal0,1[0],1[0],1[0],58,0_66
Hybridindex,17.722[1.12371],17.6816[1.14697],17.7628[1.09821],59,0_66
Pref0,0.91625[0.197765],0.91592[0.197359],0.916583[0.198174],59,0_66
Signal0,1[0],1[0],1[0],59,0_66
Hybridindex,17.7165[1.14373],17.7191[1.13823],17.7139[1.14922],60,0_66
Pref0,0.90825[0.202995],0.908683[0.205694],0.907816[0.200248],60,0_66
Signal0,1[0],1[0],1[0],60,0_66
Hybridindex,17.7138[1.15399],17.6663[1.14777],17.7601[1.15816],61,0_66
Pref0,0.91075[0.197255],0.910516[0.19558],0.910979[0.198879],61,0_66
Signal0,1[0],1[0],1[0],61,0_66
Hybridindex,17.7422[1.14026],17.7728[1.11726],17.7131[1.16105],62,0_66
Pref0,0.9115[0.204127],0.922211[0.190855],0.901271[0.215545],62,0_66
Signal0,1[0],1[0],1[0],62,0_66
Hybridindex,17.7195[1.11818],17.7087[1.13032],17.7299[1.10628],63,0_66
Pref0,0.91275[0.200031],0.913265[0.199815],0.912255[0.200237],63,0_66
Signal0,1[0],1[0],1[0],63,0_66
Hybridindex,17.7295[1.08309],17.7134[1.10959],17.7453[1.05617],64,0_66
Pref0,0.911[0.199572],0.91776[0.197225],0.904361[0.201631],64,0_66
Signal0,1[0],1[0],1[0],64,0_66
Hybridindex,17.725[1.10414],17.7701[1.09381],17.6781[1.11286],65,0_66
Pref0,0.90875[0.205666],0.90098[0.206509],0.916837[0.204471],65,0_66
Signal0,1[0],1[0],1[0],65,0_66
Hybridindex,17.7318[1.10823],17.7218[1.13293],17.7416[1.08317],66,0_66
Pref0,0.90275[0.208369],0.910463[0.204406],0.895129[0.211935],66,0_66
Signal0,1[0],1[0],1[0],66,0_66
Hybridindex,17.7303[1.10843],17.7408[1.11674],17.7201[1.10028],67,0_66
Pref0,0.89975[0.209344],0.903061[0.204018],0.896569[0.214289],67,0_66
Signal0,1[0],1[0],1[0],67,0_66
Hybridindex,17.715[1.11143],17.6704[1.15088],17.7578[1.07041],68,0_66
Pref0,0.8995[0.215406],0.893878[0.222379],0.904902[0.208344],68,0_66
Signal0,1[0],1[0],1[0],68,0_66
Hybridindex,17.7102[1.1386],17.7024[1.1419],17.7186[1.13504],69,0_66
Pref0,0.89325[0.219042],0.88835[0.225035],0.898454[0.212369],69,0_66
Signal0,1[0],1[0],1[0],69,0_66
Hybridindex,17.7673[1.08833],17.7735[1.11504],17.7608[1.0604],70,0_66
Pref0,0.8895[0.219749],0.895441[0.21518],0.883451[0.224145],70,0_66
Signal0,1[0],1[0],1[0],70,0_66
Hybridindex,17.7785[1.12514],17.7692[1.14504],17.7876[1.10521],71,0_66
Pref0,0.885[0.220851],0.878788[0.226868],0.891089[0.214614],71,0_66
Signal0,1[0],1[0],1[0],71,0_66
Hybridindex,17.7928[1.10913],17.7979[1.11635],17.7874[1.10148],72,0_66
Pref0,0.889[0.218355],0.888184[0.217512],0.889857[0.219233],72,0_66
Signal0,1[0],1[0],1[0],72,0_66
Hybridindex,17.7572[1.12825],17.7379[1.16391],17.7763[1.09168],73,0_66
Pref0,0.881[0.227682],0.884073[0.222632],0.877976[0.232505],73,0_66
Signal0,1[0],1[0],1[0],73,0_66
Hybridindex,17.735[1.15478],17.7187[1.13079],17.7518[1.17866],74,0_66
Pref0,0.87925[0.22868],0.881046[0.22309],0.877406[0.234264],74,0_66
Signal0,1[0],1[0],1[0],74,0_66
Hybridindex,17.7188[1.15197],17.735[1.14356],17.7009[1.16086],75,0_66
Pref0,0.88625[0.22569],0.893505[0.220436],0.878279[0.231062],75,0_66
Signal0,1[0],1[0],1[0],75,0_66
Hybridindex,17.7568[1.14955],17.7428[1.17616],17.7698[1.12395],76,0_66
Pref0,0.884[0.22482],0.886646[0.224848],0.881528[0.224765],76,0_66
Signal0,1[0],1[0],1[0],76,0_66
Hybridindex,17.7248[1.14853],17.7187[1.14564],17.7311[1.1515],77,0_66
Pref0,0.88525[0.22407],0.885519[0.22471],0.884969[0.223399],77,0_66
Signal0,1[0],1[0],1[0],77,0_66
Hybridindex,17.7715[1.12173],17.7714[1.13096],17.7716[1.11257],78,0_66
Pref0,0.888[0.224067],0.882679[0.232292],0.893247[0.21552],78,0_66
Signal0,1[0],1[0],1[0],78,0_66
Hybridindex,17.7775[1.14072],17.7547[1.15376],17.8004[1.12698],79,0_66
Pref0,0.89525[0.214249],0.905783[0.207887],0.884654[0.219955],79,0_66
Signal0,1[0],1[0],1[0],79,0_66
Hybridindex,17.7617[1.11808],17.7718[1.11324],17.7513[1.12302],80,0_66
Pref0,0.88325[0.22471],0.877571[0.225018],0.889173[0.224235],80,0_66
Signal0,1[0],1[0],1[0],80,0_66
Hybridindex,17.7563[1.15248],17.7913[1.13009],17.7221[1.17288],81,0_66
Pref0,0.88225[0.229695],0.889058[0.224177],0.875617[0.234758],81,0_66
Signal0,1[0],1[0],1[0],81,0_66
Hybridindex,17.781[1.13646],17.7829[1.14355],17.7791[1.12916],82,0_66
Pref0,0.869[0.241535],0.872898[0.234125],0.865015[0.248818],82,0_66
Signal0,1[0],1[0],1[0],82,0_66
Hybridindex,17.7815[1.12384],17.7522[1.13548],17.8109[1.11122],83,0_66
Pref0,0.867[0.240439],0.862413[0.243588],0.871615[0.23714],83,0_66
Signal0,1[0],1[0],1[0],83,0_66
Hybridindex,17.7975[1.08455],17.7995[1.07916],17.7955[1.0898],84,0_66
Pref0,0.865[0.240884],0.861616[0.244209],0.868317[0.237533],84,0_66
Signal0,1[0],1[0],1[0],84,0_66
Hybridindex,17.833[1.08125],17.7831[1.08716],17.8805[1.07345],85,0_66
Pref0,0.8635[0.242627],0.855897[0.251159],0.870732[0.233994],85,0_66
Signal0,1[0],1[0],1[0],85,0_66
Hybridindex,17.834[1.08591],17.8537[1.07211],17.8162[1.09787],86,0_66
Pref0,0.863[0.24286],0.864308[0.239486],0.861823[0.245849],86,0_66
Signal0,1[0],1[0],1[0],86,0_66
Hybridindex,17.7993[1.10412],17.8166[1.09557],17.7821[1.11225],87,0_66
Pref0,0.86275[0.238301],0.865327[0.238196],0.860199[0.238378],87,0_66
Signal0,1[0],1[0],1[0],87,0_66
Hybridindex,17.8[1.09453],17.8066[1.09415],17.7938[1.09486],88,0_66
Pref0,0.86275[0.244003],0.864198[0.246527],0.861381[0.241584],88,0_66
Signal0,1[0],1[0],1[0],88,0_66
Hybridindex,17.8188[1.08491],17.8232[1.10552],17.8142[1.0631],89,0_66
Pref0,0.866[0.240404],0.864931[0.241105],0.867108[0.23967],89,0_66
Signal0,1[0],1[0],1[0],89,0_66
Hybridindex,17.8175[1.10564],17.8148[1.12972],17.8202[1.08067],90,0_66
Pref0,0.87325[0.234647],0.873883[0.233668],0.872608[0.235634],90,0_66
Signal0,1[0],1[0],1[0],90,0_66
Hybridindex,17.8107[1.10739],17.8379[1.12899],17.7829[1.08411],91,0_66
Pref0,0.87475[0.230624],0.871542[0.23057],0.878036[0.230633],91,0_66
Signal0,1[0],1[0],1[0],91,0_66
Hybridindex,17.8047[1.11209],17.7988[1.0899],17.8106[1.13356],92,0_66
Pref0,0.87575[0.232243],0.876761[0.23341],0.874751[0.231081],92,0_66
Signal0,1[0],1[0],1[0],92,0_66
Hybridindex,17.8392[1.09031],17.8532[1.10926],17.8256[1.0712],93,0_66
Pref0,0.874[0.233182],0.86781[0.241261],0.880079[0.224799],93,0_66
Signal0,1[0],1[0],1[0],93,0_66
Hybridindex,17.8422[1.12882],17.846[1.11501],17.8386[1.1421],94,0_66
Pref0,0.87725[0.232503],0.872847[0.234537],0.88154[0.230423],94,0_66
Signal0,1[0],1[0],1[0],94,0_66
Hybridindex,17.8365[1.12195],17.8517[1.10794],17.8208[1.13599],95,0_66
Pref0,0.88225[0.228604],0.874384[0.23433],0.890355[0.22226],95,0_66
Signal0,1[0],1[0],1[0],95,0_66
Hybridindex,17.8498[1.09786],17.8533[1.10628],17.846[1.08886],96,0_66
Pref0,0.885[0.227541],0.886297[0.2263],0.883625[0.228841],96,0_66
Signal0,1[0],1[0],1[0],96,0_66
Hybridindex,17.829[1.09909],17.7718[1.10721],17.8884[1.08743],97,0_66
Pref0,0.8835[0.230603],0.882728[0.228568],0.884302[0.232695],97,0_66
Signal0,1[0],1[0],1[0],97,0_66
Hybridindex,17.8375[1.07696],17.8049[1.07702],17.8722[1.07581],98,0_66
Pref0,0.885[0.227541],0.894175[0.222442],0.875258[0.232437],98,0_66
Signal0,1[0],1[0],1[0],98,0_66
Hybridindex,17.8942[1.05981],17.9056[1.0503],17.8837[1.06847],99,0_66
Pref0,0.89125[0.220904],0.892116[0.220289],0.890444[0.221471],99,0_66
Signal0,1[0],1[0],1[0],99,0_66
Hybridindex,17.9307[1.0542],17.9083[1.05016],17.9536[1.0578],100,0_66
Pref0,0.889[0.225675],0.887017[0.220639],0.891019[0.230671],100,0_66
Signal0,1[0],1[0],1[0],100,0_66
Hybridindex,12.305[8.37478],12.5797[8.25002],12.0448[8.4831],1,0_67
Pref0,0.61525[0.418739],0.628983[0.412501],0.60224[0.424155],1,0_67
Signal0,0.61525[0.418739],0.628983[0.412501],0.60224[0.424155],1,0_67
Hybridindex,15.3[5.92398],15.1814[6.08448],15.4131[5.76457],2,0_67
Pref0,0.7675[0.32549],0.764344[0.33311],0.770508[0.318028],2,0_67
Signal0,0.7615[0.329951],0.754098[0.337972],0.768555[0.321962],2,0_67
Hybridindex,17.0207[3.63152],17.1284[3.57067],16.9087[3.69046],3,0_67
Pref0,0.858[0.250671],0.856373[0.251873],0.859694[0.249403],3,0_67
Signal0,0.8625[0.242061],0.862255[0.243336],0.862755[0.240727],3,0_67
Hybridindex,17.6898[2.37999],17.6994[2.33672],17.6806[2.42025],4,0_67
Pref0,0.8915[0.223557],0.891572[0.222826],0.891431[0.224247],4,0_67
Signal0,0.92925[0.177819],0.921377[0.187578],0.936709[0.16771],4,0_67
Hybridindex,17.8992[1.85209],17.9377[1.84874],17.8593[1.85471],5,0_67
Pref0,0.907[0.210002],0.908734[0.207826],0.905199[0.212224],5,0_67
Signal0,0.96575[0.127287],0.962709[0.131359],0.968909[0.122835],5,0_67
Hybridindex,17.951[1.54575],17.9511[1.52858],17.9509[1.56211],6,0_67
Pref0,0.91575[0.195005],0.914373[0.193701],0.917076[0.196243],6,0_67
Signal0,0.98725[0.078819],0.987258[0.0787952],0.987242[0.0788419],6,0_67
Hybridindex,17.9473[1.42516],18.0015[1.39688],17.8918[1.45141],7,0_67
Pref0,0.91225[0.197927],0.917903[0.190491],0.906471[0.205088],7,0_67
Signal0,0.995[0.0497494],0.99456[0.0518699],0.99545[0.0474797],7,0_67
Hybridindex,17.9408[1.36037],17.9304[1.40832],17.9511[1.31079],8,0_67
Pref0,0.9085[0.204641],0.917335[0.196232],0.899701[0.21232],8,0_67
Signal0,0.99775[0.0334655],0.997495[0.035302],0.998004[0.0315281],8,0_67
Hybridindex,17.903[1.36266],17.9265[1.33317],17.8795[1.39113],9,0_67
Pref0,0.9095[0.203248],0.91[0.205913],0.909[0.200547],9,0_67
Signal0,0.99925[0.0193504],0.9995[0.0158035],0.999[0.0223383],9,0_67
Hybridindex,17.9085[1.28038],17.9356[1.27964],17.8837[1.28056],10,0_67
Pref0,0.91[0.200998],0.909424[0.199253],0.910526[0.202577],10,0_67
Signal0,0.99975[0.0111775],0.999476[0.0161711],1[0],10,0_67
Hybridindex,17.943[1.24459],17.9361[1.26672],17.9495[1.2233],11,0_67
Pref0,0.91175[0.202699],0.912461[0.201843],0.911079[0.203501],11,0_67
Signal0,1[0],1[0],1[0],11,0_67
Hybridindex,17.9793[1.22176],18.0096[1.1852],17.9495[1.25585],12,0_67
Pref0,0.9155[0.197762],0.915657[0.196452],0.915347[0.199038],12,0_67
Signal0,1[0],1[0],1[0],12,0_67
Hybridindex,17.9793[1.18129],17.9402[1.21382],18.0206[1.14436],13,0_67
Pref0,0.915[0.199437],0.918367[0.197513],0.911432[0.201393],13,0_67
Signal0,1[0],1[0],1[0],13,0_67
Hybridindex,17.9685[1.19761],17.9727[1.17546],17.9645[1.21816],14,0_67
Pref0,0.91175[0.198335],0.917695[0.192224],0.906128[0.203786],14,0_67
Signal0,1[0],1[0],1[0],14,0_67
Hybridindex,17.9632[1.19949],17.9571[1.18978],17.9696[1.20936],15,0_67
Pref0,0.91525[0.198601],0.908777[0.201845],0.921907[0.194985],15,0_67
Signal0,1[0],1[0],1[0],15,0_67
Hybridindex,17.998[1.17218],18.013[1.17152],17.983[1.17264],16,0_67
Pref0,0.9125[0.204557],0.905095[0.213163],0.91992[0.195273],16,0_67
Signal0,1[0],1[0],1[0],16,0_67
Hybridindex,17.969[1.19856],17.9796[1.20356],17.9578[1.19313],17,0_67
Pref0,0.915[0.19564],0.920311[0.190813],0.909372[0.200475],17,0_67
Signal0,1[0],1[0],1[0],17,0_67
Hybridindex,17.947[1.18709],17.8947[1.20733],18[1.16382],18,0_67
Pref0,0.91075[0.204718],0.909136[0.206488],0.912387[0.202894],18,0_67
Signal0,1[0],1[0],1[0],18,0_67
Hybridindex,17.9735[1.17486],18.02[1.14617],17.9293[1.19985],19,0_67
Pref0,0.91675[0.196073],0.91641[0.193318],0.917073[0.198657],19,0_67
Signal0,1[0],1[0],1[0],19,0_67
Hybridindex,17.9797[1.18193],17.96[1.19618],17.999[1.16754],20,0_67
Pref0,0.91975[0.192185],0.919028[0.196174],0.920455[0.188206],20,0_67
Signal0,1[0],1[0],1[0],20,0_67
Hybridindex,18.01[1.18085],18.0198[1.16689],18[1.19487],21,0_67
Pref0,0.92675[0.184416],0.929278[0.182556],0.924166[0.186263],21,0_67
Signal0,1[0],1[0],1[0],21,0_67
Hybridindex,18.0448[1.14056],18.0331[1.13681],18.0567[1.14427],22,0_67
Pref0,0.925[0.18473],0.918065[0.19163],0.932118[0.177086],22,0_67
Signal0,1[0],1[0],1[0],22,0_67
Hybridindex,18.057[1.13237],18.0781[1.15424],18.0348[1.10852],23,0_67
Pref0,0.922[0.19083],0.923828[0.191516],0.920082[0.190088],23,0_67
Signal0,1[0],1[0],1[0],23,0_67
Hybridindex,18.1165[1.12425],18.1009[1.09504],18.1321[1.15256],24,0_67
Pref0,0.923[0.188603],0.925574[0.188864],0.92042[0.188305],24,0_67
Signal0,1[0],1[0],1[0],24,0_67
Hybridindex,18.108[1.12142],18.0698[1.11486],18.1475[1.12681],25,0_67
Pref0,0.93[0.181934],0.92527[0.18898],0.934893[0.17421],25,0_67
Signal0,1[0],1[0],1[0],25,0_67
Hybridindex,18.0875[1.09765],18.1092[1.07281],18.0664[1.12079],26,0_67
Pref0,0.92925[0.179915],0.927337[0.180488],0.931102[0.179339],26,0_67
Signal0,1[0],1[0],1[0],26,0_67
Hybridindex,18.0938[1.0854],18.0853[1.09549],18.1028[1.07446],27,0_67
Pref0,0.925[0.18473],0.92781[0.179825],0.922004[0.189773],27,0_67
Signal0,1[0],1[0],1[0],27,0_67
Hybridindex,18.1193[1.05696],18.0915[1.06104],18.1468[1.05217],28,0_67
Pref0,0.91925[0.191975],0.91206[0.20064],0.926368[0.182714],28,0_67
Signal0,1[0],1[0],1[0],28,0_67
Hybridindex,18.0645[1.07172],18.0892[1.05458],18.0388[1.08868],29,0_67
Pref0,0.92775[0.183453],0.928431[0.183312],0.927041[0.183596],29,0_67
Signal0,1[0],1[0],1[0],29,0_67
Hybridindex,18.0715[1.06918],18.1155[1.08692],18.0256[1.04835],30,0_67
Pref0,0.928[0.181841],0.926125[0.182857],0.929959[0.180751],30,0_67
Signal0,1[0],1[0],1[0],30,0_67
Hybridindex,18.0635[1.08281],18.0624[1.081],18.0645[1.08452],31,0_67
Pref0,0.9235[0.186139],0.923234[0.184459],0.923754[0.187729],31,0_67
Signal0,1[0],1[0],1[0],31,0_67
Hybridindex,18.0575[1.07979],18.0868[1.06965],18.0294[1.08868],32,0_67
Pref0,0.919[0.192844],0.921859[0.188462],0.916259[0.196916],32,0_67
Signal0,1[0],1[0],1[0],32,0_67
Hybridindex,18.0218[1.07884],18.0215[1.09315],18.022[1.06437],33,0_67
Pref0,0.9175[0.196071],0.923423[0.186887],0.911588[0.204655],33,0_67
Signal0,1[0],1[0],1[0],33,0_67
Hybridindex,18.0188[1.08606],18.0439[1.10398],17.9923[1.06629],34,0_67
Pref0,0.9225[0.187733],0.921875[0.186848],0.923156[0.188655],34,0_67
Signal0,1[0],1[0],1[0],34,0_67
Hybridindex,18.0245[1.07152],18.0763[1.05291],17.9682[1.0886],35,0_67
Pref0,0.91875[0.195636],0.914587[0.199323],0.923278[0.191442],35,0_67
Signal0,1[0],1[0],1[0],35,0_67
Hybridindex,17.998[1.10386],18.0398[1.09261],17.9607[1.11247],36,0_67
Pref0,0.9195[0.193054],0.916755[0.193246],0.921949[0.192849],36,0_67
Signal0,1[0],1[0],1[0],36,0_67
Hybridindex,17.9838[1.06986],17.9497[1.08624],18.0188[1.05161],37,0_67
Pref0,0.919[0.192844],0.918639[0.192404],0.919371[0.193295],37,0_67
Signal0,1[0],1[0],1[0],37,0_67
Hybridindex,17.98[1.11964],17.9648[1.12847],17.9959[1.1101],38,0_67
Pref0,0.918[0.196916],0.918866[0.197159],0.917093[0.196657],38,0_67
Signal0,1[0],1[0],1[0],38,0_67
Hybridindex,17.9662[1.11051],17.9847[1.10927],17.9474[1.11147],39,0_67
Pref0,0.921[0.189101],0.923343[0.188201],0.918605[0.189986],39,0_67
Signal0,1[0],1[0],1[0],39,0_67
Hybridindex,17.9917[1.11504],18.0385[1.07125],17.9438[1.15629],40,0_67
Pref0,0.9165[0.196285],0.92152[0.19243],0.911348[0.200033],40,0_67
Signal0,1[0],1[0],1[0],40,0_67
Hybridindex,17.9653[1.16068],17.9597[1.14629],17.9712[1.1757],41,0_67
Pref0,0.9175[0.191556],0.913508[0.199129],0.92173[0.183095],41,0_67
Signal0,1[0],1[0],1[0],41,0_67
Hybridindex,17.9795[1.13714],17.9318[1.13351],18.0249[1.13873],42,0_67
Pref0,0.9195[0.191754],0.911795[0.20106],0.926829[0.182161],42,0_67
Signal0,1[0],1[0],1[0],42,0_67
Hybridindex,17.973[1.06408],17.9247[1.07951],18.0229[1.04558],43,0_67
Pref0,0.92675[0.183056],0.924705[0.181556],0.928862[0.184568],43,0_67
Signal0,1[0],1[0],1[0],43,0_67
Hybridindex,17.9615[1.10148],17.9639[1.11329],17.959[1.08895],44,0_67
Pref0,0.921[0.191073],0.925293[0.187591],0.916496[0.194558],44,0_67
Signal0,1[0],1[0],1[0],44,0_67
Hybridindex,17.9662[1.0616],18.0151[1.06268],17.9149[1.05803],45,0_67
Pref0,0.9225[0.190378],0.92[0.192392],0.925128[0.188202],45,0_67
Signal0,1[0],1[0],1[0],45,0_67
Hybridindex,17.999[1.05995],17.9708[1.06311],18.0268[1.0561],46,0_67
Pref0,0.9295[0.183793],0.931956[0.180045],0.927083[0.187376],46,0_67
Signal0,1[0],1[0],1[0],46,0_67
Hybridindex,18.0257[1.04245],18.0318[1.02747],18.0198[1.05696],47,0_67
Pref0,0.92725[0.183255],0.917843[0.191961],0.936508[0.173767],47,0_67
Signal0,1[0],1[0],1[0],47,0_67
Hybridindex,18.0497[1.03978],18.1068[1.02501],17.9946[1.05093],48,0_67
Pref0,0.92825[0.179519],0.927263[0.179151],0.929204[0.179868],48,0_67
Signal0,1[0],1[0],1[0],48,0_67
Hybridindex,18.091[1.04605],18.1114[1.05868],18.0711[1.0332],49,0_67
Pref0,0.9285[0.182723],0.931104[0.180944],0.925962[0.184405],49,0_67
Signal0,1[0],1[0],1[0],49,0_67
Hybridindex,18.06[1.06743],18.008[1.06051],18.1118[1.07177],50,0_67
Pref0,0.925[0.187417],0.918838[0.196221],0.931138[0.178003],50,0_67
Signal0,1[0],1[0],1[0],50,0_67
Hybridindex,18.0437[1.0769],18.0203[1.08111],18.0664[1.07232],51,0_67
Pref0,0.9315[0.175521],0.938516[0.16574],0.924705[0.184246],51,0_67
Signal0,1[0],1[0],1[0],51,0_67
Hybridindex,18.0237[1.07439],18.0091[1.07612],18.0397[1.07228],52,0_67
Pref0,0.93075[0.180498],0.925144[0.186289],0.936848[0.173775],52,0_67
Signal0,1[0],1[0],1[0],52,0_67
Hybridindex,18.0383[1.03943],18.0532[1.03206],18.0228[1.04674],53,0_67
Pref0,0.93425[0.171178],0.936453[0.169471],0.93198[0.17289],53,0_67
Signal0,1[0],1[0],1[0],53,0_67
Hybridindex,17.9582[1.07605],17.9677[1.07476],17.9493[1.0772],54,0_67
Pref0,0.934[0.172899],0.930256[0.176163],0.937561[0.169659],54,0_67
Signal0,1[0],1[0],1[0],54,0_67
Hybridindex,17.961[1.05462],17.9955[1.02879],17.9267[1.0786],55,0_67
Pref0,0.9385[0.170199],0.938816[0.165378],0.938185[0.174859],55,0_67
Signal0,1[0],1[0],1[0],55,0_67
Hybridindex,17.9578[1.05527],17.9583[1.02718],17.9573[1.0805],56,0_67
Pref0,0.93575[0.175348],0.936913[0.17519],0.934678[0.175486],56,0_67
Signal0,1[0],1[0],1[0],56,0_67
Hybridindex,17.937[1.06256],17.9425[1.04304],17.9315[1.0814],57,0_67
Pref0,0.93425[0.174791],0.94254[0.164135],0.926091[0.184315],57,0_67
Signal0,1[0],1[0],1[0],57,0_67
Hybridindex,17.9217[1.08915],17.8901[1.06456],17.9535[1.11235],58,0_67
Pref0,0.934[0.175767],0.933566[0.172634],0.934434[0.17885],58,0_67
Signal0,1[0],1[0],1[0],58,0_67
Hybridindex,17.9627[1.09178],17.9268[1.10353],18.0005[1.07803],59,0_67
Pref0,0.93425[0.177629],0.935059[0.176587],0.933402[0.178711],59,0_67
Signal0,1[0],1[0],1[0],59,0_67
Hybridindex,17.9653[1.09848],17.9406[1.08918],17.9922[1.10791],60,0_67
Pref0,0.93175[0.178092],0.929051[0.178547],0.934692[0.177549],60,0_67
Signal0,1[0],1[0],1[0],60,0_67
Hybridindex,17.9752[1.09511],17.9139[1.11515],18.0394[1.07001],61,0_67
Pref0,0.935[0.175428],0.936399[0.176579],0.933538[0.174206],61,0_67
Signal0,1[0],1[0],1[0],61,0_67
Hybridindex,18.015[1.05536],18.012[1.06831],18.0179[1.04231],62,0_67
Pref0,0.92975[0.180804],0.936309[0.175494],0.92323[0.185702],62,0_67
Signal0,1[0],1[0],1[0],62,0_67
Hybridindex,17.9982[1.08886],17.9751[1.10231],18.0216[1.07458],63,0_67
Pref0,0.92525[0.184492],0.924453[0.187212],0.926056[0.181695],63,0_67
Signal0,1[0],1[0],1[0],63,0_67
Hybridindex,17.9688[1.09665],17.9506[1.11253],17.9866[1.08054],64,0_67
Pref0,0.92325[0.1857],0.920787[0.189353],0.925669[0.182008],64,0_67
Signal0,1[0],1[0],1[0],64,0_67
Hybridindex,17.9445[1.08532],17.9709[1.06484],17.9173[1.10537],65,0_67
Pref0,0.91425[0.200679],0.9133[0.204314],0.915228[0.196857],65,0_67
Signal0,1[0],1[0],1[0],65,0_67
Hybridindex,17.923[1.07567],17.9717[1.10594],17.8737[1.04183],66,0_67
Pref0,0.913[0.197309],0.909543[0.201309],0.916499[0.193114],66,0_67
Signal0,1[0],1[0],1[0],66,0_67
Hybridindex,17.9902[1.06008],18.0313[1.02682],17.9474[1.09206],67,0_67
Pref0,0.9145[0.199223],0.911851[0.202981],0.917263[0.195188],67,0_67
Signal0,1[0],1[0],1[0],67,0_67
Hybridindex,17.9862[1.06463],18.0082[1.06751],17.9628[1.06104],68,0_67
Pref0,0.92[0.190657],0.92062[0.194281],0.919338[0.186705],68,0_67
Signal0,1[0],1[0],1[0],68,0_67
Hybridindex,17.9638[1.06504],17.9496[1.07112],17.9783[1.05859],69,0_67
Pref0,0.91775[0.196494],0.916419[0.200611],0.91911[0.192185],69,0_67
Signal0,1[0],1[0],1[0],69,0_67
Hybridindex,17.94[1.102],17.9458[1.10509],17.9344[1.09895],70,0_67
Pref0,0.91625[0.191992],0.912867[0.198797],0.919546[0.185062],70,0_67
Signal0,1[0],1[0],1[0],70,0_67
Hybridindex,17.9725[1.05261],17.9733[1.04984],17.9718[1.05523],71,0_67
Pref0,0.9225[0.193633],0.921296[0.199612],0.923638[0.187798],71,0_67
Signal0,1[0],1[0],1[0],71,0_67
Hybridindex,17.964[1.00621],17.9591[0.999414],17.9689[1.01297],72,0_67
Pref0,0.9175[0.191556],0.92323[0.184355],0.911735[0.19837],72,0_67
Signal0,1[0],1[0],1[0],72,0_67
Hybridindex,17.9763[1.03117],17.9568[1.0391],17.996[1.02267],73,0_67
Pref0,0.922[0.191484],0.922619[0.19407],0.921371[0.188818],73,0_67
Signal0,1[0],1[0],1[0],73,0_67
Hybridindex,17.991[1.0311],17.997[1.04364],17.9849[1.01814],74,0_67
Pref0,0.92075[0.188665],0.916254[0.193229],0.925328[0.183789],74,0_67
Signal0,1[0],1[0],1[0],74,0_67
Hybridindex,18.0445[1.05843],18.0438[1.04253],18.0452[1.07391],75,0_67
Pref0,0.928[0.183891],0.933099[0.177454],0.922962[0.189903],75,0_67
Signal0,1[0],1[0],1[0],75,0_67
Hybridindex,18.0617[1.04022],18.0457[1.02563],18.0767[1.05338],76,0_67
Pref0,0.93125[0.178601],0.928868[0.179064],0.933462[0.178142],76,0_67
Signal0,1[0],1[0],1[0],76,0_67
Hybridindex,18.0413[1.05139],18.0105[1.0191],18.0721[1.08196],77,0_67
Pref0,0.93375[0.173164],0.934631[0.171492],0.932866[0.174823],77,0_67
Signal0,1[0],1[0],1[0],77,0_67
Hybridindex,18.059[1.03127],18.0617[1.01084],18.0566[1.04966],78,0_67
Pref0,0.93575[0.176768],0.934692[0.177549],0.936721[0.176043],78,0_67
Signal0,1[0],1[0],1[0],78,0_67
Hybridindex,18.0615[1.01463],18.0677[1.03244],18.0557[0.997597],79,0_67
Pref0,0.93825[0.172661],0.940083[0.170151],0.936531[0.174966],79,0_67
Signal0,1[0],1[0],1[0],79,0_67
Hybridindex,18.077[1.03033],18.1072[1.00793],18.0461[1.05187],80,0_67
Pref0,0.935[0.177553],0.937747[0.172399],0.932186[0.182638],80,0_67
Signal0,1[0],1[0],1[0],80,0_67
Hybridindex,18.107[1.01491],18.1221[1.01265],18.0922[1.01692],81,0_67
Pref0,0.93775[0.170294],0.935419[0.17505],0.94004[0.165457],81,0_67
Signal0,1[0],1[0],1[0],81,0_67
Hybridindex,18.095[1.02566],18.08[1.05185],18.1089[1.00058],82,0_67
Pref0,0.94025[0.165242],0.938669[0.167163],0.941715[0.163428],82,0_67
Signal0,1[0],1[0],1[0],82,0_67
Hybridindex,18.1382[1.0144],18.1057[1.03481],18.1716[0.991957],83,0_67
Pref0,0.943[0.15969],0.947628[0.154716],0.938259[0.164495],83,0_67
Signal0,1[0],1[0],1[0],83,0_67
Hybridindex,18.135[1.00214],18.1575[1.00689],18.1127[0.996889],84,0_67
Pref0,0.9455[0.163645],0.944333[0.161985],0.94666[0.165271],84,0_67
Signal0,1[0],1[0],1[0],84,0_67
Hybridindex,18.1247[1.04633],18.125[1.06536],18.1245[1.02787],85,0_67
Pref0,0.95[0.154919],0.95543[0.151195],0.944824[0.158214],85,0_67
Signal0,1[0],1[0],1[0],85,0_67
Hybridindex,18.0945[1.04299],18.1115[1.04907],18.0764[1.03616],86,0_67
Pref0,0.954[0.147932],0.950048[0.151544],0.958204[0.143871],86,0_67
Signal0,1[0],1[0],1[0],86,0_67
Hybridindex,18.0843[1.03043],18.0272[1.03805],18.1384[1.02019],87,0_67
Pref0,0.9555[0.145842],0.955339[0.14616],0.955653[0.145539],87,0_67
Signal0,1[0],1[0],1[0],87,0_67
Hybridindex,18.1043[1.02201],18.0531[1.05122],18.1562[0.988738],88,0_67
Pref0,0.95525[0.145336],0.960317[0.140551],0.950101[0.149865],88,0_67
Signal0,1[0],1[0],1[0],88,0_67
Hybridindex,18.0925[1.01116],18.0687[1.00584],18.1166[1.01594],89,0_67
Pref0,0.95325[0.148961],0.953731[0.149954],0.952764[0.14795],89,0_67
Signal0,1[0],1[0],1[0],89,0_67
Hybridindex,18.1295[1.0193],18.1218[1.03413],18.1369[1.00465],90,0_67
Pref0,0.95625[0.148192],0.961929[0.140059],0.950739[0.155481],90,0_67
Signal0,1[0],1[0],1[0],90,0_67
Hybridindex,18.1335[1.01485],18.1137[1.03942],18.155[0.986988],91,0_67
Pref0,0.95525[0.144473],0.949136[0.152724],0.9619[0.134612],91,0_67
Signal0,1[0],1[0],1[0],91,0_67
Hybridindex,18.1547[1.0135],18.1673[1.03585],18.1419[0.990006],92,0_67
Pref0,0.9595[0.139139],0.962376[0.131895],0.956566[0.146102],92,0_67
Signal0,1[0],1[0],1[0],92,0_67
Hybridindex,18.1725[1.01402],18.1486[0.977289],18.1984[1.05176],93,0_67
Pref0,0.962[0.132499],0.964423[0.128541],0.959375[0.136609],93,0_67
Signal0,1[0],1[0],1[0],93,0_67
Hybridindex,18.1797[1.00353],18.1663[0.998654],18.1924[1.00794],94,0_67
Pref0,0.958[0.142253],0.955201[0.148113],0.960641[0.136441],94,0_67
Signal0,1[0],1[0],1[0],94,0_67
Hybridindex,18.1812[0.985278],18.1742[0.996997],18.1882[0.973463],95,0_67
Pref0,0.95725[0.142469],0.957329[0.14148],0.957171[0.143444],95,0_67
Signal0,1[0],1[0],1[0],95,0_67
Hybridindex,18.1743[0.99888],18.196[0.998573],18.1535[0.998731],96,0_67
Pref0,0.95325[0.148961],0.947288[0.155207],0.958944[0.142508],96,0_67
Signal0,1[0],1[0],1[0],96,0_67
Hybridindex,18.1988[0.974101],18.1764[0.966175],18.22[0.981109],97,0_67
Pref0,0.95425[0.149271],0.96[0.135647],0.94878[0.160976],97,0_67
Signal0,1[0],1[0],1[0],97,0_67
Hybridindex,18.1782[0.983159],18.193[0.983371],18.1637[0.982733],98,0_67
Pref0,0.95125[0.154105],0.952621[0.149843],0.949901[0.158177],98,0_67
Signal0,1[0],1[0],1[0],98,0_67
Hybridindex,18.1732[0.968948],18.1935[0.926603],18.154[1.00712],99,0_67
Pref0,0.94875[0.155719],0.950205[0.154783],0.947368[0.15659],99,0_67
Signal0,1[0],1[0],1[0],99,0_67
Hybridindex,18.201[0.97678],18.1925[0.987352],18.2097[0.965842],100,0_67
Pref0,0.93925[0.167136],0.940476[0.169408],0.938004[0.164786],100,0_67
Signal0,1[0],1[0],1[0],100,0_67
Hybridindex,12.34[8.29002],12.2092[8.26062],12.477[8.31849],1,0_68
Pref0,0.617[0.414501],0.610459[0.413031],0.623849[0.415924],1,0_68
Signal0,0.617[0.414501],0.610459[0.413031],0.623849[0.415924],1,0_68
Hybridindex,14.9765[6.23349],14.9927[6.27295],14.9617[6.19711],2,0_68
Pref0,0.74475[0.337228],0.747385[0.335712],0.742337[0.338592],2,0_68
Signal0,0.74925[0.340954],0.747385[0.344174],0.750958[0.337969],2,0_68
Hybridindex,16.829[3.8548],16.7512[3.94958],16.9104[3.75128],3,0_68
Pref0,0.8355[0.265405],0.832356[0.268952],0.838792[0.261598],3,0_68
Signal0,0.86825[0.240867],0.863636[0.249589],0.873081[0.231284],3,0_68
Hybridindex,17.5845[2.50167],17.6215[2.4561],17.5478[2.54554],4,0_68
Pref0,0.87075[0.236473],0.869478[0.238242],0.872012[0.234698],4,0_68
Signal0,0.93425[0.169711],0.930723[0.174187],0.937749[0.165077],4,0_68
Hybridindex,17.7675[1.8961],17.7773[1.90495],17.7577[1.88718],5,0_68
Pref0,0.88625[0.222903],0.886386[0.223394],0.886114[0.222413],5,0_68
Signal0,0.96975[0.119205],0.96997[0.118799],0.96953[0.119609],5,0_68
Hybridindex,17.7903[1.58663],17.7696[1.58328],17.8106[1.58966],6,0_68
Pref0,0.89075[0.221223],0.895875[0.21506],0.885686[0.227034],6,0_68
Signal0,0.984[0.088],0.984406[0.0869116],0.983598[0.0890606],6,0_68
Hybridindex,17.886[1.46065],17.9366[1.42747],17.8353[1.49144],7,0_68
Pref0,0.89375[0.216993],0.894106[0.215009],0.893393[0.218962],7,0_68
Signal0,0.99375[0.0555512],0.993506[0.0566091],0.993994[0.0544695],7,0_68
Hybridindex,17.869[1.38468],17.8346[1.37111],17.9003[1.39616],8,0_68
Pref0,0.891[0.21936],0.895483[0.21462],0.886927[0.223502],8,0_68
Signal0,0.99625[0.0431386],0.996324[0.0427167],0.996183[0.0435181],8,0_68
Hybridindex,17.8813[1.31787],17.917[1.30561],17.8459[1.32892],9,0_68
Pref0,0.8795[0.22963],0.882294[0.228124],0.87674[0.231074],9,0_68
Signal0,0.9985[0.027345],0.998491[0.0274272],0.998509[0.0272636],9,0_68
Hybridindex,17.9045[1.29059],17.9363[1.31843],17.8743[1.26286],10,0_68
Pref0,0.878[0.23209],0.876797[0.232643],0.879142[0.231559],10,0_68
Signal0,0.9995[0.0158035],0.999487[0.0160128],0.999513[0.0156022],10,0_68
Hybridindex,17.9168[1.2364],17.9313[1.20522],17.9018[1.26738],11,0_68
Pref0,0.886[0.222495],0.886858[0.225138],0.885121[0.219752],11,0_68
Signal0,1[0],1[0],1[0],11,0_68
Hybridindex,17.9342[1.20314],17.9092[1.21931],17.9614[1.18475],12,0_68
Pref0,0.87975[0.232196],0.879923[0.231916],0.879562[0.232499],12,0_68
Signal0,1[0],1[0],1[0],12,0_68
Hybridindex,17.9025[1.20436],17.9239[1.20122],17.8802[1.20721],13,0_68
Pref0,0.8805[0.231235],0.882728[0.232822],0.878186[0.229553],13,0_68
Signal0,1[0],1[0],1[0],13,0_68
Hybridindex,17.9022[1.19586],17.9208[1.18495],17.8844[1.20595],14,0_68
Pref0,0.8745[0.23717],0.875894[0.240597],0.873164[0.23383],14,0_68
Signal0,1[0],1[0],1[0],14,0_68
Hybridindex,17.8873[1.22512],17.8647[1.23892],17.9101[1.21059],15,0_68
Pref0,0.874[0.229399],0.874129[0.230352],0.873869[0.228433],15,0_68
Signal0,1[0],1[0],1[0],15,0_68
Hybridindex,17.844[1.26072],17.7811[1.29828],17.9064[1.21912],16,0_68
Pref0,0.86925[0.240893],0.868474[0.242912],0.87002[0.238871],16,0_68
Signal0,1[0],1[0],1[0],16,0_68
Hybridindex,17.8487[1.22025],17.8456[1.21445],17.8517[1.22572],17,0_68
Pref0,0.86825[0.237733],0.873846[0.23639],0.862927[0.238882],17,0_68
Signal0,1[0],1[0],1[0],17,0_68
Hybridindex,17.9198[1.19997],17.8958[1.21632],17.9427[1.18363],18,0_68
Pref0,0.87225[0.230879],0.864658[0.233368],0.87953[0.228229],18,0_68
Signal0,1[0],1[0],1[0],18,0_68
Hybridindex,17.9477[1.20016],17.9329[1.23634],17.9625[1.16275],19,0_68
Pref0,0.871[0.236345],0.861361[0.240013],0.880619[0.232229],19,0_68
Signal0,1[0],1[0],1[0],19,0_68
Hybridindex,17.958[1.18743],17.9766[1.19812],17.9385[1.17579],20,0_68
Pref0,0.876[0.235847],0.879395[0.231451],0.872439[0.240322],20,0_68
Signal0,1[0],1[0],1[0],20,0_68
Hybridindex,17.9503[1.14582],17.9625[1.13309],17.9369[1.15933],21,0_68
Pref0,0.8795[0.229085],0.871758[0.237319],0.887904[0.219488],21,0_68
Signal0,1[0],1[0],1[0],21,0_68
Hybridindex,17.9187[1.15749],17.9194[1.16918],17.9181[1.146],22,0_68
Pref0,0.88075[0.232173],0.873225[0.234355],0.888067[0.229796],22,0_68
Signal0,1[0],1[0],1[0],22,0_68
Hybridindex,17.8953[1.1492],17.9447[1.14619],17.8498[1.15008],23,0_68
Pref0,0.882[0.227653],0.877349[0.233737],0.886276[0.221827],23,0_68
Signal0,1[0],1[0],1[0],23,0_68
Hybridindex,17.9062[1.13329],17.9219[1.1359],17.8887[1.13009],24,0_68
Pref0,0.87825[0.234631],0.877956[0.236772],0.878579[0.232208],24,0_68
Signal0,1[0],1[0],1[0],24,0_68
Hybridindex,17.9398[1.12093],17.9444[1.12177],17.9349[1.12003],25,0_68
Pref0,0.8725[0.238209],0.874634[0.238165],0.870256[0.238236],25,0_68
Signal0,1[0],1[0],1[0],25,0_68
Hybridindex,17.9428[1.12743],17.9208[1.14896],17.963[1.10684],26,0_68
Pref0,0.869[0.238933],0.868092[0.23853],0.869837[0.239301],26,0_68
Signal0,1[0],1[0],1[0],26,0_68
Hybridindex,17.9235[1.16142],17.9429[1.13619],17.9038[1.18613],27,0_68
Pref0,0.872[0.238466],0.868918[0.240401],0.875126[0.236447],27,0_68
Signal0,1[0],1[0],1[0],27,0_68
Hybridindex,17.8347[1.12386],17.8042[1.15117],17.863[1.0973],28,0_68
Pref0,0.874[0.235847],0.875[0.233854],0.873077[0.237669],28,0_68
Signal0,1[0],1[0],1[0],28,0_68
Hybridindex,17.8005[1.1567],17.8018[1.13851],17.7991[1.17635],29,0_68
Pref0,0.8705[0.236071],0.86724[0.240475],0.874082[0.231084],29,0_68
Signal0,1[0],1[0],1[0],29,0_68
Hybridindex,17.7673[1.14584],17.7761[1.14949],17.7574[1.1417],30,0_68
Pref0,0.8715[0.237672],0.86597[0.241001],0.877637[0.233768],30,0_68
Signal0,1[0],1[0],1[0],30,0_68
Hybridindex,17.7945[1.13777],17.7927[1.13883],17.7963[1.1367],31,0_68
Pref0,0.87175[0.239117],0.875624[0.231757],0.867868[0.24621],31,0_68
Signal0,1[0],1[0],1[0],31,0_68
Hybridindex,17.8098[1.11856],17.8303[1.12957],17.7893[1.10716],32,0_68
Pref0,0.88325[0.233975],0.884036[0.235751],0.88247[0.232198],32,0_68
Signal0,1[0],1[0],1[0],32,0_68
Hybridindex,17.821[1.11443],17.7976[1.12102],17.845[1.10712],33,0_68
Pref0,0.8725[0.238209],0.869694[0.240925],0.87538[0.235355],33,0_68
Signal0,1[0],1[0],1[0],33,0_68
Hybridindex,17.8332[1.15394],17.8223[1.15761],17.8442[1.15016],34,0_68
Pref0,0.88[0.231517],0.877878[0.230552],0.882118[0.232456],34,0_68
Signal0,1[0],1[0],1[0],34,0_68
Hybridindex,17.8335[1.12518],17.8807[1.09913],17.7825[1.15051],35,0_68
Pref0,0.8835[0.226777],0.879211[0.23131],0.888137[0.221678],35,0_68
Signal0,1[0],1[0],1[0],35,0_68
Hybridindex,17.8025[1.12527],17.8128[1.10652],17.7926[1.14292],36,0_68
Pref0,0.887[0.222443],0.889286[0.223007],0.884804[0.221878],36,0_68
Signal0,1[0],1[0],1[0],36,0_68
Hybridindex,17.81[1.08577],17.8124[1.09528],17.8075[1.07576],37,0_68
Pref0,0.8985[0.215517],0.898629[0.212854],0.898366[0.218261],37,0_68
Signal0,1[0],1[0],1[0],37,0_68
Hybridindex,17.839[1.0956],17.8297[1.13439],17.8485[1.05446],38,0_68
Pref0,0.89475[0.215749],0.894059[0.212632],0.895455[0.21888],38,0_68
Signal0,1[0],1[0],1[0],38,0_68
Hybridindex,17.8642[1.10054],17.8449[1.0835],17.8835[1.11686],39,0_68
Pref0,0.8975[0.215624],0.894076[0.218555],0.900896[0.212623],39,0_68
Signal0,1[0],1[0],1[0],39,0_68
Hybridindex,17.8605[1.10749],17.8586[1.11269],17.8625[1.10203],40,0_68
Pref0,0.8905[0.217967],0.887965[0.221014],0.893149[0.214705],40,0_68
Signal0,1[0],1[0],1[0],40,0_68
Hybridindex,17.901[1.06604],17.9393[1.04961],17.8642[1.08032],41,0_68
Pref0,0.9025[0.207349],0.907143[0.202157],0.898039[0.212123],41,0_68
Signal0,1[0],1[0],1[0],41,0_68
Hybridindex,17.9123[1.06568],17.9247[1.08701],17.8994[1.04305],42,0_68
Pref0,0.898[0.210585],0.900591[0.208008],0.895325[0.21318],42,0_68
Signal0,1[0],1[0],1[0],42,0_68
Hybridindex,17.9055[1.06739],17.9139[1.0491],17.8968[1.08589],43,0_68
Pref0,0.89975[0.211719],0.895177[0.214132],0.904472[0.209093],43,0_68
Signal0,1[0],1[0],1[0],43,0_68
Hybridindex,17.9183[1.04532],17.9462[1.05447],17.8879[1.03444],44,0_68
Pref0,0.89725[0.211701],0.900096[0.208167],0.894161[0.21543],44,0_68
Signal0,1[0],1[0],1[0],44,0_68
Hybridindex,17.91[1.07093],17.937[1.0858],17.8807[1.05381],45,0_68
Pref0,0.89875[0.215925],0.892308[0.222396],0.905729[0.208463],45,0_68
Signal0,1[0],1[0],1[0],45,0_68
Hybridindex,17.909[1.12315],17.9074[1.11735],17.9105[1.12885],46,0_68
Pref0,0.9[0.211542],0.903924[0.210572],0.896123[0.212424],46,0_68
Signal0,1[0],1[0],1[0],46,0_68
Hybridindex,17.8888[1.11378],17.8682[1.13525],17.9105[1.09018],47,0_68
Pref0,0.905[0.209105],0.906615[0.204604],0.903292[0.213749],47,0_68
Signal0,1[0],1[0],1[0],47,0_68
Hybridindex,17.9275[1.08788],17.9338[1.07369],17.9216[1.10098],48,0_68
Pref0,0.908[0.203804],0.908997[0.203363],0.907067[0.204211],48,0_68
Signal0,1[0],1[0],1[0],48,0_68
Hybridindex,17.912[1.06302],17.8918[1.05084],17.9311[1.07401],49,0_68
Pref0,0.9095[0.207508],0.910825[0.206932],0.908252[0.208042],49,0_68
Signal0,1[0],1[0],1[0],49,0_68
Hybridindex,17.928[1.06258],17.9174[1.04945],17.9383[1.07511],50,0_68
Pref0,0.907[0.2064],0.908815[0.20205],0.905232[0.210537],50,0_68
Signal0,1[0],1[0],1[0],50,0_68
Hybridindex,17.9282[1.07295],17.9231[1.08965],17.934[1.05404],51,0_68
Pref0,0.9055[0.211707],0.905983[0.208309],0.904963[0.215421],51,0_68
Signal0,1[0],1[0],1[0],51,0_68
Hybridindex,17.9312[1.07373],17.9361[1.10361],17.9263[1.04234],52,0_68
Pref0,0.90275[0.206561],0.901485[0.20621],0.90404[0.206911],52,0_68
Signal0,1[0],1[0],1[0],52,0_68
Hybridindex,17.8805[1.06218],17.8692[1.07696],17.8921[1.04666],53,0_68
Pref0,0.9065[0.204958],0.904245[0.207728],0.908815[0.20205],53,0_68
Signal0,1[0],1[0],1[0],53,0_68
Hybridindex,17.8485[1.07845],17.828[1.058],17.868[1.09727],54,0_68
Pref0,0.90675[0.208996],0.912487[0.19791],0.901271[0.21892],54,0_68
Signal0,1[0],1[0],1[0],54,0_68
Hybridindex,17.8125[1.09617],17.8217[1.12523],17.8033[1.06618],55,0_68
Pref0,0.90225[0.209332],0.898601[0.210745],0.905906[0.207842],55,0_68
Signal0,1[0],1[0],1[0],55,0_68
Hybridindex,17.8188[1.07193],17.8301[1.08392],17.8068[1.05899],56,0_68
Pref0,0.9065[0.205567],0.9148[0.194358],0.897739[0.216425],56,0_68
Signal0,1[0],1[0],1[0],56,0_68
Hybridindex,17.8233[1.06061],17.8134[1.05493],17.8332[1.06618],57,0_68
Pref0,0.912[0.201261],0.914172[0.200097],0.90982[0.2024],57,0_68
Signal0,1[0],1[0],1[0],57,0_68
Hybridindex,17.8335[1.04882],17.8508[1.04807],17.8143[1.04932],58,0_68
Pref0,0.91025[0.20142],0.907795[0.203478],0.912975[0.199076],58,0_68
Signal0,1[0],1[0],1[0],58,0_68
Hybridindex,17.831[1.0631],17.8571[1.0771],17.8044[1.04802],59,0_68
Pref0,0.90475[0.20929],0.90873[0.207983],0.900706[0.210533],59,0_68
Signal0,1[0],1[0],1[0],59,0_68
Hybridindex,17.8145[1.07114],17.8077[1.0579],17.8209[1.08335],60,0_68
Pref0,0.90525[0.207117],0.896587[0.218481],0.913359[0.195535],60,0_68
Signal0,1[0],1[0],1[0],60,0_68
Hybridindex,17.8197[1.05966],17.8176[1.06268],17.8219[1.05666],61,0_68
Pref0,0.90775[0.205219],0.910553[0.20309],0.904975[0.207269],61,0_68
Signal0,1[0],1[0],1[0],61,0_68
Hybridindex,17.7883[1.04093],17.7571[1.04209],17.8207[1.03872],62,0_68
Pref0,0.911[0.200197],0.910382[0.204144],0.911645[0.195995],62,0_68
Signal0,1[0],1[0],1[0],62,0_68
Hybridindex,17.8092[1.04067],17.8084[1.01925],17.8101[1.0612],63,0_68
Pref0,0.9185[0.193927],0.921132[0.186361],0.915925[0.20102],63,0_68
Signal0,1[0],1[0],1[0],63,0_68
Hybridindex,17.7907[1.06106],17.8088[1.07672],17.7724[1.04461],64,0_68
Pref0,0.91825[0.194144],0.919067[0.19465],0.917422[0.193626],64,0_68
Signal0,1[0],1[0],1[0],64,0_68
Hybridindex,17.8335[1.07111],17.7783[1.04781],17.8896[1.09142],65,0_68
Pref0,0.908[0.206848],0.912698[0.20123],0.903226[0.212298],65,0_68
Signal0,1[0],1[0],1[0],65,0_68
Hybridindex,17.8415[1.07407],17.8035[1.08374],17.8813[1.0624],66,0_68
Pref0,0.909[0.200547],0.90567[0.205371],0.912487[0.195307],66,0_68
Signal0,1[0],1[0],1[0],66,0_68
Hybridindex,17.8545[1.06575],17.8497[1.06159],17.8596[1.07011],67,0_68
Pref0,0.91825[0.192203],0.911965[0.195481],0.924897[0.188446],67,0_68
Signal0,1[0],1[0],1[0],67,0_68
Hybridindex,17.8435[1.05736],17.8403[1.03961],17.8466[1.07422],68,0_68
Pref0,0.91825[0.190898],0.918616[0.191342],0.917896[0.190467],68,0_68
Signal0,1[0],1[0],1[0],68,0_68
Hybridindex,17.856[1.05535],17.892[1.03161],17.8196[1.07758],69,0_68
Pref0,0.921[0.187774],0.921393[0.187389],0.920603[0.188161],69,0_68
Signal0,1[0],1[0],1[0],69,0_68
Hybridindex,17.8573[1.05877],17.9024[1.05262],17.8117[1.063],70,0_68
Pref0,0.92075[0.188665],0.926295[0.18279],0.915161[0.194247],70,0_68
Signal0,1[0],1[0],1[0],70,0_68
Hybridindex,17.8663[1.03886],17.8397[1.04519],17.8929[1.0318],71,0_68
Pref0,0.91575[0.196919],0.90959[0.201314],0.921922[0.192216],71,0_68
Signal0,1[0],1[0],1[0],71,0_68
Hybridindex,17.8385[1.06732],17.8233[1.07655],17.8531[1.05813],72,0_68
Pref0,0.91675[0.191558],0.915479[0.192752],0.917976[0.190391],72,0_68
Signal0,1[0],1[0],1[0],72,0_68
Hybridindex,17.8117[1.07317],17.7901[1.06723],17.8328[1.07849],73,0_68
Pref0,0.92125[0.188211],0.915822[0.192436],0.926529[0.183856],73,0_68
Signal0,1[0],1[0],1[0],73,0_68
Hybridindex,17.7955[1.07839],17.7719[1.10885],17.8172[1.04914],74,0_68
Pref0,0.9175[0.197974],0.923278[0.191442],0.912188[0.20365],74,0_68
Signal0,1[0],1[0],1[0],74,0_68
Hybridindex,17.7718[1.0856],17.7822[1.09604],17.7614[1.07509],75,0_68
Pref0,0.9235[0.186139],0.922032[0.184149],0.92495[0.188073],75,0_68
Signal0,1[0],1[0],1[0],75,0_68
Hybridindex,17.7707[1.07672],17.7894[1.06687],17.7525[1.08597],76,0_68
Pref0,0.924[0.187013],0.923232[0.18847],0.924752[0.185572],76,0_68
Signal0,1[0],1[0],1[0],76,0_68
Hybridindex,17.7707[1.0901],17.7804[1.07258],17.7609[1.10771],77,0_68
Pref0,0.92375[0.185232],0.927937[0.179776],0.919453[0.190575],77,0_68
Signal0,1[0],1[0],1[0],77,0_68
Hybridindex,17.7452[1.07691],17.7461[1.03951],17.7444[1.11077],78,0_68
Pref0,0.925[0.18473],0.925026[0.186998],0.924976[0.18258],78,0_68
Signal0,1[0],1[0],1[0],78,0_68
Hybridindex,17.7605[1.06061],17.752[1.05298],17.7689[1.06802],79,0_68
Pref0,0.9305[0.17796],0.937123[0.170277],0.923956[0.185006],79,0_68
Signal0,1[0],1[0],1[0],79,0_68
Hybridindex,17.7808[1.03214],17.7867[1.05067],17.7749[1.01346],80,0_68
Pref0,0.931[0.180247],0.937626[0.168234],0.924453[0.191152],80,0_68
Signal0,1[0],1[0],1[0],80,0_68
Hybridindex,17.7958[1.02563],17.7973[1.02455],17.7942[1.02668],81,0_68
Pref0,0.92875[0.181792],0.927565[0.187069],0.92992[0.176416],81,0_68
Signal0,1[0],1[0],1[0],81,0_68
Hybridindex,17.825[1.01704],17.8669[1.00726],17.7812[1.02533],82,0_68
Pref0,0.92575[0.182653],0.924658[0.181585],0.926892[0.183754],82,0_68
Signal0,1[0],1[0],1[0],82,0_68
Hybridindex,17.7802[1.0594],17.8059[1.03551],17.7543[1.08247],83,0_68
Pref0,0.91525[0.196067],0.915094[0.19928],0.915408[0.192755],83,0_68
Signal0,1[0],1[0],1[0],83,0_68
Hybridindex,17.7948[1.05794],17.8301[1.03582],17.7565[1.08005],84,0_68
Pref0,0.916[0.192857],0.918672[0.188397],0.913111[0.197526],84,0_68
Signal0,1[0],1[0],1[0],84,0_68
Hybridindex,17.7945[1.05925],17.8001[1.02662],17.789[1.09045],85,0_68
Pref0,0.917[0.191992],0.910876[0.197829],0.923039[0.185859],85,0_68
Signal0,1[0],1[0],1[0],85,0_68
Hybridindex,17.8125[1.08182],17.849[1.0319],17.7767[1.12747],86,0_68
Pref0,0.9135[0.200044],0.911111[0.202703],0.915842[0.197375],86,0_68
Signal0,1[0],1[0],1[0],86,0_68
Hybridindex,17.7913[1.08388],17.7813[1.08842],17.8001[1.07975],87,0_68
Pref0,0.9165[0.192426],0.919851[0.189139],0.913516[0.195257],87,0_68
Signal0,1[0],1[0],1[0],87,0_68
Hybridindex,17.7733[1.07446],17.7461[1.12356],17.8014[1.0203],88,0_68
Pref0,0.91925[0.186693],0.918468[0.186037],0.920061[0.187368],88,0_68
Signal0,1[0],1[0],1[0],88,0_68
Hybridindex,17.7305[1.10119],17.7306[1.08143],17.7304[1.12084],89,0_68
Pref0,0.917[0.191992],0.918986[0.189557],0.91499[0.194405],89,0_68
Signal0,1[0],1[0],1[0],89,0_68
Hybridindex,17.7362[1.084],17.7505[1.06285],17.7214[1.10539],90,0_68
Pref0,0.918[0.191771],0.918137[0.192798],0.917857[0.190696],90,0_68
Signal0,1[0],1[0],1[0],90,0_68
Hybridindex,17.7377[1.05693],17.7293[1.05772],17.7465[1.05604],91,0_68
Pref0,0.92325[0.189036],0.921105[0.190215],0.925456[0.187789],91,0_68
Signal0,1[0],1[0],1[0],91,0_68
Hybridindex,17.752[1.05877],17.7622[1.06623],17.7408[1.0504],92,0_68
Pref0,0.92225[0.190604],0.930277[0.183904],0.913431[0.197328],92,0_68
Signal0,1[0],1[0],1[0],92,0_68
Hybridindex,17.7677[1.04973],17.7943[1.04224],17.7406[1.05665],93,0_68
Pref0,0.91725[0.193074],0.914936[0.194343],0.919616[0.191739],93,0_68
Signal0,1[0],1[0],1[0],93,0_68
Hybridindex,17.7512[1.05178],17.7553[1.06065],17.7469[1.04223],94,0_68
Pref0,0.916[0.195433],0.920058[0.189744],0.911674[0.201231],94,0_68
Signal0,1[0],1[0],1[0],94,0_68
Hybridindex,17.7598[1.05031],17.7598[1.02731],17.7597[1.0726],95,0_68
Pref0,0.90575[0.209146],0.90603[0.209003],0.905473[0.209287],95,0_68
Signal0,1[0],1[0],1[0],95,0_68
Hybridindex,17.75[1.06911],17.7572[1.06952],17.7427[1.06865],96,0_68
Pref0,0.907[0.2064],0.910626[0.206537],0.903323[0.206196],96,0_68
Signal0,1[0],1[0],1[0],96,0_68
Hybridindex,17.7312[1.03822],17.7583[1.00711],17.7027[1.06939],97,0_68
Pref0,0.9115[0.200419],0.912451[0.198782],0.910494[0.202131],97,0_68
Signal0,1[0],1[0],1[0],97,0_68
Hybridindex,17.7462[1.03922],17.7449[1.04362],17.7477[1.03452],98,0_68
Pref0,0.9035[0.208417],0.903492[0.210416],0.903509[0.206269],98,0_68
Signal0,1[0],1[0],1[0],98,0_68
Hybridindex,17.726[1.05199],17.7525[1.05597],17.6991[1.04724],99,0_68
Pref0,0.90075[0.210415],0.899802[0.212179],0.901714[0.208603],99,0_68
Signal0,1[0],1[0],1[0],99,0_68
Hybridindex,17.7013[1.05871],17.6987[1.08045],17.7039[1.03588],100,0_68
Pref0,0.89575[0.215655],0.897436[0.211441],0.894016[0.21989],100,0_68
Signal0,1[0],1[0],1[0],100,0_68
Hybridindex,12.685[8.26685],12.8502[8.21341],12.5103[8.31943],1,0_69
Pref0,0.63425[0.413342],0.64251[0.41067],0.625514[0.415971],1,0_69
Signal0,0.63425[0.413342],0.64251[0.41067],0.625514[0.415971],1,0_69
Hybridindex,15.1445[5.99693],15.2419[5.86899],15.0486[6.11871],2,0_69
Pref0,0.7485[0.32863],0.755544[0.321397],0.741567[0.335452],2,0_69
Signal0,0.761[0.328069],0.772177[0.320679],0.75[0.334818],2,0_69
Hybridindex,16.616[4.10476],16.4656[4.26291],16.759[3.94313],3,0_69
Pref0,0.8205[0.27664],0.813333[0.281072],0.827317[0.272182],3,0_69
Signal0,0.851[0.259421],0.853846[0.260026],0.848293[0.258814],3,0_69
Hybridindex,17.4612[2.58967],17.511[2.55447],17.4112[2.62365],4,0_69
Pref0,0.8635[0.242627],0.868395[0.242799],0.858576[0.242354],4,0_69
Signal0,0.91925[0.186693],0.925224[0.182461],0.91324[0.190668],4,0_69
Hybridindex,17.7087[1.84907],17.6856[1.90593],17.7306[1.79359],5,0_69
Pref0,0.8745[0.238222],0.862371[0.248452],0.885922[0.227579],5,0_69
Signal0,0.96[0.136565],0.955155[0.142869],0.964563[0.130185],5,0_69
Hybridindex,17.8095[1.57241],17.8266[1.5904],17.7921[1.55367],6,0_69
Pref0,0.8815[0.232288],0.883548[0.233614],0.879415[0.230911],6,0_69
Signal0,0.9845[0.0866588],0.987116[0.0792214],0.981837[0.0935512],6,0_69
Hybridindex,17.764[1.48957],17.766[1.51518],17.7618[1.4609],7,0_69
Pref0,0.88325[0.226924],0.885864[0.224163],0.880378[0.229884],7,0_69
Signal0,0.9915[0.0646355],0.991882[0.0631926],0.991081[0.0661819],7,0_69
Hybridindex,17.7485[1.38456],17.7719[1.36149],17.7255[1.40647],8,0_69
Pref0,0.87725[0.230342],0.874369[0.233667],0.880079[0.226993],8,0_69
Signal0,0.99575[0.0459014],0.995964[0.0447423],0.99554[0.0470111],8,0_69
Hybridindex,17.6845[1.34943],17.7033[1.35162],17.6653[1.34691],9,0_69
Pref0,0.8805[0.230152],0.882295[0.225683],0.878665[0.234617],9,0_69
Signal0,0.998[0.0315595],0.997033[0.0384041],0.998989[0.0224619],9,0_69
Hybridindex,17.7355[1.33005],17.7017[1.38373],17.7703[1.27156],10,0_69
Pref0,0.8885[0.220381],0.886588[0.221964],0.890467[0.218724],10,0_69
Signal0,0.999[0.0223383],0.999507[0.0156941],0.998479[0.0275379],10,0_69
Hybridindex,17.7072[1.27727],17.6896[1.28174],17.7247[1.2726],11,0_69
Pref0,0.88575[0.222648],0.889336[0.215886],0.882207[0.229078],11,0_69
Signal0,0.99975[0.0111775],0.999497[0.0158511],1[0],11,0_69
Hybridindex,17.7288[1.27546],17.7367[1.29872],17.7214[1.25352],12,0_69
Pref0,0.8985[0.213185],0.895942[0.21662],0.900866[0.20993],12,0_69
Signal0,1[0],1[0],1[0],12,0_69
Hybridindex,17.7108[1.24014],17.6492[1.24907],17.7747[1.22754],13,0_69
Pref0,0.8985[0.214354],0.902846[0.211035],0.893986[0.217657],13,0_69
Signal0,1[0],1[0],1[0],13,0_69
Hybridindex,17.7192[1.25252],17.713[1.23793],17.7261[1.26832],14,0_69
Pref0,0.89975[0.213483],0.898281[0.215043],0.901364[0.211744],14,0_69
Signal0,1[0],1[0],1[0],14,0_69
Hybridindex,17.6893[1.26187],17.6763[1.28013],17.7023[1.24305],15,0_69
Pref0,0.89925[0.215579],0.898904[0.219763],0.899598[0.211278],15,0_69
Signal0,1[0],1[0],1[0],15,0_69
Hybridindex,17.704[1.23284],17.6803[1.21385],17.7263[1.24997],16,0_69
Pref0,0.89325[0.217898],0.896694[0.216015],0.890019[0.2196],16,0_69
Signal0,1[0],1[0],1[0],16,0_69
Hybridindex,17.6977[1.2554],17.6738[1.26203],17.723[1.24786],17,0_69
Pref0,0.894[0.215091],0.885102[0.221621],0.903392[0.207562],17,0_69
Signal0,1[0],1[0],1[0],17,0_69
Hybridindex,17.6872[1.23362],17.6791[1.21761],17.6952[1.24899],18,0_69
Pref0,0.897[0.213052],0.895749[0.216389],0.898221[0.209735],18,0_69
Signal0,1[0],1[0],1[0],18,0_69
Hybridindex,17.691[1.23835],17.6737[1.22108],17.7087[1.25559],19,0_69
Pref0,0.90025[0.217773],0.902764[0.212335],0.89767[0.223186],19,0_69
Signal0,1[0],1[0],1[0],19,0_69
Hybridindex,17.7168[1.22194],17.7342[1.21436],17.6993[1.22922],20,0_69
Pref0,0.89325[0.216747],0.893393[0.217816],0.893107[0.215676],20,0_69
Signal0,1[0],1[0],1[0],20,0_69
Hybridindex,17.7595[1.20194],17.7863[1.21886],17.7305[1.18269],21,0_69
Pref0,0.89225[0.217405],0.895573[0.216987],0.888658[0.217799],21,0_69
Signal0,1[0],1[0],1[0],21,0_69
Hybridindex,17.756[1.21345],17.7719[1.23601],17.7403[1.19068],22,0_69
Pref0,0.89525[0.213078],0.896065[0.21022],0.89445[0.215846],22,0_69
Signal0,1[0],1[0],1[0],22,0_69
Hybridindex,17.7518[1.19038],17.717[1.23658],17.7916[1.13369],23,0_69
Pref0,0.8935[0.22284],0.899906[0.214729],0.886144[0.231586],23,0_69
Signal0,1[0],1[0],1[0],23,0_69
Hybridindex,17.7778[1.1607],17.7656[1.17603],17.7898[1.14517],24,0_69
Pref0,0.89525[0.215992],0.9001[0.215629],0.890438[0.216243],24,0_69
Signal0,1[0],1[0],1[0],24,0_69
Hybridindex,17.7533[1.17505],17.7687[1.17881],17.7389[1.17137],25,0_69
Pref0,0.8955[0.215243],0.89657[0.211319],0.894509[0.218813],25,0_69
Signal0,1[0],1[0],1[0],25,0_69
Hybridindex,17.7473[1.17781],17.7752[1.17056],17.7197[1.18429],26,0_69
Pref0,0.89525[0.217146],0.891851[0.217735],0.898608[0.21651],26,0_69
Signal0,1[0],1[0],1[0],26,0_69
Hybridindex,17.7617[1.16431],17.8025[1.14862],17.7218[1.17811],27,0_69
Pref0,0.8905[0.21854],0.890404[0.219869],0.890594[0.21723],27,0_69
Signal0,1[0],1[0],1[0],27,0_69
Hybridindex,17.8205[1.15186],17.8316[1.15728],17.8097[1.14646],28,0_69
Pref0,0.89625[0.215316],0.894016[0.217572],0.898422[0.213077],28,0_69
Signal0,1[0],1[0],1[0],28,0_69
Hybridindex,17.7853[1.18586],17.8579[1.19915],17.7138[1.16823],29,0_69
Pref0,0.901[0.208444],0.90625[0.20151],0.895833[0.214925],29,0_69
Signal0,1[0],1[0],1[0],29,0_69
Hybridindex,17.7987[1.15428],17.844[1.13343],17.7535[1.17303],30,0_69
Pref0,0.89975[0.216391],0.896[0.214905],0.9035[0.217802],30,0_69
Signal0,1[0],1[0],1[0],30,0_69
Hybridindex,17.8212[1.1516],17.8146[1.15385],17.8278[1.14931],31,0_69
Pref0,0.90225[0.208734],0.896293[0.213559],0.908184[0.203642],31,0_69
Signal0,1[0],1[0],1[0],31,0_69
Hybridindex,17.7895[1.16991],17.8455[1.16487],17.7347[1.17224],32,0_69
Pref0,0.90575[0.204919],0.905051[0.206155],0.906436[0.203699],32,0_69
Signal0,1[0],1[0],1[0],32,0_69
Hybridindex,17.8025[1.1742],17.8216[1.1694],17.7834[1.17865],33,0_69
Pref0,0.90425[0.209062],0.903307[0.212153],0.90519[0.205933],33,0_69
Signal0,1[0],1[0],1[0],33,0_69
Hybridindex,17.8245[1.1622],17.8191[1.19416],17.83[1.1289],34,0_69
Pref0,0.9095[0.201395],0.911531[0.199717],0.907445[0.203057],34,0_69
Signal0,1[0],1[0],1[0],34,0_69
Hybridindex,17.7772[1.1255],17.7924[1.1306],17.7619[1.12008],35,0_69
Pref0,0.91425[0.196906],0.912289[0.199075],0.916246[0.194652],35,0_69
Signal0,1[0],1[0],1[0],35,0_69
Hybridindex,17.7583[1.14354],17.8005[1.13686],17.716[1.14863],36,0_69
Pref0,0.91125[0.19748],0.9095[0.201395],0.913[0.193471],36,0_69
Signal0,1[0],1[0],1[0],36,0_69
Hybridindex,17.766[1.12505],17.8097[1.1008],17.7233[1.14663],37,0_69
Pref0,0.9115[0.201042],0.915992[0.194893],0.907115[0.206775],37,0_69
Signal0,1[0],1[0],1[0],37,0_69
Hybridindex,17.7722[1.13655],17.7771[1.15793],17.7673[1.11403],38,0_69
Pref0,0.90775[0.202151],0.908465[0.202074],0.907012[0.202227],38,0_69
Signal0,1[0],1[0],1[0],38,0_69
Hybridindex,17.742[1.15019],17.7471[1.15351],17.7363[1.14648],39,0_69
Pref0,0.9075[0.206019],0.908095[0.206746],0.906842[0.20521],39,0_69
Signal0,1[0],1[0],1[0],39,0_69
Hybridindex,17.758[1.13487],17.7469[1.12402],17.7686[1.14507],40,0_69
Pref0,0.908[0.203804],0.90593[0.20561],0.90998[0.20204],40,0_69
Signal0,1[0],1[0],1[0],40,0_69
Hybridindex,17.732[1.13465],17.7328[1.17577],17.7312[1.09038],41,0_69
Pref0,0.91025[0.20142],0.912083[0.201618],0.90835[0.201197],41,0_69
Signal0,1[0],1[0],1[0],41,0_69
Hybridindex,17.7525[1.12672],17.7611[1.11646],17.744[1.1367],42,0_69
Pref0,0.90825[0.205443],0.906942[0.207122],0.909543[0.203763],42,0_69
Signal0,1[0],1[0],1[0],42,0_69
Hybridindex,17.7365[1.14207],17.7345[1.14794],17.7385[1.13618],43,0_69
Pref0,0.916[0.195433],0.908818[0.199454],0.923154[0.191075],43,0_69
Signal0,1[0],1[0],1[0],43,0_69
Hybridindex,17.732[1.12358],17.7914[1.10737],17.6744[1.13612],44,0_69
Pref0,0.916[0.194792],0.914213[0.195121],0.917734[0.194457],44,0_69
Signal0,1[0],1[0],1[0],44,0_69
Hybridindex,17.7662[1.13004],17.78[1.12913],17.7529[1.13075],45,0_69
Pref0,0.9135[0.196895],0.908859[0.202059],0.917976[0.191676],45,0_69
Signal0,1[0],1[0],1[0],45,0_69
Hybridindex,17.7733[1.14016],17.781[1.14885],17.7656[1.13147],46,0_69
Pref0,0.9115[0.201662],0.913897[0.196618],0.909136[0.206488],46,0_69
Signal0,1[0],1[0],1[0],46,0_69
Hybridindex,17.735[1.1438],17.7919[1.12358],17.6771[1.16117],47,0_69
Pref0,0.9135[0.202528],0.915263[0.202817],0.911705[0.202218],47,0_69
Signal0,1[0],1[0],1[0],47,0_69
Hybridindex,17.739[1.11653],17.7815[1.10363],17.6951[1.128],48,0_69
Pref0,0.907[0.2064],0.907972[0.207263],0.905996[0.2055],48,0_69
Signal0,1[0],1[0],1[0],48,0_69
Hybridindex,17.7305[1.13164],17.7322[1.14219],17.7288[1.12049],49,0_69
Pref0,0.8975[0.215044],0.896383[0.215519],0.898669[0.214539],49,0_69
Signal0,1[0],1[0],1[0],49,0_69
Hybridindex,17.729[1.12453],17.7686[1.10478],17.692[1.14142],50,0_69
Pref0,0.8995[0.211305],0.899068[0.211984],0.899903[0.210668],50,0_69
Signal0,1[0],1[0],1[0],50,0_69
Hybridindex,17.7243[1.13923],17.7425[1.14911],17.7061[1.129],51,0_69
Pref0,0.89725[0.217526],0.890281[0.222113],0.904192[0.212631],51,0_69
Signal0,1[0],1[0],1[0],51,0_69
Hybridindex,17.7437[1.11813],17.7392[1.117],17.7483[1.11923],52,0_69
Pref0,0.89575[0.212737],0.89426[0.211448],0.897219[0.21399],52,0_69
Signal0,1[0],1[0],1[0],52,0_69
Hybridindex,17.7748[1.09151],17.7687[1.09724],17.7809[1.08565],53,0_69
Pref0,0.89575[0.216811],0.89403[0.220727],0.897487[0.212768],53,0_69
Signal0,1[0],1[0],1[0],53,0_69
Hybridindex,17.783[1.09392],17.8071[1.07585],17.7588[1.11128],54,0_69
Pref0,0.8935[0.213677],0.891825[0.2165],0.895186[0.210785],54,0_69
Signal0,1[0],1[0],1[0],54,0_69
Hybridindex,17.7602[1.09882],17.7512[1.10331],17.7695[1.09412],55,0_69
Pref0,0.8935[0.219449],0.898121[0.214477],0.888777[0.224319],55,0_69
Signal0,1[0],1[0],1[0],55,0_69
Hybridindex,17.729[1.10128],17.7573[1.10797],17.7014[1.09401],56,0_69
Pref0,0.8925[0.218961],0.899189[0.209257],0.885982[0.227829],56,0_69
Signal0,1[0],1[0],1[0],56,0_69
Hybridindex,17.731[1.11642],17.7156[1.12409],17.7456[1.10889],57,0_69
Pref0,0.89775[0.215453],0.904517[0.207953],0.891326[0.222148],57,0_69
Signal0,1[0],1[0],1[0],57,0_69
Hybridindex,17.6818[1.13835],17.7036[1.15202],17.66[1.12418],58,0_69
Pref0,0.89525[0.215412],0.90321[0.208663],0.887338[0.221634],58,0_69
Signal0,1[0],1[0],1[0],58,0_69
Hybridindex,17.668[1.12917],17.6513[1.18658],17.6846[1.06867],59,0_69
Pref0,0.889[0.223448],0.8998[0.214644],0.878244[0.231384],59,0_69
Signal0,1[0],1[0],1[0],59,0_69
Hybridindex,17.634[1.13943],17.6592[1.13246],17.6095[1.14563],60,0_69
Pref0,0.89575[0.215074],0.894523[0.216065],0.896943[0.2141],60,0_69
Signal0,1[0],1[0],1[0],60,0_69
Hybridindex,17.6515[1.13789],17.6899[1.13786],17.6112[1.13652],61,0_69
Pref0,0.892[0.216416],0.895996[0.210035],0.887807[0.222838],61,0_69
Signal0,1[0],1[0],1[0],61,0_69
Hybridindex,17.692[1.14886],17.6556[1.19374],17.727[1.1029],62,0_69
Pref0,0.8875[0.21816],0.887245[0.218507],0.887745[0.217825],62,0_69
Signal0,1[0],1[0],1[0],62,0_69
Hybridindex,17.715[1.11637],17.7487[1.09399],17.6827[1.13647],63,0_69
Pref0,0.884[0.227583],0.87998[0.231899],0.887855[0.223299],63,0_69
Signal0,1[0],1[0],1[0],63,0_69
Hybridindex,17.7428[1.10508],17.7394[1.07527],17.7461[1.1333],64,0_69
Pref0,0.882[0.229295],0.891988[0.223486],0.872288[0.234397],64,0_69
Signal0,1[0],1[0],1[0],64,0_69
Hybridindex,17.7473[1.12627],17.7691[1.14248],17.7262[1.11004],65,0_69
Pref0,0.88625[0.226795],0.890418[0.219976],0.882237[0.233101],65,0_69
Signal0,1[0],1[0],1[0],65,0_69
Hybridindex,17.7415[1.09084],17.6986[1.13545],17.785[1.04185],66,0_69
Pref0,0.882[0.223217],0.879345[0.218532],0.884693[0.227839],66,0_69
Signal0,1[0],1[0],1[0],66,0_69
Hybridindex,17.7605[1.093],17.7664[1.08055],17.7545[1.10541],67,0_69
Pref0,0.8755[0.235053],0.871769[0.2369],0.879276[0.233108],67,0_69
Signal0,1[0],1[0],1[0],67,0_69
Hybridindex,17.796[1.09927],17.7822[1.09649],17.8095[1.10179],68,0_69
Pref0,0.86525[0.243346],0.860689[0.249812],0.869694[0.236792],68,0_69
Signal0,1[0],1[0],1[0],68,0_69
Hybridindex,17.8053[1.10259],17.8523[1.10593],17.7556[1.09687],69,0_69
Pref0,0.8605[0.249078],0.855263[0.251228],0.866016[0.246672],69,0_69
Signal0,1[0],1[0],1[0],69,0_69
Hybridindex,17.8223[1.07705],17.8195[1.05408],17.8251[1.10002],70,0_69
Pref0,0.863[0.24542],0.860534[0.247311],0.865521[0.243446],70,0_69
Signal0,1[0],1[0],1[0],70,0_69
Hybridindex,17.815[1.09637],17.8143[1.09617],17.8157[1.09656],71,0_69
Pref0,0.86375[0.239919],0.865385[0.23934],0.862154[0.240472],71,0_69
Signal0,1[0],1[0],1[0],71,0_69
Hybridindex,17.8188[1.09329],17.833[1.08403],17.8051[1.10191],72,0_69
Pref0,0.8675[0.244834],0.865169[0.247979],0.869736[0.241759],72,0_69
Signal0,1[0],1[0],1[0],72,0_69
Hybridindex,17.7785[1.10383],17.7621[1.07832],17.794[1.12716],73,0_69
Pref0,0.85725[0.247987],0.856334[0.246935],0.858115[0.248972],73,0_69
Signal0,1[0],1[0],1[0],73,0_69
Hybridindex,17.8065[1.08215],17.7864[1.07276],17.8268[1.09116],74,0_69
Pref0,0.85075[0.253672],0.851096[0.251467],0.850402[0.255874],74,0_69
Signal0,1[0],1[0],1[0],74,0_69
Hybridindex,17.7812[1.09614],17.7959[1.08481],17.7673[1.10663],75,0_69
Pref0,0.85325[0.249178],0.864103[0.240179],0.842927[0.257021],75,0_69
Signal0,1[0],1[0],1[0],75,0_69
Hybridindex,17.742[1.1278],17.7412[1.11359],17.7429[1.14322],76,0_69
Pref0,0.85525[0.252829],0.850048[0.254768],0.860965[0.250556],76,0_69
Signal0,1[0],1[0],1[0],76,0_69
Hybridindex,17.7398[1.14407],17.7379[1.16763],17.7416[1.12049],77,0_69
Pref0,0.86175[0.248016],0.863636[0.246369],0.859901[0.249606],77,0_69
Signal0,1[0],1[0],1[0],77,0_69
Hybridindex,17.7407[1.15105],17.7523[1.13071],17.7294[1.17065],78,0_69
Pref0,0.85675[0.247698],0.853474[0.246691],0.85998[0.248645],78,0_69
Signal0,1[0],1[0],1[0],78,0_69
Hybridindex,17.7712[1.10138],17.7666[1.06453],17.7757[1.13559],79,0_69
Pref0,0.85275[0.253855],0.855465[0.251245],0.850147[0.256306],79,0_69
Signal0,1[0],1[0],1[0],79,0_69
Hybridindex,17.7335[1.11399],17.6832[1.11901],17.7845[1.10655],80,0_69
Pref0,0.853[0.249782],0.840119[0.2594],0.866062[0.238927],80,0_69
Signal0,1[0],1[0],1[0],80,0_69
Hybridindex,17.7628[1.10582],17.7848[1.11207],17.7411[1.09921],81,0_69
Pref0,0.853[0.250781],0.854839[0.2512],0.85119[0.250354],81,0_69
Signal0,1[0],1[0],1[0],81,0_69
Hybridindex,17.761[1.09311],17.7208[1.08316],17.8034[1.10189],82,0_69
Pref0,0.85675[0.248202],0.869396[0.241823],0.843429[0.254069],82,0_69
Signal0,1[0],1[0],1[0],82,0_69
Hybridindex,17.7722[1.09795],17.757[1.10588],17.7884[1.08922],83,0_69
Pref0,0.85875[0.243769],0.8516[0.249723],0.866357[0.237034],83,0_69
Signal0,1[0],1[0],1[0],83,0_69
Hybridindex,17.796[1.1046],17.8348[1.10588],17.7579[1.10201],84,0_69
Pref0,0.86175[0.247006],0.864646[0.249975],0.858911[0.244027],84,0_69
Signal0,1[0],1[0],1[0],84,0_69
Hybridindex,17.798[1.05792],17.8085[1.05165],17.7872[1.06421],85,0_69
Pref0,0.8655[0.246292],0.864265[0.244559],0.866768[0.248052],85,0_69
Signal0,1[0],1[0],1[0],85,0_69
Hybridindex,17.7928[1.06509],17.7996[1.04143],17.7862[1.08721],86,0_69
Pref0,0.87525[0.230895],0.870143[0.242491],0.880137[0.219113],86,0_69
Signal0,1[0],1[0],1[0],86,0_69
Hybridindex,17.786[1.05733],17.7803[1.07763],17.7915[1.03731],87,0_69
Pref0,0.87725[0.234643],0.877925[0.231873],0.876598[0.237288],87,0_69
Signal0,1[0],1[0],1[0],87,0_69
Hybridindex,17.767[1.06979],17.7687[1.09042],17.7653[1.04872],88,0_69
Pref0,0.87675[0.237033],0.872128[0.240986],0.881381[0.232912],88,0_69
Signal0,1[0],1[0],1[0],88,0_69
Hybridindex,17.7748[1.06894],17.7759[1.10157],17.7735[1.03228],89,0_69
Pref0,0.87075[0.238053],0.872841[0.235728],0.868476[0.240537],89,0_69
Signal0,1[0],1[0],1[0],89,0_69
Hybridindex,17.7673[1.0624],17.7944[1.09775],17.7387[1.02323],90,0_69
Pref0,0.87775[0.233302],0.870117[0.238455],0.885758[0.227495],90,0_69
Signal0,1[0],1[0],1[0],90,0_69
Hybridindex,17.7812[1.06102],17.8062[1.0616],17.7571[1.05991],91,0_69
Pref0,0.8755[0.2313],0.879959[0.226287],0.87119[0.235965],91,0_69
Signal0,1[0],1[0],1[0],91,0_69
Hybridindex,17.7832[1.07489],17.7754[1.0802],17.7909[1.06965],92,0_69
Pref0,0.87375[0.235448],0.871704[0.237295],0.87574[0.233622],92,0_69
Signal0,1[0],1[0],1[0],92,0_69
Hybridindex,17.788[1.05395],17.8261[1.03873],17.7507[1.06731],93,0_69
Pref0,0.87125[0.234091],0.873104[0.232202],0.869436[0.23591],93,0_69
Signal0,1[0],1[0],1[0],93,0_69
Hybridindex,17.8227[1.06241],17.8211[1.05715],17.8244[1.06762],94,0_69
Pref0,0.8705[0.242857],0.871743[0.243314],0.869261[0.242396],94,0_69
Signal0,1[0],1[0],1[0],94,0_69
Hybridindex,17.8175[1.07165],17.7899[1.05712],17.846[1.08572],95,0_69
Pref0,0.86625[0.23924],0.877953[0.224849],0.854167[0.252675],95,0_69
Signal0,1[0],1[0],1[0],95,0_69
Hybridindex,17.7748[1.07419],17.8119[1.06],17.7392[1.08641],96,0_69
Pref0,0.864[0.242392],0.862986[0.246945],0.864971[0.23795],96,0_69
Signal0,1[0],1[0],1[0],96,0_69
Hybridindex,17.7475[1.1017],17.7128[1.12286],17.7814[1.07952],97,0_69
Pref0,0.8685[0.237608],0.862993[0.243594],0.873887[0.231476],97,0_69
Signal0,1[0],1[0],1[0],97,0_69
Hybridindex,17.744[1.09394],17.7859[1.07589],17.7036[1.10955],98,0_69
Pref0,0.87[0.237382],0.869521[0.238494],0.870461[0.236305],98,0_69
Signal0,1[0],1[0],1[0],98,0_69
Hybridindex,17.7078[1.12003],17.7135[1.11109],17.7023[1.12839],99,0_69
Pref0,0.86775[0.239552],0.867284[0.241905],0.868191[0.237304],99,0_69
Signal0,1[0],1[0],1[0],99,0_69
Hybridindex,17.6945[1.12224],17.6662[1.13274],17.7238[1.11051],100,0_69
Pref0,0.8735[0.235048],0.875615[0.233639],0.871312[0.236478],100,0_69
Signal0,1[0],1[0],1[0],100,0_69
Hybridindex,12.48[8.24315],12.7495[8.20326],12.1984[8.27527],1,0_7
Pref0,0.624[0.412158],0.637476[0.410163],0.609918[0.413763],1,0_7
Signal0,0.624[0.412158],0.637476[0.410163],0.609918[0.413763],1,0_7
Hybridindex,15.2605[5.89562],15.3642[5.67969],15.1572[6.10136],2,0_7
Pref0,0.7685[0.32428],0.776553[0.313637],0.760479[0.334352],2,0_7
Signal0,0.761[0.326541],0.761022[0.320092],0.760978[0.33284],2,0_7
Hybridindex,16.7635[3.98476],16.7643[4.00917],16.7627[3.95852],3,0_7
Pref0,0.83925[0.267926],0.835915[0.27113],0.842813[0.264414],3,0_7
Signal0,0.8675[0.245853],0.875121[0.241788],0.859359[0.249866],3,0_7
Hybridindex,17.4175[2.58881],17.479[2.54977],17.3587[2.6242],4,0_7
Pref0,0.87275[0.234909],0.877175[0.227939],0.868524[0.241303],4,0_7
Signal0,0.929[0.17807],0.933982[0.17077],0.924242[0.184647],4,0_7
Hybridindex,17.6492[1.96567],17.6594[1.94792],17.6394[1.98269],5,0_7
Pref0,0.88325[0.230748],0.885787[0.226205],0.880788[0.235046],5,0_7
Signal0,0.96175[0.132898],0.967005[0.124132],0.95665[0.140697],5,0_7
Hybridindex,17.702[1.65346],17.7335[1.69299],17.6705[1.61235],6,0_7
Pref0,0.88475[0.22714],0.89[0.222261],0.8795[0.231797],6,0_7
Signal0,0.97725[0.104199],0.9785[0.101429],0.976[0.106883],6,0_7
Hybridindex,17.7252[1.52664],17.7591[1.5141],17.6902[1.53873],7,0_7
Pref0,0.87675[0.228986],0.878073[0.225862],0.875381[0.232165],7,0_7
Signal0,0.9865[0.0810417],0.985251[0.0845996],0.987792[0.077167],7,0_7
Hybridindex,17.684[1.45349],17.6955[1.45054],17.6735[1.4561],8,0_7
Pref0,0.87675[0.231699],0.87369[0.236877],0.879541[0.226837],8,0_7
Signal0,0.9935[0.056637],0.994235[0.0533794],0.99283[0.0594447],8,0_7
Hybridindex,17.6582[1.42858],17.7143[1.33588],17.6029[1.51257],9,0_7
Pref0,0.894[0.221955],0.888833[0.224204],0.899105[0.21959],9,0_7
Signal0,0.997[0.0386135],0.996982[0.0387291],0.997018[0.0384988],9,0_7
Hybridindex,17.6535[1.42019],17.656[1.43097],17.651[1.40933],10,0_7
Pref0,0.8925[0.214345],0.892[0.215258],0.893[0.213427],10,0_7
Signal0,0.99875[0.0249687],0.9985[0.027345],0.999[0.0223383],10,0_7
Hybridindex,17.6365[1.39968],17.6631[1.40017],17.6063[1.39852],11,0_7
Pref0,0.8855[0.224477],0.884398[0.221667],0.886752[0.227622],11,0_7
Signal0,0.9995[0.0158035],0.99953[0.0153213],0.999466[0.0163343],11,0_7
Hybridindex,17.6187[1.35288],17.6307[1.36078],17.6071[1.34503],12,0_7
Pref0,0.888[0.220694],0.888045[0.222537],0.887957[0.218884],12,0_7
Signal0,0.99975[0.0111775],1[0],0.999506[0.0157018],12,0_7
Hybridindex,17.5897[1.36357],17.5654[1.38857],17.615[1.33675],13,0_7
Pref0,0.889[0.222326],0.891347[0.220047],0.886572[0.224634],13,0_7
Signal0,1[0],1[0],1[0],13,0_7
Hybridindex,17.6002[1.30837],17.6506[1.2855],17.5513[1.32839],14,0_7
Pref0,0.88625[0.219513],0.883874[0.22282],0.88856[0.216224],14,0_7
Signal0,1[0],1[0],1[0],14,0_7
Hybridindex,17.6135[1.3283],17.5934[1.34703],17.6328[1.30975],15,0_7
Pref0,0.89625[0.219911],0.901531[0.214875],0.891176[0.224527],15,0_7
Signal0,1[0],1[0],1[0],15,0_7
Hybridindex,17.6013[1.28914],17.6194[1.26124],17.5829[1.31646],16,0_7
Pref0,0.89375[0.211745],0.90398[0.201941],0.883417[0.220726],16,0_7
Signal0,1[0],1[0],1[0],16,0_7
Hybridindex,17.565[1.30557],17.5932[1.30239],17.5381[1.30803],17,0_7
Pref0,0.8885[0.217526],0.881148[0.221103],0.895508[0.213827],17,0_7
Signal0,1[0],1[0],1[0],17,0_7
Hybridindex,17.524[1.29554],17.5277[1.31705],17.5204[1.27396],18,0_7
Pref0,0.899[0.21459],0.903827[0.215384],0.89424[0.213698],18,0_7
Signal0,1[0],1[0],1[0],18,0_7
Hybridindex,17.5205[1.2591],17.5291[1.25293],17.5117[1.26536],19,0_7
Pref0,0.91075[0.201642],0.917734[0.196974],0.903553[0.206094],19,0_7
Signal0,1[0],1[0],1[0],19,0_7
Hybridindex,17.4782[1.29389],17.4757[1.27782],17.4808[1.31008],20,0_7
Pref0,0.90975[0.205499],0.911386[0.205901],0.908081[0.205075],20,0_7
Signal0,1[0],1[0],1[0],20,0_7
Hybridindex,17.4545[1.3018],17.4549[1.24993],17.4541[1.35586],21,0_7
Pref0,0.9045[0.208278],0.917867[0.197797],0.88999[0.218163],21,0_7
Signal0,1[0],1[0],1[0],21,0_7
Hybridindex,17.4513[1.2853],17.4577[1.29252],17.4447[1.27794],22,0_7
Pref0,0.89575[0.212737],0.899005[0.206846],0.892462[0.218477],22,0_7
Signal0,1[0],1[0],1[0],22,0_7
Hybridindex,17.395[1.27847],17.4268[1.27555],17.3634[1.28057],23,0_7
Pref0,0.89875[0.215345],0.90321[0.214588],0.894317[0.216004],23,0_7
Signal0,1[0],1[0],1[0],23,0_7
Hybridindex,17.3962[1.26436],17.4166[1.26326],17.3756[1.26515],24,0_7
Pref0,0.89575[0.217387],0.894737[0.214523],0.896777[0.220248],24,0_7
Signal0,1[0],1[0],1[0],24,0_7
Hybridindex,17.4165[1.26076],17.3923[1.258],17.4415[1.26314],25,0_7
Pref0,0.89825[0.213359],0.896264[0.217941],0.900305[0.208492],25,0_7
Signal0,1[0],1[0],1[0],25,0_7
Hybridindex,17.4518[1.24922],17.4815[1.23344],17.4218[1.26416],26,0_7
Pref0,0.88925[0.220475],0.883234[0.224138],0.895291[0.216568],26,0_7
Signal0,1[0],1[0],1[0],26,0_7
Hybridindex,17.4737[1.25755],17.4323[1.30129],17.5132[1.21317],27,0_7
Pref0,0.88725[0.227843],0.886667[0.231443],0.887805[0.224364],27,0_7
Signal0,1[0],1[0],1[0],27,0_7
Hybridindex,17.4875[1.24964],17.5697[1.27319],17.4034[1.21938],28,0_7
Pref0,0.87875[0.231135],0.882295[0.225683],0.875126[0.236524],28,0_7
Signal0,1[0],1[0],1[0],28,0_7
Hybridindex,17.5328[1.24511],17.5031[1.28986],17.5609[1.20041],29,0_7
Pref0,0.8765[0.230212],0.873717[0.232094],0.879142[0.22838],29,0_7
Signal0,1[0],1[0],1[0],29,0_7
Hybridindex,17.5495[1.24992],17.5503[1.21933],17.5487[1.28002],30,0_7
Pref0,0.8805[0.227969],0.885956[0.226905],0.875[0.228904],30,0_7
Signal0,1[0],1[0],1[0],30,0_7
Hybridindex,17.5768[1.24849],17.5647[1.27171],17.5884[1.22556],31,0_7
Pref0,0.8835[0.230603],0.878819[0.235754],0.888016[0.225431],31,0_7
Signal0,1[0],1[0],1[0],31,0_7
Hybridindex,17.615[1.19333],17.6168[1.18811],17.6131[1.19862],32,0_7
Pref0,0.883[0.228716],0.879208[0.233915],0.886869[0.223221],32,0_7
Signal0,1[0],1[0],1[0],32,0_7
Hybridindex,17.6247[1.17487],17.6158[1.18651],17.6343[1.16235],33,0_7
Pref0,0.88075[0.227825],0.875486[0.231436],0.886317[0.223809],33,0_7
Signal0,1[0],1[0],1[0],33,0_7
Hybridindex,17.5963[1.19556],17.5737[1.197],17.619[1.19367],34,0_7
Pref0,0.8835[0.224561],0.892928[0.211096],0.873996[0.236983],34,0_7
Signal0,1[0],1[0],1[0],34,0_7
Hybridindex,17.5852[1.17425],17.6053[1.17919],17.5659[1.16912],35,0_7
Pref0,0.8845[0.22172],0.883011[0.221082],0.885939[0.222326],35,0_7
Signal0,1[0],1[0],1[0],35,0_7
Hybridindex,17.5625[1.2043],17.5275[1.22841],17.5975[1.17866],36,0_7
Pref0,0.88325[0.230205],0.892[0.226574],0.8745[0.233452],36,0_7
Signal0,1[0],1[0],1[0],36,0_7
Hybridindex,17.567[1.22352],17.6286[1.1824],17.5088[1.2584],37,0_7
Pref0,0.88725[0.221726],0.886831[0.223495],0.887646[0.22004],37,0_7
Signal0,1[0],1[0],1[0],37,0_7
Hybridindex,17.5175[1.25865],17.5474[1.26726],17.4887[1.24961],38,0_7
Pref0,0.8905[0.220816],0.887984[0.223785],0.892927[0.217887],38,0_7
Signal0,1[0],1[0],1[0],38,0_7
Hybridindex,17.503[1.2482],17.4829[1.22975],17.5228[1.2658],39,0_7
Pref0,0.8885[0.222638],0.876133[0.231603],0.900695[0.212727],39,0_7
Signal0,1[0],1[0],1[0],39,0_7
Hybridindex,17.4665[1.25035],17.4854[1.23219],17.4466[1.26894],40,0_7
Pref0,0.8915[0.217894],0.88851[0.224984],0.894656[0.210105],40,0_7
Signal0,1[0],1[0],1[0],40,0_7
Hybridindex,17.481[1.23567],17.4908[1.24755],17.4717[1.22422],41,0_7
Pref0,0.89425[0.213757],0.894251[0.206685],0.89425[0.220261],41,0_7
Signal0,1[0],1[0],1[0],41,0_7
Hybridindex,17.5248[1.19416],17.5341[1.19659],17.5152[1.19159],42,0_7
Pref0,0.8925[0.217241],0.889713[0.220046],0.895349[0.214298],42,0_7
Signal0,1[0],1[0],1[0],42,0_7
Hybridindex,17.5257[1.17875],17.5433[1.20618],17.5084[1.15075],43,0_7
Pref0,0.889[0.219497],0.887324[0.222886],0.890656[0.216083],43,0_7
Signal0,1[0],1[0],1[0],43,0_7
Hybridindex,17.5347[1.19715],17.5105[1.15728],17.5591[1.23533],44,0_7
Pref0,0.87675[0.231699],0.878621[0.225724],0.874875[0.23752],44,0_7
Signal0,1[0],1[0],1[0],44,0_7
Hybridindex,17.5495[1.16825],17.5587[1.18614],17.5406[1.15076],45,0_7
Pref0,0.87325[0.227617],0.874872[0.222397],0.871694[0.232501],45,0_7
Signal0,1[0],1[0],1[0],45,0_7
Hybridindex,17.5177[1.19082],17.5069[1.19382],17.5288[1.18766],46,0_7
Pref0,0.87025[0.242466],0.871782[0.244029],0.868687[0.240851],46,0_7
Signal0,1[0],1[0],1[0],46,0_7
Hybridindex,17.5222[1.18073],17.4842[1.194],17.5612[1.1657],47,0_7
Pref0,0.855[0.248445],0.862154[0.246558],0.847672[0.250151],47,0_7
Signal0,1[0],1[0],1[0],47,0_7
Hybridindex,17.4958[1.20856],17.4661[1.24642],17.5265[1.16713],48,0_7
Pref0,0.85475[0.251053],0.85525[0.250416],0.85423[0.251712],48,0_7
Signal0,1[0],1[0],1[0],48,0_7
Hybridindex,17.533[1.21116],17.552[1.19116],17.5133[1.23132],49,0_7
Pref0,0.86125[0.245201],0.872549[0.238318],0.84949[0.251627],49,0_7
Signal0,1[0],1[0],1[0],49,0_7
Hybridindex,17.5252[1.18796],17.4695[1.2261],17.5809[1.14592],50,0_7
Pref0,0.85525[0.250345],0.855856[0.248606],0.854645[0.252066],50,0_7
Signal0,1[0],1[0],1[0],50,0_7
Hybridindex,17.4862[1.20237],17.4738[1.19318],17.498[1.21092],51,0_7
Pref0,0.85475[0.245515],0.852821[0.248338],0.856585[0.242785],51,0_7
Signal0,1[0],1[0],1[0],51,0_7
Hybridindex,17.5115[1.17893],17.5206[1.14603],17.5025[1.21054],52,0_7
Pref0,0.85225[0.24959],0.857789[0.246844],0.846766[0.252159],52,0_7
Signal0,1[0],1[0],1[0],52,0_7
Hybridindex,17.529[1.18771],17.541[1.21829],17.5167[1.15549],53,0_7
Pref0,0.84675[0.248273],0.846192[0.251273],0.847321[0.245166],53,0_7
Signal0,1[0],1[0],1[0],53,0_7
Hybridindex,17.51[1.19714],17.4925[1.21074],17.5277[1.18296],54,0_7
Pref0,0.849[0.253375],0.838469[0.259034],0.859658[0.24706],54,0_7
Signal0,1[0],1[0],1[0],54,0_7
Hybridindex,17.4932[1.19052],17.5035[1.21362],17.4832[1.16747],55,0_7
Pref0,0.847[0.257082],0.851064[0.254854],0.84304[0.259172],55,0_7
Signal0,1[0],1[0],1[0],55,0_7
Hybridindex,17.491[1.21003],17.5257[1.23354],17.4556[1.18451],56,0_7
Pref0,0.84375[0.2578],0.84604[0.253313],0.841414[0.262278],56,0_7
Signal0,1[0],1[0],1[0],56,0_7
Hybridindex,17.473[1.20188],17.4143[1.22884],17.5275[1.17367],57,0_7
Pref0,0.85675[0.252199],0.856179[0.25339],0.857281[0.251087],57,0_7
Signal0,1[0],1[0],1[0],57,0_7
Hybridindex,17.4557[1.19412],17.4796[1.17737],17.4329[1.20952],58,0_7
Pref0,0.862[0.24891],0.865679[0.244629],0.858472[0.252896],58,0_7
Signal0,1[0],1[0],1[0],58,0_7
Hybridindex,17.4578[1.17807],17.4503[1.20841],17.4653[1.14649],59,0_7
Pref0,0.85975[0.244857],0.861829[0.244815],0.857646[0.244881],59,0_7
Signal0,1[0],1[0],1[0],59,0_7
Hybridindex,17.4505[1.13822],17.403[1.14094],17.5005[1.1332],60,0_7
Pref0,0.862[0.246386],0.857212[0.249427],0.867043[0.243039],60,0_7
Signal0,1[0],1[0],1[0],60,0_7
Hybridindex,17.4305[1.11206],17.4752[1.1298],17.3852[1.09191],61,0_7
Pref0,0.85875[0.242742],0.854518[0.245995],0.863041[0.239321],61,0_7
Signal0,1[0],1[0],1[0],61,0_7
Hybridindex,17.438[1.14637],17.4531[1.16069],17.4232[1.13193],62,0_7
Pref0,0.855[0.247437],0.860747[0.237254],0.849356[0.25692],62,0_7
Signal0,1[0],1[0],1[0],62,0_7
Hybridindex,17.4743[1.20446],17.4639[1.16847],17.4843[1.23823],63,0_7
Pref0,0.858[0.249171],0.859248[0.246429],0.856791[0.251791],63,0_7
Signal0,1[0],1[0],1[0],63,0_7
Hybridindex,17.4638[1.16825],17.4599[1.19039],17.4676[1.14516],64,0_7
Pref0,0.851[0.248594],0.850148[0.249723],0.851871[0.247432],64,0_7
Signal0,1[0],1[0],1[0],64,0_7
Hybridindex,17.5025[1.18437],17.515[1.19709],17.4892[1.17057],65,0_7
Pref0,0.8455[0.253239],0.851942[0.249604],0.83866[0.256865],65,0_7
Signal0,1[0],1[0],1[0],65,0_7
Hybridindex,17.5[1.18649],17.5103[1.16958],17.4893[1.20377],66,0_7
Pref0,0.84275[0.260571],0.84525[0.261933],0.840143[0.259118],66,0_7
Signal0,1[0],1[0],1[0],66,0_7
Hybridindex,17.4655[1.18609],17.493[1.18031],17.4382[1.19118],67,0_7
Pref0,0.84525[0.254318],0.853059[0.246791],0.837488[0.261353],67,0_7
Signal0,1[0],1[0],1[0],67,0_7
Hybridindex,17.4755[1.18876],17.4819[1.22111],17.4688[1.15395],68,0_7
Pref0,0.84375[0.255364],0.849315[0.251793],0.837935[0.258916],68,0_7
Signal0,1[0],1[0],1[0],68,0_7
Hybridindex,17.4748[1.20954],17.5035[1.1855],17.4456[1.23276],69,0_7
Pref0,0.83975[0.260183],0.846574[0.253174],0.83283[0.266924],69,0_7
Signal0,1[0],1[0],1[0],69,0_7
Hybridindex,17.4788[1.18961],17.4738[1.15797],17.4836[1.21987],70,0_7
Pref0,0.84225[0.257856],0.843088[0.262623],0.841427[0.253085],70,0_7
Signal0,1[0],1[0],1[0],70,0_7
Hybridindex,17.497[1.16619],17.4865[1.14381],17.5068[1.18662],71,0_7
Pref0,0.842[0.259395],0.847308[0.25176],0.837041[0.266236],71,0_7
Signal0,1[0],1[0],1[0],71,0_7
Hybridindex,17.4623[1.17205],17.4477[1.15109],17.4772[1.193],72,0_7
Pref0,0.8405[0.265631],0.84156[0.264408],0.839412[0.266876],72,0_7
Signal0,1[0],1[0],1[0],72,0_7
Hybridindex,17.493[1.18467],17.4951[1.15673],17.4908[1.21335],73,0_7
Pref0,0.8405[0.258476],0.843902[0.257615],0.836923[0.25933],73,0_7
Signal0,1[0],1[0],1[0],73,0_7
Hybridindex,17.4892[1.17378],17.4847[1.15821],17.4936[1.18851],74,0_7
Pref0,0.8345[0.263837],0.840143[0.261082],0.829089[0.266339],74,0_7
Signal0,1[0],1[0],1[0],74,0_7
Hybridindex,17.4722[1.15579],17.4557[1.13215],17.4879[1.17745],75,0_7
Pref0,0.82925[0.265931],0.834192[0.265226],0.824587[0.266511],75,0_7
Signal0,1[0],1[0],1[0],75,0_7
Hybridindex,17.542[1.16436],17.5307[1.18403],17.5535[1.14387],76,0_7
Pref0,0.831[0.263038],0.822597[0.268507],0.839556[0.257068],76,0_7
Signal0,1[0],1[0],1[0],76,0_7
Hybridindex,17.521[1.1721],17.5208[1.18825],17.5212[1.15538],77,0_7
Pref0,0.83725[0.261031],0.826733[0.268251],0.84798[0.253004],77,0_7
Signal0,1[0],1[0],1[0],77,0_7
Hybridindex,17.5422[1.15579],17.5348[1.13522],17.5502[1.17731],78,0_7
Pref0,0.83675[0.26263],0.834947[0.258652],0.838676[0.266801],78,0_7
Signal0,1[0],1[0],1[0],78,0_7
Hybridindex,17.5343[1.16938],17.5379[1.1588],17.5308[1.17936],79,0_7
Pref0,0.84175[0.26331],0.83043[0.273835],0.852539[0.252397],79,0_7
Signal0,1[0],1[0],1[0],79,0_7
Hybridindex,17.5583[1.14345],17.5576[1.17097],17.5589[1.11536],80,0_7
Pref0,0.84175[0.254621],0.828657[0.264273],0.85479[0.243932],80,0_7
Signal0,1[0],1[0],1[0],80,0_7
Hybridindex,17.572[1.14491],17.5778[1.11543],17.5657[1.17647],81,0_7
Pref0,0.84025[0.256135],0.843511[0.255355],0.83666[0.256943],81,0_7
Signal0,1[0],1[0],1[0],81,0_7
Hybridindex,17.6035[1.11559],17.61[1.096],17.5965[1.13622],82,0_7
Pref0,0.84275[0.262007],0.841216[0.260179],0.844398[0.263947],82,0_7
Signal0,1[0],1[0],1[0],82,0_7
Hybridindex,17.6285[1.08972],17.7059[1.09624],17.554[1.07817],83,0_7
Pref0,0.842[0.256975],0.830785[0.264074],0.852797[0.249473],83,0_7
Signal0,1[0],1[0],1[0],83,0_7
Hybridindex,17.671[1.0887],17.7121[1.07295],17.6318[1.10207],84,0_7
Pref0,0.845[0.262631],0.839139[0.270179],0.850586[0.255103],84,0_7
Signal0,1[0],1[0],1[0],84,0_7
Hybridindex,17.7022[1.11331],17.7233[1.10888],17.6808[1.11742],85,0_7
Pref0,0.85025[0.255343],0.847525[0.256632],0.85303[0.25399],85,0_7
Signal0,1[0],1[0],1[0],85,0_7
Hybridindex,17.698[1.10478],17.7233[1.09381],17.6752[1.11407],86,0_7
Pref0,0.8555[0.245703],0.854277[0.244021],0.8566[0.2472],86,0_7
Signal0,1[0],1[0],1[0],86,0_7
Hybridindex,17.7052[1.0975],17.6905[1.05587],17.7191[1.13483],87,0_7
Pref0,0.8525[0.240299],0.849379[0.245739],0.855416[0.235066],87,0_7
Signal0,1[0],1[0],1[0],87,0_7
Hybridindex,17.7097[1.09105],17.6955[1.08808],17.7241[1.09385],88,0_7
Pref0,0.85375[0.24543],0.865174[0.240193],0.842211[0.25008],88,0_7
Signal0,1[0],1[0],1[0],88,0_7
Hybridindex,17.659[1.07341],17.6927[1.04591],17.6257[1.09891],89,0_7
Pref0,0.856[0.245487],0.860161[0.237488],0.851889[0.253075],89,0_7
Signal0,1[0],1[0],1[0],89,0_7
Hybridindex,17.6582[1.06552],17.6626[1.07015],17.6538[1.06068],90,0_7
Pref0,0.856[0.24701],0.850196[0.247591],0.862016[0.246262],90,0_7
Signal0,1[0],1[0],1[0],90,0_7
Hybridindex,17.6445[1.06201],17.6044[1.06264],17.6847[1.05986],91,0_7
Pref0,0.8525[0.249987],0.855644[0.248654],0.849349[0.251277],91,0_7
Signal0,1[0],1[0],1[0],91,0_7
Hybridindex,17.6567[1.10354],17.6209[1.13067],17.6951[1.07241],92,0_7
Pref0,0.854[0.250866],0.848162[0.254859],0.860248[0.246368],92,0_7
Signal0,1[0],1[0],1[0],92,0_7
Hybridindex,17.649[1.11951],17.6782[1.11828],17.618[1.11998],93,0_7
Pref0,0.8455[0.256671],0.83932[0.258182],0.852062[0.254892],93,0_7
Signal0,1[0],1[0],1[0],93,0_7
Hybridindex,17.6653[1.11952],17.6646[1.08632],17.6658[1.15057],94,0_7
Pref0,0.8415[0.256667],0.848624[0.257943],0.834642[0.255244],94,0_7
Signal0,1[0],1[0],1[0],94,0_7
Hybridindex,17.6468[1.08896],17.6109[1.122],17.682[1.05425],95,0_7
Pref0,0.8365[0.25936],0.833669[0.266692],0.839286[0.251906],95,0_7
Signal0,1[0],1[0],1[0],95,0_7
Hybridindex,17.6683[1.11896],17.6621[1.11645],17.6746[1.12148],96,0_7
Pref0,0.84075[0.255958],0.846838[0.252966],0.834514[0.258838],96,0_7
Signal0,1[0],1[0],1[0],96,0_7
Hybridindex,17.6382[1.08847],17.6715[1.09712],17.6056[1.0789],97,0_7
Pref0,0.8525[0.249987],0.853179[0.249899],0.851833[0.250073],97,0_7
Signal0,1[0],1[0],1[0],97,0_7
Hybridindex,17.6258[1.08884],17.6023[1.10231],17.6488[1.07491],98,0_7
Pref0,0.8515[0.251392],0.84627[0.258536],0.856647[0.244047],98,0_7
Signal0,1[0],1[0],1[0],98,0_7
Hybridindex,17.6258[1.09616],17.6318[1.08595],17.6198[1.1062],99,0_7
Pref0,0.84375[0.254874],0.852204[0.244068],0.835329[0.264932],99,0_7
Signal0,1[0],1[0],1[0],99,0_7
Hybridindex,17.616[1.06878],17.6302[1.06514],17.6003[1.07256],100,0_7
Pref0,0.834[0.262095],0.835878[0.260781],0.831933[0.263519],100,0_7
Signal0,1[0],1[0],1[0],100,0_7
Hybridindex,12.435[8.19883],12.5857[8.11123],12.2778[8.28627],1,0_70
Pref0,0.62175[0.409941],0.629285[0.405562],0.613892[0.414314],1,0_70
Signal0,0.62175[0.409941],0.629285[0.405562],0.613892[0.414314],1,0_70
Hybridindex,15.1585[5.99849],15.0149[6.01597],15.3051[5.97705],2,0_70
Pref0,0.757[0.331965],0.745545[0.333159],0.768687[0.330334],2,0_70
Signal0,0.75325[0.331269],0.740594[0.333798],0.766162[0.328167],2,0_70
Hybridindex,17.0203[3.73212],17.0099[3.76413],17.0309[3.69894],3,0_70
Pref0,0.8515[0.253866],0.845508[0.254422],0.857649[0.253146],3,0_70
Signal0,0.87275[0.24121],0.871668[0.241983],0.87386[0.24041],3,0_70
Hybridindex,17.6442[2.3783],17.6235[2.37877],17.6652[2.37764],4,0_70
Pref0,0.879[0.230454],0.878984[0.228773],0.879016[0.232136],4,0_70
Signal0,0.938[0.167051],0.943725[0.161142],0.932229[0.172611],4,0_70
Hybridindex,17.78[1.86537],17.7783[1.84589],17.7818[1.8853],5,0_70
Pref0,0.89275[0.220505],0.893314[0.221007],0.892167[0.219983],5,0_70
Signal0,0.96775[0.122821],0.96706[0.124036],0.968464[0.121546],5,0_70
Hybridindex,17.812[1.629],17.7985[1.62228],17.8269[1.63623],6,0_70
Pref0,0.90475[0.204456],0.897326[0.207805],0.912907[0.200396],6,0_70
Signal0,0.98375[0.0886619],0.985196[0.0847522],0.982162[0.0927415],6,0_70
Hybridindex,17.8287[1.47345],17.8858[1.4416],17.7738[1.50143],7,0_70
Pref0,0.90075[0.212778],0.901631[0.207547],0.899902[0.217691],7,0_70
Signal0,0.9915[0.0646355],0.991845[0.0633322],0.991168[0.0658642],7,0_70
Hybridindex,17.8603[1.35263],17.8381[1.3516],17.8827[1.35329],8,0_70
Pref0,0.9055[0.206324],0.901688[0.208478],0.909366[0.204045],8,0_70
Signal0,0.9945[0.0521512],0.995035[0.0495779],0.993958[0.0546318],8,0_70
Hybridindex,17.8833[1.33707],17.9033[1.32874],17.8622[1.34542],9,0_70
Pref0,0.9075[0.201727],0.904297[0.202815],0.910861[0.200524],9,0_70
Signal0,0.9975[0.0352668],0.99707[0.038161],0.997951[0.0319436],9,0_70
Hybridindex,17.8753[1.28756],17.896[1.27408],17.8543[1.3007],10,0_70
Pref0,0.90275[0.206561],0.904975[0.206065],0.900503[0.207036],10,0_70
Signal0,0.99875[0.0249687],0.99801[0.0314812],0.999497[0.0158431],10,0_70
Hybridindex,17.8833[1.24459],17.901[1.22375],17.866[1.26424],11,0_70
Pref0,0.9015[0.209876],0.893909[0.217656],0.908867[0.201766],11,0_70
Signal0,1[0],1[0],1[0],11,0_70
Hybridindex,17.869[1.27273],17.8256[1.30973],17.9135[1.2321],12,0_70
Pref0,0.90625[0.203926],0.90415[0.207808],0.908401[0.199849],12,0_70
Signal0,1[0],1[0],1[0],12,0_70
Hybridindex,17.8792[1.22925],17.8726[1.2574],17.8858[1.20056],13,0_70
Pref0,0.90725[0.20862],0.910231[0.204551],0.904287[0.212547],13,0_70
Signal0,1[0],1[0],1[0],13,0_70
Hybridindex,17.8495[1.21279],17.847[1.26282],17.8518[1.16459],14,0_70
Pref0,0.916[0.194149],0.914152[0.192653],0.917709[0.195508],14,0_70
Signal0,1[0],1[0],1[0],14,0_70
Hybridindex,17.8882[1.19881],17.8731[1.19478],17.9032[1.20257],15,0_70
Pref0,0.91575[0.198814],0.917422[0.194922],0.914101[0.202565],15,0_70
Signal0,1[0],1[0],1[0],15,0_70
Hybridindex,17.915[1.20344],17.8859[1.186],17.9433[1.2195],16,0_70
Pref0,0.91425[0.200055],0.918357[0.195481],0.910256[0.204325],16,0_70
Signal0,1[0],1[0],1[0],16,0_70
Hybridindex,17.8927[1.2203],17.8978[1.21335],17.8874[1.22751],17,0_70
Pref0,0.92125[0.186878],0.919355[0.18914],0.923234[0.184459],17,0_70
Signal0,1[0],1[0],1[0],17,0_70
Hybridindex,17.9022[1.18799],17.883[1.2155],17.921[1.16025],18,0_70
Pref0,0.9265[0.183297],0.921986[0.188292],0.930898[0.178186],18,0_70
Signal0,1[0],1[0],1[0],18,0_70
Hybridindex,17.875[1.18885],17.8725[1.18952],17.8775[1.18819],19,0_70
Pref0,0.915[0.19564],0.914157[0.196379],0.915837[0.194901],19,0_70
Signal0,1[0],1[0],1[0],19,0_70
Hybridindex,17.8915[1.2054],17.8917[1.20408],17.8912[1.20685],20,0_70
Pref0,0.917[0.19329],0.918329[0.189907],0.915523[0.196972],20,0_70
Signal0,1[0],1[0],1[0],20,0_70
Hybridindex,17.8322[1.18922],17.8236[1.25516],17.8405[1.12201],21,0_70
Pref0,0.90875[0.202604],0.90316[0.210092],0.914132[0.194972],21,0_70
Signal0,1[0],1[0],1[0],21,0_70
Hybridindex,17.8095[1.16617],17.8031[1.15352],17.8157[1.17817],22,0_70
Pref0,0.911[0.203295],0.913265[0.201088],0.908824[0.205371],22,0_70
Signal0,1[0],1[0],1[0],22,0_70
Hybridindex,17.8355[1.2005],17.8117[1.22044],17.8609[1.17829],23,0_70
Pref0,0.909[0.20729],0.913359[0.204015],0.904343[0.210632],23,0_70
Signal0,1[0],1[0],1[0],23,0_70
Hybridindex,17.8382[1.17525],17.8671[1.16499],17.8096[1.18466],24,0_70
Pref0,0.9105[0.203076],0.916249[0.194603],0.904786[0.211006],24,0_70
Signal0,1[0],1[0],1[0],24,0_70
Hybridindex,17.8155[1.1594],17.7836[1.14705],17.8459[1.17022],25,0_70
Pref0,0.9195[0.191754],0.91641[0.19464],0.922439[0.188922],25,0_70
Signal0,1[0],1[0],1[0],25,0_70
Hybridindex,17.8125[1.15708],17.8264[1.15396],17.7991[1.15994],26,0_70
Pref0,0.92675[0.187775],0.926171[0.187157],0.927308[0.188367],26,0_70
Signal0,1[0],1[0],1[0],26,0_70
Hybridindex,17.8238[1.13713],17.8113[1.14652],17.8351[1.12838],27,0_70
Pref0,0.9325[0.179426],0.930818[0.180071],0.934034[0.178822],27,0_70
Signal0,1[0],1[0],1[0],27,0_70
Hybridindex,17.7978[1.18045],17.8379[1.20606],17.7582[1.15328],28,0_70
Pref0,0.933[0.175388],0.937059[0.170351],0.928997[0.180128],28,0_70
Signal0,1[0],1[0],1[0],28,0_70
Hybridindex,17.8515[1.1568],17.8333[1.15389],17.8691[1.15935],29,0_70
Pref0,0.9355[0.172017],0.929878[0.177956],0.940945[0.165881],29,0_70
Signal0,1[0],1[0],1[0],29,0_70
Hybridindex,17.8822[1.15239],17.8814[1.15617],17.8831[1.14851],30,0_70
Pref0,0.93625[0.172658],0.938241[0.16896],0.934211[0.176343],30,0_70
Signal0,1[0],1[0],1[0],30,0_70
Hybridindex,17.884[1.11391],17.8761[1.11633],17.8918[1.11144],31,0_70
Pref0,0.9275[0.185051],0.931294[0.18067],0.923729[0.18923],31,0_70
Signal0,1[0],1[0],1[0],31,0_70
Hybridindex,17.903[1.10129],17.8753[1.09427],17.93[1.10741],32,0_70
Pref0,0.9355[0.174183],0.940162[0.166912],0.930966[0.180858],32,0_70
Signal0,1[0],1[0],1[0],32,0_70
Hybridindex,17.9215[1.12986],17.9165[1.14364],17.9264[1.11606],33,0_70
Pref0,0.935[0.176847],0.932093[0.182665],0.937873[0.170856],33,0_70
Signal0,1[0],1[0],1[0],33,0_70
Hybridindex,17.929[1.1465],17.9355[1.15387],17.923[1.1396],34,0_70
Pref0,0.93825[0.173384],0.944329[0.162164],0.932628[0.182971],34,0_70
Signal0,1[0],1[0],1[0],34,0_70
Hybridindex,17.943[1.10612],17.957[1.10313],17.9297[1.1088],35,0_70
Pref0,0.94425[0.161298],0.940061[0.165533],0.948242[0.157051],35,0_70
Signal0,1[0],1[0],1[0],35,0_70
Hybridindex,17.9417[1.0896],17.973[1.03743],17.9105[1.13853],36,0_70
Pref0,0.9475[0.158883],0.9465[0.157759],0.9485[0.159993],36,0_70
Signal0,1[0],1[0],1[0],36,0_70
Hybridindex,17.9662[1.08823],17.9618[1.10081],17.9709[1.07496],37,0_70
Pref0,0.94825[0.157946],0.95098[0.150323],0.945408[0.16546],37,0_70
Signal0,1[0],1[0],1[0],37,0_70
Hybridindex,17.9715[1.07584],17.9782[1.05941],17.9644[1.09305],38,0_70
Pref0,0.954[0.148775],0.957364[0.14307],0.950413[0.154545],38,0_70
Signal0,1[0],1[0],1[0],38,0_70
Hybridindex,17.994[1.07061],18.001[1.08265],17.9865[1.05745],39,0_70
Pref0,0.95025[0.151327],0.947927[0.15585],0.952752[0.146259],39,0_70
Signal0,1[0],1[0],1[0],39,0_70
Hybridindex,17.9845[1.07576],17.9995[1.06791],17.9689[1.08365],40,0_70
Pref0,0.94675[0.159027],0.943137[0.164799],0.95051[0.152696],40,0_70
Signal0,1[0],1[0],1[0],40,0_70
Hybridindex,17.9685[1.09853],17.9965[1.0752],17.9397[1.12128],41,0_70
Pref0,0.9445[0.163309],0.94428[0.166475],0.944726[0.159987],41,0_70
Signal0,1[0],1[0],1[0],41,0_70
Hybridindex,17.9608[1.09526],17.994[1.06588],17.9276[1.12283],42,0_70
Pref0,0.94825[0.160303],0.947948[0.155941],0.948551[0.16454],42,0_70
Signal0,1[0],1[0],1[0],42,0_70
Hybridindex,17.926[1.10262],17.9544[1.11331],17.8989[1.09164],43,0_70
Pref0,0.94175[0.168024],0.940061[0.1686],0.943359[0.167457],43,0_70
Signal0,1[0],1[0],1[0],43,0_70
Hybridindex,17.9675[1.07967],18.0052[1.07063],17.9324[1.08685],44,0_70
Pref0,0.94025[0.167496],0.94139[0.167166],0.939189[0.167795],44,0_70
Signal0,1[0],1[0],1[0],44,0_70
Hybridindex,17.9872[1.08925],18.0076[1.09238],17.9675[1.08585],45,0_70
Pref0,0.94425[0.161298],0.942073[0.161605],0.946358[0.160972],45,0_70
Signal0,1[0],1[0],1[0],45,0_70
Hybridindex,17.9752[1.08098],17.9864[1.08851],17.9643[1.07338],46,0_70
Pref0,0.948[0.158259],0.950151[0.156377],0.945879[0.160066],46,0_70
Signal0,1[0],1[0],1[0],46,0_70
Hybridindex,17.9868[1.09599],17.9433[1.13892],18.0284[1.05159],47,0_70
Pref0,0.94525[0.158516],0.949387[0.1525],0.941292[0.16397],47,0_70
Signal0,1[0],1[0],1[0],47,0_70
Hybridindex,17.973[1.10421],17.9697[1.09194],17.9762[1.11612],48,0_70
Pref0,0.95025[0.153785],0.949041[0.156193],0.951437[0.151374],48,0_70
Signal0,1[0],1[0],1[0],48,0_70
Hybridindex,17.9277[1.09517],17.9484[1.07626],17.9059[1.11441],49,0_70
Pref0,0.947[0.158717],0.944553[0.166035],0.949588[0.150547],49,0_70
Signal0,1[0],1[0],1[0],49,0_70
Hybridindex,17.9462[1.09715],17.9222[1.09418],17.9683[1.0994],50,0_70
Pref0,0.952[0.14982],0.955637[0.145799],0.948656[0.153348],50,0_70
Signal0,1[0],1[0],1[0],50,0_70
Hybridindex,17.9222[1.08884],17.9318[1.05789],17.9122[1.12044],51,0_70
Pref0,0.94925[0.156683],0.950292[0.157542],0.948152[0.155764],51,0_70
Signal0,1[0],1[0],1[0],51,0_70
Hybridindex,17.9292[1.10289],17.9373[1.10339],17.9211[1.10233],52,0_70
Pref0,0.9475[0.160449],0.946766[0.162082],0.948241[0.158778],52,0_70
Signal0,1[0],1[0],1[0],52,0_70
Hybridindex,17.9342[1.09809],17.923[1.07795],17.9459[1.11855],53,0_70
Pref0,0.94925[0.153458],0.946078[0.15822],0.952551[0.148268],53,0_70
Signal0,1[0],1[0],1[0],53,0_70
Hybridindex,17.967[1.09392],18.0047[1.05206],17.9324[1.12986],54,0_70
Pref0,0.95475[0.145181],0.954545[0.14733],0.954938[0.14318],54,0_70
Signal0,1[0],1[0],1[0],54,0_70
Hybridindex,17.9795[1.08516],18.0045[1.09952],17.9545[1.07006],55,0_70
Pref0,0.95675[0.144929],0.956957[0.14377],0.956543[0.146076],55,0_70
Signal0,1[0],1[0],1[0],55,0_70
Hybridindex,18.0008[1.10979],18.024[1.10091],17.9775[1.11814],56,0_70
Pref0,0.953[0.146769],0.959082[0.138866],0.946894[0.154055],56,0_70
Signal0,1[0],1[0],1[0],56,0_70
Hybridindex,18.002[1.09098],18.0041[1.11278],18[1.06954],57,0_70
Pref0,0.95925[0.139515],0.958248[0.140149],0.960216[0.138894],57,0_70
Signal0,1[0],1[0],1[0],57,0_70
Hybridindex,17.9955[1.06406],18.006[1.06605],17.985[1.06197],58,0_70
Pref0,0.96175[0.132898],0.9585[0.137941],0.965[0.127574],58,0_70
Signal0,1[0],1[0],1[0],58,0_70
Hybridindex,17.9435[1.08734],17.8976[1.10464],17.9904[1.06733],59,0_70
Pref0,0.96175[0.135691],0.95549[0.144113],0.96815[0.126182],59,0_70
Signal0,1[0],1[0],1[0],59,0_70
Hybridindex,17.9477[1.10063],17.944[1.1031],17.9514[1.09824],60,0_70
Pref0,0.96275[0.133182],0.962322[0.133898],0.963163[0.132486],60,0_70
Signal0,1[0],1[0],1[0],60,0_70
Hybridindex,17.9408[1.11136],17.9108[1.14698],17.9699[1.07478],61,0_70
Pref0,0.95875[0.143783],0.96146[0.137108],0.956114[0.149941],61,0_70
Signal0,1[0],1[0],1[0],61,0_70
Hybridindex,17.8873[1.15809],17.8896[1.15268],17.885[1.16342],62,0_70
Pref0,0.95125[0.151652],0.948293[0.155512],0.954183[0.147666],62,0_70
Signal0,1[0],1[0],1[0],62,0_70
Hybridindex,17.9267[1.09773],17.9377[1.0849],17.9167[1.10923],63,0_70
Pref0,0.95225[0.148644],0.948168[0.15581],0.955981[0.141675],63,0_70
Signal0,1[0],1[0],1[0],63,0_70
Hybridindex,17.8612[1.11854],17.8356[1.1177],17.885[1.11879],64,0_70
Pref0,0.951[0.151984],0.952133[0.152325],0.949952[0.151659],64,0_70
Signal0,1[0],1[0],1[0],64,0_70
Hybridindex,17.9342[1.09695],17.9209[1.08827],17.9474[1.10529],65,0_70
Pref0,0.951[0.151984],0.951158[0.155079],0.950844[0.148868],65,0_70
Signal0,1[0],1[0],1[0],65,0_70
Hybridindex,17.9447[1.09479],17.9517[1.10749],17.9379[1.08205],66,0_70
Pref0,0.95125[0.149159],0.954728[0.143479],0.947813[0.154489],66,0_70
Signal0,1[0],1[0],1[0],66,0_70
Hybridindex,17.9455[1.06784],17.9552[1.05703],17.9364[1.07784],67,0_70
Pref0,0.9505[0.152643],0.954124[0.149599],0.947087[0.155377],67,0_70
Signal0,1[0],1[0],1[0],67,0_70
Hybridindex,17.9417[1.08673],17.955[1.08205],17.9282[1.09133],68,0_70
Pref0,0.95125[0.154105],0.953017[0.15089],0.949444[0.157303],68,0_70
Signal0,1[0],1[0],1[0],68,0_70
Hybridindex,17.971[1.07687],17.9644[1.06634],17.9774[1.08692],69,0_70
Pref0,0.954[0.148775],0.95117[0.153482],0.956735[0.144027],69,0_70
Signal0,1[0],1[0],1[0],69,0_70
Hybridindex,17.9597[1.06993],17.9852[1.07699],17.9352[1.0625],70,0_70
Pref0,0.952[0.153121],0.95112[0.151885],0.952849[0.154299],70,0_70
Signal0,1[0],1[0],1[0],70,0_70
Hybridindex,17.9718[1.09079],17.9137[1.11123],18.0343[1.06481],71,0_70
Pref0,0.95575[0.147197],0.959499[0.13991],0.951713[0.154559],71,0_70
Signal0,1[0],1[0],1[0],71,0_70
Hybridindex,17.9755[1.09163],17.987[1.08506],17.9649[1.09753],72,0_70
Pref0,0.95075[0.152314],0.947862[0.154505],0.95341[0.150217],72,0_70
Signal0,1[0],1[0],1[0],72,0_70
Hybridindex,17.955[1.03173],18.0195[1.0289],17.8872[1.03035],73,0_70
Pref0,0.95175[0.152633],0.951707[0.150963],0.951795[0.15437],73,0_70
Signal0,1[0],1[0],1[0],73,0_70
Hybridindex,17.959[1.05205],17.9825[1.03153],17.9368[1.07059],74,0_70
Pref0,0.9535[0.149458],0.953141[0.150925],0.953839[0.148059],74,0_70
Signal0,1[0],1[0],1[0],74,0_70
Hybridindex,17.9145[1.0533],17.9229[1.01978],17.9057[1.08729],75,0_70
Pref0,0.95325[0.151458],0.95166[0.155803],0.954918[0.146742],75,0_70
Signal0,1[0],1[0],1[0],75,0_70
Hybridindex,17.8715[1.07191],17.8562[1.08414],17.8874[1.05882],76,0_70
Pref0,0.95125[0.149995],0.954858[0.144997],0.947503[0.154927],76,0_70
Signal0,1[0],1[0],1[0],76,0_70
Hybridindex,17.906[1.06743],17.9237[1.07476],17.8883[1.05974],77,0_70
Pref0,0.9505[0.15508],0.946607[0.157619],0.954409[0.152388],77,0_70
Signal0,1[0],1[0],1[0],77,0_70
Hybridindex,17.892[1.08862],17.9032[1.08371],17.8809[1.09336],78,0_70
Pref0,0.95425[0.147587],0.958375[0.141714],0.95015[0.153092],78,0_70
Signal0,1[0],1[0],1[0],78,0_70
Hybridindex,17.9275[1.06642],17.9476[1.07347],17.9074[1.05892],79,0_70
Pref0,0.95175[0.152633],0.944056[0.165347],0.959459[0.138301],79,0_70
Signal0,1[0],1[0],1[0],79,0_70
Hybridindex,17.909[1.05118],17.9671[1.01482],17.8507[1.08333],80,0_70
Pref0,0.949[0.157794],0.949102[0.157653],0.948898[0.157936],80,0_70
Signal0,1[0],1[0],1[0],80,0_70
Hybridindex,17.9138[1.07072],17.9189[1.09551],17.9085[1.04474],81,0_70
Pref0,0.95025[0.155403],0.952028[0.15701],0.948433[0.153721],81,0_70
Signal0,1[0],1[0],1[0],81,0_70
Hybridindex,17.9232[1.05995],17.932[1.07419],17.9145[1.04544],82,0_70
Pref0,0.953[0.149302],0.955[0.144827],0.951[0.15362],82,0_70
Signal0,1[0],1[0],1[0],82,0_70
Hybridindex,17.908[1.06421],17.9294[1.05801],17.8864[1.07],83,0_70
Pref0,0.94975[0.156045],0.952736[0.147971],0.946734[0.16374],83,0_70
Signal0,1[0],1[0],1[0],83,0_70
Hybridindex,17.9183[1.06944],17.9154[1.05163],17.921[1.0861],84,0_70
Pref0,0.948[0.156672],0.949231[0.154379],0.946829[0.158813],84,0_70
Signal0,1[0],1[0],1[0],84,0_70
Hybridindex,17.8768[1.07631],17.8733[1.08586],17.88[1.06713],85,0_70
Pref0,0.947[0.159502],0.950769[0.155702],0.943415[0.162955],85,0_70
Signal0,1[0],1[0],1[0],85,0_70
Hybridindex,17.893[1.08215],17.9187[1.09325],17.8691[1.07115],86,0_70
Pref0,0.9485[0.156837],0.951813[0.152728],0.945411[0.160512],86,0_70
Signal0,1[0],1[0],1[0],86,0_70
Hybridindex,17.8925[1.06004],17.8976[1.04615],17.8875[1.07363],87,0_70
Pref0,0.943[0.161248],0.941767[0.163491],0.944223[0.158982],87,0_70
Signal0,1[0],1[0],1[0],87,0_70
Hybridindex,17.8773[1.05856],17.8631[1.04714],17.8922[1.07026],88,0_70
Pref0,0.935[0.173997],0.936647[0.176279],0.933265[0.171544],88,0_70
Signal0,1[0],1[0],1[0],88,0_70
Hybridindex,17.906[1.03787],17.9484[1.03573],17.8638[1.03827],89,0_70
Pref0,0.93825[0.169003],0.942385[0.161211],0.934132[0.176325],89,0_70
Signal0,1[0],1[0],1[0],89,0_70
Hybridindex,17.9267[1.05665],17.8975[1.04476],17.9552[1.0673],90,0_70
Pref0,0.9355[0.174899],0.929442[0.181215],0.941379[0.168336],90,0_70
Signal0,1[0],1[0],1[0],90,0_70
Hybridindex,17.934[1.07385],17.9209[1.08438],17.9477[1.06251],91,0_70
Pref0,0.9335[0.176996],0.941406[0.162333],0.925205[0.190824],91,0_70
Signal0,1[0],1[0],1[0],91,0_70
Hybridindex,17.938[1.0447],17.9406[1.03005],17.9353[1.05971],92,0_70
Pref0,0.931[0.178855],0.932287[0.179487],0.929664[0.178185],92,0_70
Signal0,1[0],1[0],1[0],92,0_70
Hybridindex,17.9438[1.07038],17.9453[1.07844],17.9421[1.06186],93,0_70
Pref0,0.9335[0.178403],0.933594[0.173949],0.933402[0.18296],93,0_70
Signal0,1[0],1[0],1[0],93,0_70
Hybridindex,18.001[1.06818],17.9923[1.06075],18.0093[1.07514],94,0_70
Pref0,0.92825[0.184328],0.931352[0.179368],0.925293[0.188888],94,0_70
Signal0,1[0],1[0],1[0],94,0_70
Hybridindex,17.9608[1.09674],17.9705[1.11537],17.9503[1.07634],95,0_70
Pref0,0.93125[0.1779],0.938588[0.167038],0.923395[0.18852],95,0_70
Signal0,1[0],1[0],1[0],95,0_70
Hybridindex,17.9647[1.06131],17.9635[1.07868],17.9659[1.04595],96,0_70
Pref0,0.929[0.178771],0.933405[0.176099],0.925164[0.180978],96,0_70
Signal0,1[0],1[0],1[0],96,0_70
Hybridindex,17.9542[1.07658],17.9523[1.07892],17.9563[1.0741],97,0_70
Pref0,0.92425[0.183404],0.922665[0.184786],0.925926[0.181916],97,0_70
Signal0,1[0],1[0],1[0],97,0_70
Hybridindex,17.9458[1.07503],17.9614[1.06474],17.931[1.08443],98,0_70
Pref0,0.924[0.190326],0.930484[0.181701],0.917881[0.197927],98,0_70
Signal0,1[0],1[0],1[0],98,0_70
Hybridindex,17.9778[1.03869],17.9673[1.0183],17.9881[1.05831],99,0_70
Pref0,0.924[0.193582],0.917925[0.200856],0.92999[0.185936],99,0_70
Signal0,1[0],1[0],1[0],99,0_70
Hybridindex,17.934[1.03701],17.9409[1.05324],17.9269[1.01997],100,0_70
Pref0,0.926[0.183777],0.925123[0.185189],0.926904[0.182306],100,0_70
Signal0,1[0],1[0],1[0],100,0_70
Hybridindex,12.625[8.33423],12.8279[8.22301],12.4316[8.43433],1,0_71
Pref0,0.63125[0.416711],0.641393[0.411151],0.621582[0.421716],1,0_71
Signal0,0.63125[0.416711],0.641393[0.411151],0.621582[0.421716],1,0_71
Hybridindex,15.0073[6.24682],14.8968[6.24644],15.1346[6.24484],2,0_71
Pref0,0.75525[0.336857],0.747432[0.334634],0.764263[0.339178],2,0_71
Signal0,0.758[0.332319],0.752568[0.331832],0.764263[0.33277],2,0_71
Hybridindex,16.7572[3.96799],16.707[4.11075],16.8052[3.82636],3,0_71
Pref0,0.84375[0.26308],0.846824[0.264634],0.84082[0.261557],3,0_71
Signal0,0.8635[0.244679],0.858094[0.253249],0.868652[0.236106],3,0_71
Hybridindex,17.5405[2.55966],17.5434[2.56878],17.5376[2.55069],4,0_71
Pref0,0.87425[0.236246],0.869192[0.235296],0.879208[0.237068],4,0_71
Signal0,0.9355[0.169085],0.934848[0.169812],0.936139[0.168367],4,0_71
Hybridindex,17.7775[1.90355],17.8194[1.91343],17.7339[1.89224],5,0_71
Pref0,0.8875[0.221571],0.887635[0.220144],0.88736[0.223044],5,0_71
Signal0,0.972[0.114961],0.970559[0.117701],0.973496[0.112024],5,0_71
Hybridindex,17.8285[1.60494],17.8457[1.62617],17.8105[1.5823],6,0_71
Pref0,0.8875[0.224374],0.89716[0.213872],0.877426[0.234403],6,0_71
Signal0,0.9885[0.0749517],0.988247[0.0757526],0.988764[0.0741062],6,0_71
Hybridindex,17.7997[1.44863],17.7655[1.50359],17.835[1.38884],7,0_71
Pref0,0.885[0.228637],0.887192[0.223791],0.882741[0.233505],7,0_71
Signal0,0.994[0.0544426],0.993103[0.0583156],0.994924[0.0501229],7,0_71
Hybridindex,17.8508[1.36843],17.8772[1.39678],17.8241[1.33883],8,0_71
Pref0,0.888[0.220127],0.89022[0.217553],0.885772[0.222659],8,0_71
Signal0,0.9985[0.027345],0.999501[0.0157877],0.997495[0.035302],8,0_71
Hybridindex,17.8107[1.35621],17.7916[1.36428],17.8305[1.34756],9,0_71
Pref0,0.87675[0.231159],0.867488[0.239924],0.886294[0.221359],9,0_71
Signal0,0.99925[0.0193504],0.999507[0.0156864],0.998985[0.0225074],9,0_71
Hybridindex,17.8098[1.28274],17.7919[1.26697],17.8268[1.29743],10,0_71
Pref0,0.8855[0.228341],0.884458[0.229349],0.886497[0.227368],10,0_71
Signal0,0.9995[0.0158035],0.998978[0.0225877],1[0],10,0_71
Hybridindex,17.808[1.28331],17.7992[1.26818],17.8167[1.29809],11,0_71
Pref0,0.885[0.22809],0.88253[0.229054],0.88745[0.227103],11,0_71
Signal0,1[0],1[0],1[0],11,0_71
Hybridindex,17.8553[1.25794],17.8451[1.27118],17.8657[1.24402],12,0_71
Pref0,0.89425[0.217812],0.891347[0.224471],0.897253[0.210658],12,0_71
Signal0,1[0],1[0],1[0],12,0_71
Hybridindex,17.8583[1.29404],17.8434[1.28468],17.8734[1.30332],13,0_71
Pref0,0.89075[0.221787],0.888008[0.225581],0.893542[0.21782],13,0_71
Signal0,1[0],1[0],1[0],13,0_71
Hybridindex,17.8377[1.27163],17.8153[1.28355],17.8627[1.25778],14,0_71
Pref0,0.892[0.219854],0.888414[0.221449],0.895987[0.217999],14,0_71
Signal0,1[0],1[0],1[0],14,0_71
Hybridindex,17.8845[1.23841],17.8287[1.23307],17.9408[1.24124],15,0_71
Pref0,0.88675[0.219202],0.89492[0.210917],0.878514[0.22695],15,0_71
Signal0,1[0],1[0],1[0],15,0_71
Hybridindex,17.8758[1.26301],17.8623[1.25587],17.8893[1.27004],16,0_71
Pref0,0.88675[0.225387],0.890656[0.226197],0.882797[0.224495],16,0_71
Signal0,1[0],1[0],1[0],16,0_71
Hybridindex,17.8858[1.24963],17.9004[1.24555],17.8711[1.25352],17,0_71
Pref0,0.8835[0.230603],0.884885[0.229814],0.882118[0.231379],17,0_71
Signal0,1[0],1[0],1[0],17,0_71
Hybridindex,17.8665[1.21591],17.8362[1.22322],17.8965[1.20787],18,0_71
Pref0,0.8865[0.222189],0.887437[0.222803],0.885572[0.221575],18,0_71
Signal0,1[0],1[0],1[0],18,0_71
Hybridindex,17.926[1.21214],17.9049[1.24785],17.948[1.17341],19,0_71
Pref0,0.88425[0.229078],0.880882[0.228544],0.887755[0.22958],19,0_71
Signal0,1[0],1[0],1[0],19,0_71
Hybridindex,17.9032[1.21265],17.9235[1.24612],17.8838[1.17927],20,0_71
Pref0,0.88175[0.225038],0.884184[0.227239],0.879412[0.222877],20,0_71
Signal0,1[0],1[0],1[0],20,0_71
Hybridindex,17.9398[1.12461],17.9476[1.118],17.9328[1.13034],21,0_71
Pref0,0.88875[0.225274],0.895299[0.219847],0.882989[0.229788],21,0_71
Signal0,1[0],1[0],1[0],21,0_71
Hybridindex,17.9495[1.14092],17.9299[1.17126],17.9688[1.10991],22,0_71
Pref0,0.889[0.220633],0.888105[0.220153],0.889881[0.221101],22,0_71
Signal0,1[0],1[0],1[0],22,0_71
Hybridindex,17.964[1.11667],17.945[1.09908],17.9823[1.13304],23,0_71
Pref0,0.8855[0.226141],0.882263[0.224973],0.888616[0.227216],23,0_71
Signal0,1[0],1[0],1[0],23,0_71
Hybridindex,17.961[1.13324],17.9514[1.14751],17.9707[1.11844],24,0_71
Pref0,0.88625[0.225135],0.890981[0.223735],0.881433[0.226451],24,0_71
Signal0,1[0],1[0],1[0],24,0_71
Hybridindex,17.9665[1.15288],18.0132[1.12834],17.9211[1.17447],25,0_71
Pref0,0.884[0.225929],0.878803[0.228024],0.889053[0.223758],25,0_71
Signal0,1[0],1[0],1[0],25,0_71
Hybridindex,17.9322[1.1315],17.9547[1.12546],17.909[1.13723],26,0_71
Pref0,0.87825[0.229787],0.877461[0.228384],0.879065[0.231223],26,0_71
Signal0,1[0],1[0],1[0],26,0_71
Hybridindex,17.9183[1.15182],17.9[1.14352],17.9372[1.16009],27,0_71
Pref0,0.8745[0.2313],0.872549[0.235212],0.876531[0.227139],27,0_71
Signal0,1[0],1[0],1[0],27,0_71
Hybridindex,17.954[1.13353],18.0085[1.15024],17.899[1.11369],28,0_71
Pref0,0.868[0.232004],0.860697[0.236049],0.875377[0.227609],28,0_71
Signal0,1[0],1[0],1[0],28,0_71
Hybridindex,17.984[1.10385],17.9995[1.10855],17.9675[1.09861],29,0_71
Pref0,0.86125[0.24571],0.86068[0.239857],0.861856[0.251774],29,0_71
Signal0,1[0],1[0],1[0],29,0_71
Hybridindex,18.012[1.13109],18.0187[1.1605],18.0051[1.09979],30,0_71
Pref0,0.86325[0.241194],0.858407[0.242104],0.86826[0.240146],30,0_71
Signal0,1[0],1[0],1[0],30,0_71
Hybridindex,18.024[1.13233],18.0015[1.10174],18.0469[1.16221],31,0_71
Pref0,0.86775[0.240073],0.863726[0.240812],0.871847[0.239248],31,0_71
Signal0,1[0],1[0],1[0],31,0_71
Hybridindex,18.0065[1.13279],18.0371[1.14093],17.9769[1.12405],32,0_71
Pref0,0.86125[0.248744],0.856199[0.253837],0.866142[0.24361],32,0_71
Signal0,1[0],1[0],1[0],32,0_71
Hybridindex,18.0248[1.1205],18.0809[1.09007],17.9685[1.14742],33,0_71
Pref0,0.863[0.24286],0.86963[0.239123],0.856356[0.246369],33,0_71
Signal0,1[0],1[0],1[0],33,0_71
Hybridindex,18.0138[1.11094],18.0177[1.11677],18.0099[1.10517],34,0_71
Pref0,0.862[0.244859],0.854692[0.251285],0.869177[0.238162],34,0_71
Signal0,1[0],1[0],1[0],34,0_71
Hybridindex,17.974[1.07509],17.9936[1.09937],17.9535[1.04873],35,0_71
Pref0,0.8595[0.240852],0.861057[0.23878],0.857873[0.242988],35,0_71
Signal0,1[0],1[0],1[0],35,0_71
Hybridindex,17.9958[1.06823],17.9743[1.03567],18.0169[1.09898],36,0_71
Pref0,0.86275[0.241945],0.865055[0.241507],0.860477[0.242355],36,0_71
Signal0,1[0],1[0],1[0],36,0_71
Hybridindex,17.9425[1.08683],17.8864[1.0989],17.9995[1.07142],37,0_71
Pref0,0.86525[0.240764],0.869048[0.238244],0.861391[0.243238],37,0_71
Signal0,1[0],1[0],1[0],37,0_71
Hybridindex,17.9735[1.07357],17.9527[1.05551],17.9954[1.0918],38,0_71
Pref0,0.86675[0.237948],0.866341[0.240302],0.867179[0.235448],38,0_71
Signal0,1[0],1[0],1[0],38,0_71
Hybridindex,17.9585[1.0789],17.9516[1.0731],17.9653[1.08453],39,0_71
Pref0,0.85675[0.244652],0.852674[0.245012],0.860753[0.244231],39,0_71
Signal0,1[0],1[0],1[0],39,0_71
Hybridindex,17.9305[1.11149],17.9047[1.12285],17.9553[1.09988],40,0_71
Pref0,0.865[0.240884],0.866972[0.240815],0.863101[0.240935],40,0_71
Signal0,1[0],1[0],1[0],40,0_71
Hybridindex,17.9488[1.10476],17.9462[1.11189],17.9515[1.09696],41,0_71
Pref0,0.876[0.233182],0.879923[0.22668],0.871741[0.239969],41,0_71
Signal0,1[0],1[0],1[0],41,0_71
Hybridindex,17.9345[1.09108],17.8947[1.10626],17.9764[1.07327],42,0_71
Pref0,0.883[0.226519],0.884503[0.221996],0.881417[0.231178],42,0_71
Signal0,1[0],1[0],1[0],42,0_71
Hybridindex,17.9052[1.10664],17.8531[1.11425],17.9604[1.09583],43,0_71
Pref0,0.879[0.229367],0.8857[0.225599],0.871914[0.233076],43,0_71
Signal0,1[0],1[0],1[0],43,0_71
Hybridindex,17.9185[1.10955],17.9681[1.08848],17.8699[1.12768],44,0_71
Pref0,0.88125[0.224774],0.880688[0.220123],0.8818[0.229232],44,0_71
Signal0,1[0],1[0],1[0],44,0_71
Hybridindex,17.928[1.09044],17.921[1.12017],17.9346[1.06135],45,0_71
Pref0,0.8745[0.235584],0.881538[0.22886],0.867805[0.241616],45,0_71
Signal0,1[0],1[0],1[0],45,0_71
Hybridindex,17.9862[1.06051],18.0237[1.06668],17.9509[1.05342],46,0_71
Pref0,0.874[0.233718],0.874486[0.23282],0.873541[0.234563],46,0_71
Signal0,1[0],1[0],1[0],46,0_71
Hybridindex,17.9995[1.05877],17.999[1.09163],18[1.02528],47,0_71
Pref0,0.87[0.24052],0.867203[0.242536],0.872763[0.23848],47,0_71
Signal0,1[0],1[0],1[0],47,0_71
Hybridindex,17.9887[1.08294],17.9779[1.07359],17.999[1.09165],48,0_71
Pref0,0.86675[0.243145],0.878974[0.231426],0.855122[0.253244],48,0_71
Signal0,1[0],1[0],1[0],48,0_71
Hybridindex,17.9492[1.08515],17.9743[1.11153],17.9245[1.05785],49,0_71
Pref0,0.8595[0.243433],0.860161[0.24376],0.858847[0.243108],49,0_71
Signal0,1[0],1[0],1[0],49,0_71
Hybridindex,17.926[1.08433],17.9107[1.08252],17.9403[1.08583],50,0_71
Pref0,0.8565[0.243737],0.855005[0.243339],0.857905[0.244102],50,0_71
Signal0,1[0],1[0],1[0],50,0_71
Hybridindex,17.9175[1.0969],17.9281[1.09327],17.9071[1.10034],51,0_71
Pref0,0.857[0.243518],0.847672[0.249137],0.866107[0.237551],51,0_71
Signal0,1[0],1[0],1[0],51,0_71
Hybridindex,17.9563[1.08936],17.9768[1.0506],17.9351[1.12745],52,0_71
Pref0,0.85775[0.251277],0.853057[0.254361],0.862576[0.247972],52,0_71
Signal0,1[0],1[0],1[0],52,0_71
Hybridindex,17.9215[1.09754],17.9241[1.07494],17.9187[1.12121],53,0_71
Pref0,0.86075[0.244406],0.861702[0.242336],0.859731[0.246599],53,0_71
Signal0,1[0],1[0],1[0],53,0_71
Hybridindex,17.9228[1.07931],17.9369[1.07057],17.9088[1.08764],54,0_71
Pref0,0.85675[0.250209],0.859233[0.250354],0.854311[0.250042],54,0_71
Signal0,1[0],1[0],1[0],54,0_71
Hybridindex,17.8912[1.084],17.8777[1.10384],17.9051[1.06319],55,0_71
Pref0,0.86225[0.242693],0.85495[0.247763],0.869697[0.237178],55,0_71
Signal0,1[0],1[0],1[0],55,0_71
Hybridindex,17.9067[1.07943],17.9037[1.07866],17.9099[1.08021],56,0_71
Pref0,0.8705[0.23501],0.869414[0.235983],0.871601[0.234014],56,0_71
Signal0,1[0],1[0],1[0],56,0_71
Hybridindex,17.8955[1.09844],17.8668[1.09182],17.9239[1.10423],57,0_71
Pref0,0.8695[0.240249],0.870854[0.237565],0.868159[0.242871],57,0_71
Signal0,1[0],1[0],1[0],57,0_71
Hybridindex,17.8833[1.04534],17.862[1.05889],17.9041[1.0315],58,0_71
Pref0,0.87475[0.231705],0.880182[0.227199],0.869436[0.23591],58,0_71
Signal0,1[0],1[0],1[0],58,0_71
Hybridindex,17.8848[1.04635],17.8495[1.05527],17.92[1.03615],59,0_71
Pref0,0.88[0.228254],0.873[0.233176],0.887[0.223004],59,0_71
Signal0,1[0],1[0],1[0],59,0_71
Hybridindex,17.8735[1.06618],17.8752[1.07373],17.8717[1.0583],60,0_71
Pref0,0.87525[0.232513],0.868369[0.241479],0.882383[0.222615],60,0_71
Signal0,1[0],1[0],1[0],60,0_71
Hybridindex,17.8953[1.04267],17.9024[1.03723],17.8883[1.04786],61,0_71
Pref0,0.874[0.235317],0.868902[0.24401],0.878937[0.22647],61,0_71
Signal0,1[0],1[0],1[0],61,0_71
Hybridindex,17.8818[1.0619],17.878[1.06492],17.8857[1.05869],62,0_71
Pref0,0.87225[0.230879],0.875121[0.232666],0.869207[0.22893],62,0_71
Signal0,1[0],1[0],1[0],62,0_71
Hybridindex,17.8968[1.08407],17.8678[1.09217],17.9259[1.07509],63,0_71
Pref0,0.881[0.225475],0.881737[0.22391],0.880261[0.227034],63,0_71
Signal0,1[0],1[0],1[0],63,0_71
Hybridindex,17.916[1.06287],17.9293[1.0718],17.902[1.0532],64,0_71
Pref0,0.89175[0.219447],0.893762[0.221681],0.88963[0.217049],64,0_71
Signal0,1[0],1[0],1[0],64,0_71
Hybridindex,17.8962[1.09207],17.8543[1.10399],17.9364[1.07901],65,0_71
Pref0,0.88325[0.224153],0.885992[0.221627],0.880626[0.226512],65,0_71
Signal0,1[0],1[0],1[0],65,0_71
Hybridindex,17.9163[1.05658],17.9125[1.04844],17.9197[1.06411],66,0_71
Pref0,0.8755[0.229128],0.887681[0.21718],0.86412[0.239194],66,0_71
Signal0,1[0],1[0],1[0],66,0_71
Hybridindex,17.914[1.05906],17.9239[1.04987],17.9043[1.06783],67,0_71
Pref0,0.8715[0.239244],0.871704[0.237295],0.871302[0.241124],67,0_71
Signal0,1[0],1[0],1[0],67,0_71
Hybridindex,17.9567[1.07227],17.9748[1.069],17.9382[1.0753],68,0_71
Pref0,0.8695[0.239728],0.878578[0.233149],0.860182[0.24595],68,0_71
Signal0,1[0],1[0],1[0],68,0_71
Hybridindex,17.9928[1.05928],18[1.03877],17.9856[1.07907],69,0_71
Pref0,0.87525[0.232513],0.873112[0.228864],0.877358[0.236038],69,0_71
Signal0,1[0],1[0],1[0],69,0_71
Hybridindex,17.9842[1.03749],18.006[1.06545],17.9624[1.00815],70,0_71
Pref0,0.8735[0.232374],0.86477[0.238354],0.882265[0.225872],70,0_71
Signal0,1[0],1[0],1[0],70,0_71
Hybridindex,17.9635[1.03049],17.9833[1.03496],17.9431[1.02547],71,0_71
Pref0,0.8735[0.231836],0.86601[0.236513],0.881218[0.226656],71,0_71
Signal0,1[0],1[0],1[0],71,0_71
Hybridindex,17.9535[1.07904],17.9479[1.08351],17.9589[1.07472],72,0_71
Pref0,0.8895[0.22481],0.889173[0.223093],0.889814[0.226445],72,0_71
Signal0,1[0],1[0],1[0],72,0_71
Hybridindex,17.9423[1.05867],17.9337[1.06947],17.9512[1.04711],73,0_71
Pref0,0.89725[0.215795],0.893275[0.217561],0.901437[0.213838],73,0_71
Signal0,1[0],1[0],1[0],73,0_71
Hybridindex,17.9735[1.05974],17.969[1.08777],17.9777[1.03268],74,0_71
Pref0,0.90275[0.205347],0.907637[0.203132],0.898157[0.207302],74,0_71
Signal0,1[0],1[0],1[0],74,0_71
Hybridindex,17.9823[1.05074],17.9687[1.05128],17.9955[1.05005],75,0_71
Pref0,0.908[0.199464],0.91456[0.190869],0.901583[0.207327],75,0_71
Signal0,1[0],1[0],1[0],75,0_71
Hybridindex,18.0053[1.03807],18.0015[1.01546],18.0092[1.06104],76,0_71
Pref0,0.90675[0.205984],0.903827[0.209151],0.909786[0.202598],76,0_71
Signal0,1[0],1[0],1[0],76,0_71
Hybridindex,18.0265[1.02044],18.0431[1.00851],18.0111[1.03116],77,0_71
Pref0,0.899[0.214007],0.898754[0.213458],0.899229[0.214515],77,0_71
Signal0,1[0],1[0],1[0],77,0_71
Hybridindex,17.9982[1.01716],18.0313[1.01517],17.9648[1.01808],78,0_71
Pref0,0.892[0.220422],0.894135[0.220643],0.889839[0.220178],78,0_71
Signal0,1[0],1[0],1[0],78,0_71
Hybridindex,17.9892[1.03598],17.9746[1.0392],18.004[1.03253],79,0_71
Pref0,0.8875[0.224374],0.888723[0.223032],0.886273[0.225707],79,0_71
Signal0,1[0],1[0],1[0],79,0_71
Hybridindex,18.0045[1.02992],17.9934[1.01869],18.0153[1.0406],80,0_71
Pref0,0.8935[0.213677],0.901623[0.201308],0.885602[0.224772],80,0_71
Signal0,1[0],1[0],1[0],80,0_71
Hybridindex,18.0035[1.02859],18.0204[1.01224],17.9873[1.04373],81,0_71
Pref0,0.893[0.216912],0.892638[0.217409],0.893346[0.216435],81,0_71
Signal0,1[0],1[0],1[0],81,0_71
Hybridindex,18.0128[1.01696],18.0276[1.00523],17.9985[1.02784],82,0_71
Pref0,0.886[0.227495],0.878199[0.232924],0.893451[0.221931],82,0_71
Signal0,1[0],1[0],1[0],82,0_71
Hybridindex,17.9932[1.03275],17.9714[1.041],18.015[1.02403],83,0_71
Pref0,0.8785[0.235558],0.880642[0.226828],0.876371[0.243909],83,0_71
Signal0,1[0],1[0],1[0],83,0_71
Hybridindex,17.9617[1.04578],17.9436[1.06407],17.9793[1.02746],84,0_71
Pref0,0.887[0.227444],0.88313[0.232213],0.890748[0.222665],84,0_71
Signal0,1[0],1[0],1[0],84,0_71
Hybridindex,17.9528[1.03411],17.9376[1.02061],17.9682[1.04748],85,0_71
Pref0,0.8795[0.225787],0.875248[0.230757],0.883838[0.220517],85,0_71
Signal0,1[0],1[0],1[0],85,0_71
Hybridindex,17.988[1.06106],17.9889[1.05858],17.9871[1.06351],86,0_71
Pref0,0.87325[0.239915],0.871227[0.244696],0.875249[0.235079],86,0_71
Signal0,1[0],1[0],1[0],86,0_71
Hybridindex,17.9357[1.0967],17.9114[1.10051],17.96[1.09234],87,0_71
Pref0,0.8795[0.229085],0.871872[0.235914],0.887113[0.221798],87,0_71
Signal0,1[0],1[0],1[0],87,0_71
Hybridindex,17.8983[1.08594],17.9126[1.0918],17.8835[1.0797],88,0_71
Pref0,0.88925[0.22217],0.885489[0.223754],0.89311[0.220465],88,0_71
Signal0,1[0],1[0],1[0],88,0_71
Hybridindex,17.8693[1.07274],17.8797[1.06216],17.8587[1.08325],89,0_71
Pref0,0.8905[0.219111],0.890159[0.219824],0.890845[0.218387],89,0_71
Signal0,1[0],1[0],1[0],89,0_71
Hybridindex,17.884[1.06421],17.8909[1.04947],17.8769[1.07909],90,0_71
Pref0,0.88225[0.225854],0.883021[0.22523],0.881459[0.22649],90,0_71
Signal0,1[0],1[0],1[0],90,0_71
Hybridindex,17.9073[1.02933],17.8709[1.02797],17.9411[1.02945],91,0_71
Pref0,0.878[0.234768],0.880187[0.235385],0.875965[0.234174],91,0_71
Signal0,1[0],1[0],1[0],91,0_71
Hybridindex,17.9157[1.03924],17.9535[1.02588],17.8788[1.05084],92,0_71
Pref0,0.881[0.231493],0.881193[0.234295],0.880811[0.228719],92,0_71
Signal0,1[0],1[0],1[0],92,0_71
Hybridindex,17.8803[1.05631],17.866[1.05343],17.8942[1.05893],93,0_71
Pref0,0.8785[0.232353],0.881193[0.226617],0.875865[0.237801],93,0_71
Signal0,1[0],1[0],1[0],93,0_71
Hybridindex,17.9065[1.02177],17.9015[1.01736],17.9114[1.02609],94,0_71
Pref0,0.87875[0.227318],0.874874[0.22678],0.882587[0.227785],94,0_71
Signal0,1[0],1[0],1[0],94,0_71
Hybridindex,17.9305[1.0037],17.93[0.990177],17.931[1.01724],95,0_71
Pref0,0.885[0.225887],0.890765[0.226111],0.879154[0.225509],95,0_71
Signal0,1[0],1[0],1[0],95,0_71
Hybridindex,17.906[1.02404],17.9093[1.02279],17.9027[1.02529],96,0_71
Pref0,0.8825[0.223481],0.882851[0.226564],0.882146[0.220336],96,0_71
Signal0,1[0],1[0],1[0],96,0_71
Hybridindex,17.901[1.02137],17.8952[1.03723],17.9068[1.00516],97,0_71
Pref0,0.87775[0.227881],0.880739[0.224494],0.874749[0.231194],97,0_71
Signal0,1[0],1[0],1[0],97,0_71
Hybridindex,17.9005[1.0561],17.9104[1.05587],17.8905[1.05624],98,0_71
Pref0,0.867[0.241477],0.857711[0.246675],0.876382[0.235739],98,0_71
Signal0,1[0],1[0],1[0],98,0_71
Hybridindex,17.8895[1.06597],17.9229[1.05388],17.8553[1.07714],99,0_71
Pref0,0.879[0.234753],0.87747[0.237964],0.880567[0.231408],99,0_71
Signal0,1[0],1[0],1[0],99,0_71
Hybridindex,17.8968[1.06265],17.9093[1.04103],17.8848[1.08271],100,0_71
Pref0,0.8805[0.225765],0.875512[0.2344],0.885254[0.217108],100,0_71
Signal0,1[0],1[0],1[0],100,0_71
Hybridindex,12.44[8.18208],12.3881[8.32599],12.4925[8.03377],1,0_72
Pref0,0.622[0.409104],0.619403[0.416299],0.624623[0.401688],1,0_72
Signal0,0.622[0.409104],0.619403[0.416299],0.624623[0.401688],1,0_72
Hybridindex,15.221[5.9705],15.0036[5.97381],15.4312[5.95977],2,0_72
Pref0,0.766[0.330899],0.764496[0.32951],0.767453[0.332229],2,0_72
Signal0,0.76125[0.32996],0.745168[0.332864],0.776794[0.326376],2,0_72
Hybridindex,16.8712[3.89166],16.8817[3.85655],16.8607[3.92657],3,0_72
Pref0,0.8535[0.255515],0.854291[0.252189],0.852705[0.258808],3,0_72
Signal0,0.86975[0.243742],0.86976[0.241117],0.869739[0.246348],3,0_72
Hybridindex,17.4782[2.61838],17.4864[2.51623],17.4701[2.7159],4,0_72
Pref0,0.8785[0.235027],0.882028[0.230436],0.875[0.239443],4,0_72
Signal0,0.926[0.182412],0.925703[0.180645],0.926295[0.184147],4,0_72
Hybridindex,17.6805[2.00029],17.7184[2.00528],17.6404[1.99423],5,0_72
Pref0,0.8925[0.214927],0.890564[0.219299],0.894547[0.210186],5,0_72
Signal0,0.962[0.132499],0.960603[0.134708],0.963477[0.130105],5,0_72
Hybridindex,17.7722[1.64058],17.7707[1.63725],17.7737[1.64368],6,0_72
Pref0,0.899[0.215752],0.888716[0.223577],0.908607[0.207717],6,0_72
Signal0,0.984[0.088],0.98499[0.0853221],0.983075[0.0904204],6,0_72
Hybridindex,17.762[1.49987],17.7735[1.49914],17.7503[1.50053],7,0_72
Pref0,0.9005[0.211187],0.894164[0.219422],0.906977[0.202217],7,0_72
Signal0,0.99[0.07],0.991592[0.064289],0.988372[0.0753574],7,0_72
Hybridindex,17.705[1.45189],17.7218[1.44949],17.6885[1.45405],8,0_72
Pref0,0.9055[0.202039],0.90625[0.198993],0.904762[0.20499],8,0_72
Signal0,0.99175[0.0636941],0.988407[0.0752461],0.99504[0.0495535],8,0_72
Hybridindex,17.7555[1.38156],17.7517[1.3499],17.7593[1.4127],9,0_72
Pref0,0.90825[0.199266],0.905783[0.200564],0.910732[0.197921],9,0_72
Signal0,0.99725[0.0369789],0.998006[0.0315124],0.996489[0.0417486],9,0_72
Hybridindex,17.76[1.34048],17.8124[1.31571],17.7044[1.36405],10,0_72
Pref0,0.90225[0.208134],0.90622[0.207255],0.898043[0.20898],10,0_72
Signal0,0.998[0.0315595],0.997085[0.0380687],0.99897[0.0226688],10,0_72
Hybridindex,17.7587[1.30802],17.8199[1.29164],17.6956[1.32176],11,0_72
Pref0,0.90525[0.203464],0.899606[0.206346],0.911077[0.200277],11,0_72
Signal0,0.99925[0.0193504],0.999508[0.0156787],0.998984[0.0225188],11,0_72
Hybridindex,17.7325[1.33377],17.7354[1.36076],17.7297[1.30676],12,0_72
Pref0,0.9005[0.213541],0.908586[0.20095],0.892574[0.224919],12,0_72
Signal0,0.99925[0.0193504],0.999495[0.015883],0.99901[0.0222277],12,0_72
Hybridindex,17.7318[1.31488],17.7259[1.28806],17.7379[1.34269],13,0_72
Pref0,0.8985[0.209637],0.890185[0.215057],0.907312[0.203365],13,0_72
Signal0,0.9985[0.027345],0.998542[0.0269581],0.998455[0.0277491],13,0_72
Hybridindex,17.7345[1.31824],17.7125[1.32019],17.7556[1.31602],14,0_72
Pref0,0.89575[0.216234],0.895812[0.212896],0.89569[0.219386],14,0_72
Signal0,0.999[0.0223383],0.999489[0.0159719],0.998531[0.0270632],14,0_72
Hybridindex,17.7492[1.27083],17.7758[1.26774],17.7213[1.27347],15,0_72
Pref0,0.89525[0.21657],0.891813[0.218517],0.898871[0.21444],15,0_72
Signal0,0.99975[0.0111775],1[0],0.999487[0.0160128],15,0_72
Hybridindex,17.7347[1.23218],17.7642[1.22141],17.7072[1.24151],16,0_72
Pref0,0.8975[0.216203],0.893782[0.21919],0.900966[0.213322],16,0_72
Signal0,1[0],1[0],1[0],16,0_72
Hybridindex,17.721[1.25545],17.7216[1.2361],17.7205[1.27424],17,0_72
Pref0,0.89275[0.214761],0.882175[0.224874],0.903178[0.203763],17,0_72
Signal0,1[0],1[0],1[0],17,0_72
Hybridindex,17.769[1.21064],17.7432[1.23359],17.7945[1.18692],18,0_72
Pref0,0.906[0.208959],0.898995[0.217568],0.912935[0.19983],18,0_72
Signal0,1[0],1[0],1[0],18,0_72
Hybridindex,17.7647[1.23472],17.7348[1.28517],17.7941[1.18245],19,0_72
Pref0,0.905[0.212662],0.901515[0.215902],0.908416[0.20938],19,0_72
Signal0,1[0],1[0],1[0],19,0_72
Hybridindex,17.7587[1.23133],17.7603[1.19359],17.7572[1.2673],20,0_72
Pref0,0.8985[0.213185],0.901615[0.205026],0.895441[0.220862],20,0_72
Signal0,1[0],1[0],1[0],20,0_72
Hybridindex,17.7808[1.21791],17.7648[1.19841],17.7977[1.23809],21,0_72
Pref0,0.898[0.217016],0.900097[0.216242],0.895769[0.217815],21,0_72
Signal0,1[0],1[0],1[0],21,0_72
Hybridindex,17.8087[1.22211],17.75[1.24028],17.8689[1.20023],22,0_72
Pref0,0.897[0.214805],0.896739[0.214262],0.897267[0.215358],22,0_72
Signal0,1[0],1[0],1[0],22,0_72
Hybridindex,17.8278[1.18983],17.8605[1.20251],17.7946[1.17591],23,0_72
Pref0,0.903[0.208185],0.900695[0.209196],0.905337[0.207128],23,0_72
Signal0,1[0],1[0],1[0],23,0_72
Hybridindex,17.846[1.20241],17.829[1.23177],17.863[1.17206],24,0_72
Pref0,0.91[0.202237],0.903[0.209979],0.917[0.193936],24,0_72
Signal0,1[0],1[0],1[0],24,0_72
Hybridindex,17.7778[1.19718],17.776[1.17288],17.7795[1.22056],25,0_72
Pref0,0.916[0.197342],0.915237[0.203104],0.916749[0.191512],25,0_72
Signal0,1[0],1[0],1[0],25,0_72
Hybridindex,17.7295[1.20409],17.6991[1.20751],17.7591[1.2],26,0_72
Pref0,0.912[0.200015],0.905775[0.205638],0.918065[0.194189],26,0_72
Signal0,1[0],1[0],1[0],26,0_72
Hybridindex,17.7515[1.21419],17.7614[1.21304],17.7414[1.21528],27,0_72
Pref0,0.91175[0.205759],0.91749[0.199704],0.90587[0.211621],27,0_72
Signal0,1[0],1[0],1[0],27,0_72
Hybridindex,17.7978[1.21222],17.751[1.23332],17.8436[1.18939],28,0_72
Pref0,0.909[0.203639],0.906566[0.205006],0.911386[0.202262],28,0_72
Signal0,1[0],1[0],1[0],28,0_72
Hybridindex,17.737[1.18431],17.712[1.18292],17.7613[1.18515],29,0_72
Pref0,0.9055[0.205718],0.906187[0.204097],0.904832[0.20728],29,0_72
Signal0,1[0],1[0],1[0],29,0_72
Hybridindex,17.7595[1.19097],17.7265[1.18307],17.7918[1.19776],30,0_72
Pref0,0.91225[0.200437],0.912032[0.200724],0.912463[0.200156],30,0_72
Signal0,1[0],1[0],1[0],30,0_72
Hybridindex,17.7673[1.16144],17.7932[1.1789],17.7412[1.1431],31,0_72
Pref0,0.91[0.201618],0.909091[0.202944],0.910911[0.200278],31,0_72
Signal0,1[0],1[0],1[0],31,0_72
Hybridindex,17.771[1.14752],17.7793[1.13922],17.7615[1.15687],32,0_72
Pref0,0.90275[0.212526],0.897844[0.21618],0.90836[0.208127],32,0_72
Signal0,1[0],1[0],1[0],32,0_72
Hybridindex,17.7705[1.15697],17.7967[1.13622],17.7451[1.17616],33,0_72
Pref0,0.89875[0.217079],0.893801[0.222358],0.903543[0.211731],33,0_72
Signal0,1[0],1[0],1[0],33,0_72
Hybridindex,17.7948[1.1286],17.8077[1.1351],17.7814[1.12172],34,0_72
Pref0,0.89375[0.215838],0.895957[0.212465],0.891481[0.219229],34,0_72
Signal0,1[0],1[0],1[0],34,0_72
Hybridindex,17.8107[1.14414],17.8076[1.12244],17.814[1.16647],35,0_72
Pref0,0.88625[0.222903],0.888184[0.218632],0.884221[0.227281],35,0_72
Signal0,1[0],1[0],1[0],35,0_72
Hybridindex,17.851[1.14031],17.8929[1.14104],17.8103[1.13812],36,0_72
Pref0,0.882[0.229295],0.886802[0.230048],0.87734[0.228464],36,0_72
Signal0,1[0],1[0],1[0],36,0_72
Hybridindex,17.858[1.13956],17.8452[1.13257],17.8709[1.14637],37,0_72
Pref0,0.87425[0.233585],0.874625[0.233369],0.873874[0.233801],37,0_72
Signal0,1[0],1[0],1[0],37,0_72
Hybridindex,17.8528[1.12292],17.9213[1.09569],17.7896[1.1438],38,0_72
Pref0,0.881[0.227132],0.895203[0.213511],0.867915[0.238246],38,0_72
Signal0,1[0],1[0],1[0],38,0_72
Hybridindex,17.8218[1.11897],17.8534[1.0897],17.7902[1.14657],39,0_72
Pref0,0.887[0.229087],0.891892[0.22886],0.882118[0.22921],39,0_72
Signal0,1[0],1[0],1[0],39,0_72
Hybridindex,17.8773[1.0863],17.8802[1.08703],17.8744[1.0856],40,0_72
Pref0,0.8805[0.231235],0.880224[0.230623],0.880765[0.231823],40,0_72
Signal0,1[0],1[0],1[0],40,0_72
Hybridindex,17.897[1.07803],17.941[1.0323],17.8522[1.12089],41,0_72
Pref0,0.88425[0.23071],0.883548[0.229333],0.884965[0.232101],41,0_72
Signal0,1[0],1[0],1[0],41,0_72
Hybridindex,17.914[1.10311],17.9155[1.10135],17.9124[1.10491],42,0_72
Pref0,0.8885[0.220381],0.889822[0.218839],0.887146[0.221941],42,0_72
Signal0,1[0],1[0],1[0],42,0_72
Hybridindex,17.879[1.11752],17.9379[1.09309],17.8202[1.13835],43,0_72
Pref0,0.88925[0.219908],0.888388[0.222159],0.89011[0.217634],43,0_72
Signal0,1[0],1[0],1[0],43,0_72
Hybridindex,17.914[1.07905],17.8831[1.06608],17.9444[1.09081],44,0_72
Pref0,0.8955[0.211139],0.892137[0.211701],0.89881[0.210533],44,0_72
Signal0,1[0],1[0],1[0],44,0_72
Hybridindex,17.951[1.06412],17.9799[1.03064],17.9238[1.09401],45,0_72
Pref0,0.88975[0.22298],0.884536[0.232796],0.89466[0.213206],45,0_72
Signal0,1[0],1[0],1[0],45,0_72
Hybridindex,17.9417[1.06489],17.9652[1.07619],17.9179[1.05277],46,0_72
Pref0,0.8905[0.222508],0.886296[0.228833],0.894763[0.215821],46,0_72
Signal0,1[0],1[0],1[0],46,0_72
Hybridindex,17.8798[1.08047],17.8739[1.07223],17.8856[1.08854],47,0_72
Pref0,0.89575[0.213909],0.89598[0.217302],0.895522[0.210495],47,0_72
Signal0,1[0],1[0],1[0],47,0_72
Hybridindex,17.9202[1.06701],17.9477[1.07638],17.891[1.05615],48,0_72
Pref0,0.90775[0.206434],0.911822[0.200474],0.903409[0.212518],48,0_72
Signal0,1[0],1[0],1[0],48,0_72
Hybridindex,17.8672[1.09167],17.8448[1.08577],17.8885[1.09682],49,0_72
Pref0,0.9125[0.198982],0.912127[0.202088],0.912853[0.195993],49,0_72
Signal0,1[0],1[0],1[0],49,0_72
Hybridindex,17.8965[1.08917],17.9134[1.09887],17.8788[1.07865],50,0_72
Pref0,0.90775[0.203384],0.902642[0.20764],0.913088[0.198698],50,0_72
Signal0,1[0],1[0],1[0],50,0_72
Hybridindex,17.899[1.09513],17.9013[1.1026],17.8967[1.08778],51,0_72
Pref0,0.91525[0.195429],0.925101[0.184021],0.905632[0.205502],51,0_72
Signal0,1[0],1[0],1[0],51,0_72
Hybridindex,17.905[1.12048],17.9364[1.09742],17.8741[1.14183],52,0_72
Pref0,0.9185[0.193282],0.925328[0.186514],0.911794[0.199478],52,0_72
Signal0,1[0],1[0],1[0],52,0_72
Hybridindex,17.9205[1.14036],17.9567[1.09439],17.8804[1.18792],53,0_72
Pref0,0.924[0.188345],0.921503[0.192074],0.926765[0.184088],53,0_72
Signal0,1[0],1[0],1[0],53,0_72
Hybridindex,17.901[1.09895],17.8816[1.07963],17.9208[1.11794],54,0_72
Pref0,0.92175[0.185073],0.922696[0.186168],0.920787[0.183946],54,0_72
Signal0,1[0],1[0],1[0],54,0_72
Hybridindex,17.927[1.12713],17.9694[1.14663],17.8848[1.10579],55,0_72
Pref0,0.923[0.189264],0.914744[0.200934],0.931206[0.176521],55,0_72
Signal0,1[0],1[0],1[0],55,0_72
Hybridindex,17.9748[1.09327],17.9439[1.1244],18.005[1.061],56,0_72
Pref0,0.9235[0.191436],0.925758[0.191467],0.921287[0.191379],56,0_72
Signal0,1[0],1[0],1[0],56,0_72
Hybridindex,18.0012[1.06154],18.0056[1.06404],17.997[1.05908],57,0_72
Pref0,0.925[0.185405],0.922144[0.189473],0.927794[0.181294],57,0_72
Signal0,1[0],1[0],1[0],57,0_72
Hybridindex,17.9825[1.09405],17.9951[1.10787],17.9695[1.07938],58,0_72
Pref0,0.9245[0.185202],0.926817[0.184885],0.922098[0.185499],58,0_72
Signal0,1[0],1[0],1[0],58,0_72
Hybridindex,18.0115[1.06928],17.9927[1.06734],18.0313[1.07097],59,0_72
Pref0,0.92775[0.190145],0.931707[0.184045],0.92359[0.196266],59,0_72
Signal0,1[0],1[0],1[0],59,0_72
Hybridindex,18.0212[1.02685],18.0115[1.05399],18.0311[0.998765],60,0_72
Pref0,0.9235[0.187477],0.918164[0.195481],0.928858[0.178922],60,0_72
Signal0,1[0],1[0],1[0],60,0_72
Hybridindex,18.0135[1.03117],18.0152[1.03893],18.0118[1.02357],61,0_72
Pref0,0.928[0.183891],0.923935[0.187854],0.931953[0.179866],61,0_72
Signal0,1[0],1[0],1[0],61,0_72
Hybridindex,18.0203[1.02285],18.0005[1.02747],18.0393[1.01799],62,0_72
Pref0,0.93425[0.175505],0.927772[0.182867],0.940511[0.167845],62,0_72
Signal0,1[0],1[0],1[0],62,0_72
Hybridindex,18.037[1.0358],17.9822[1.03379],18.0933[1.03485],63,0_72
Pref0,0.93475[0.173544],0.935404[0.173487],0.934077[0.1736],63,0_72
Signal0,1[0],1[0],1[0],63,0_72
Hybridindex,18.0285[1.05839],18.0076[1.07709],18.0489[1.03941],64,0_72
Pref0,0.93375[0.176737],0.932186[0.175574],0.935277[0.177851],64,0_72
Signal0,1[0],1[0],1[0],64,0_72
Hybridindex,18.031[1.0796],18.0363[1.07005],18.026[1.08866],65,0_72
Pref0,0.93375[0.178846],0.936159[0.174351],0.93144[0.183023],65,0_72
Signal0,1[0],1[0],1[0],65,0_72
Hybridindex,18.0527[1.0751],18.0208[1.11124],18.0871[1.03376],66,0_72
Pref0,0.9395[0.169085],0.943533[0.162766],0.935166[0.175519],66,0_72
Signal0,1[0],1[0],1[0],66,0_72
Hybridindex,18.0413[1.06015],18.0657[1.06125],18.0184[1.05862],67,0_72
Pref0,0.9375[0.1713],0.928645[0.18213],0.945789[0.160059],67,0_72
Signal0,1[0],1[0],1[0],67,0_72
Hybridindex,18.0493[1.03897],18.0119[1.0352],18.0874[1.04141],68,0_72
Pref0,0.93925[0.167136],0.938119[0.167635],0.940404[0.166618],68,0_72
Signal0,1[0],1[0],1[0],68,0_72
Hybridindex,18.0682[1.02675],18.0433[1.03998],18.0918[1.01355],69,0_72
Pref0,0.9375[0.172028],0.946447[0.157919],0.929057[0.183956],69,0_72
Signal0,1[0],1[0],1[0],69,0_72
Hybridindex,18.047[1.04776],18.078[1.02275],18.0164[1.07096],70,0_72
Pref0,0.94075[0.163904],0.944109[0.157549],0.937438[0.169872],70,0_72
Signal0,1[0],1[0],1[0],70,0_72
Hybridindex,18.0645[1.03879],18.0847[1.03329],18.0437[1.04402],71,0_72
Pref0,0.93575[0.176768],0.934483[0.174461],0.937056[0.179105],71,0_72
Signal0,1[0],1[0],1[0],71,0_72
Hybridindex,18.0485[1.04158],18.0612[1.02247],18.0359[1.06005],72,0_72
Pref0,0.9315[0.180438],0.935743[0.17467],0.927291[0.185887],72,0_72
Signal0,1[0],1[0],1[0],72,0_72
Hybridindex,18.0635[1.04294],18.0928[1.03281],18.035[1.05191],73,0_72
Pref0,0.93525[0.175876],0.930527[0.178713],0.939842[0.17295],73,0_72
Signal0,1[0],1[0],1[0],73,0_72
Hybridindex,18.0413[1.05341],18.0354[1.06595],18.0466[1.04167],74,0_72
Pref0,0.93375[0.175317],0.928646[0.179299],0.938462[0.171424],74,0_72
Signal0,1[0],1[0],1[0],74,0_72
Hybridindex,18.023[1.04581],18.0307[1.03475],18.0156[1.05622],75,0_72
Pref0,0.9355[0.173464],0.931934[0.17877],0.938905[0.16817],75,0_72
Signal0,1[0],1[0],1[0],75,0_72
Hybridindex,18.053[1.0199],18.0706[1.00551],18.035[1.03414],76,0_72
Pref0,0.92675[0.183737],0.929911[0.181916],0.923506[0.185532],76,0_72
Signal0,1[0],1[0],1[0],76,0_72
Hybridindex,18.041[1.03722],18.0684[1.00487],18.0143[1.06712],77,0_72
Pref0,0.92775[0.180707],0.926545[0.182642],0.928924[0.178793],77,0_72
Signal0,1[0],1[0],1[0],77,0_72
Hybridindex,18.027[1.02921],18.0252[1.02071],18.0287[1.03716],78,0_72
Pref0,0.9275[0.182329],0.92482[0.185776],0.930029[0.178978],78,0_72
Signal0,1[0],1[0],1[0],78,0_72
Hybridindex,18.031[1.01774],18.0432[1.03405],18.018[0.999966],79,0_72
Pref0,0.9335[0.176289],0.937379[0.168405],0.929381[0.184202],79,0_72
Signal0,1[0],1[0],1[0],79,0_72
Hybridindex,17.9698[1.01966],17.9606[1.03371],17.979[1.00528],80,0_72
Pref0,0.9295[0.179666],0.922655[0.187578],0.936373[0.17108],80,0_72
Signal0,1[0],1[0],1[0],80,0_72
Hybridindex,17.9357[1.02408],17.9519[1.02337],17.9197[1.02454],81,0_72
Pref0,0.92725[0.185964],0.927355[0.188559],0.927146[0.183342],81,0_72
Signal0,1[0],1[0],1[0],81,0_72
Hybridindex,17.931[1.04139],17.8929[1.03738],17.9712[1.04409],82,0_72
Pref0,0.92475[0.186982],0.928432[0.180581],0.920863[0.193434],82,0_72
Signal0,1[0],1[0],1[0],82,0_72
Hybridindex,17.9735[1.04154],17.9804[1.03573],17.9667[1.04721],83,0_72
Pref0,0.923[0.189264],0.918593[0.193892],0.927363[0.184465],83,0_72
Signal0,1[0],1[0],1[0],83,0_72
Hybridindex,17.947[1.0578],17.9197[1.06432],17.9734[1.05077],84,0_72
Pref0,0.92425[0.184762],0.910569[0.198137],0.9375[0.169765],84,0_72
Signal0,1[0],1[0],1[0],84,0_72
Hybridindex,17.9288[1.06315],17.9396[1.04399],17.9177[1.08224],85,0_72
Pref0,0.92525[0.189176],0.928218[0.188915],0.922222[0.189393],85,0_72
Signal0,1[0],1[0],1[0],85,0_72
Hybridindex,17.9383[1.03032],17.9068[1.03996],17.9702[1.01942],86,0_72
Pref0,0.9285[0.18135],0.925173[0.183838],0.931887[0.178717],86,0_72
Signal0,1[0],1[0],1[0],86,0_72
Hybridindex,17.912[1.01551],17.9069[1.00469],17.9169[1.02584],87,0_72
Pref0,0.93775[0.170294],0.936928[0.17054],0.938545[0.170051],87,0_72
Signal0,1[0],1[0],1[0],87,0_72
Hybridindex,17.931[1.01328],17.9267[1.00456],17.9355[1.02219],88,0_72
Pref0,0.93625[0.170473],0.937992[0.16922],0.934451[0.171738],88,0_72
Signal0,1[0],1[0],1[0],88,0_72
Hybridindex,17.928[1.02972],17.9453[1.00967],17.9102[1.04963],89,0_72
Pref0,0.94225[0.162911],0.93787[0.170814],0.946755[0.154232],89,0_72
Signal0,1[0],1[0],1[0],89,0_72
Hybridindex,17.914[1.04719],17.8967[1.03742],17.9305[1.05618],90,0_72
Pref0,0.94325[0.164786],0.943763[0.162757],0.942759[0.166703],90,0_72
Signal0,1[0],1[0],1[0],90,0_72
Hybridindex,17.8807[1.07455],17.8842[1.0582],17.8774[1.08989],91,0_72
Pref0,0.94275[0.164613],0.944672[0.163254],0.940918[0.165877],91,0_72
Signal0,1[0],1[0],1[0],91,0_72
Hybridindex,17.8807[1.05174],17.8595[1.02398],17.9023[1.07874],92,0_72
Pref0,0.94625[0.158858],0.944389[0.157203],0.948137[0.160497],92,0_72
Signal0,1[0],1[0],1[0],92,0_72
Hybridindex,17.9028[1.0867],17.8958[1.08185],17.91[1.0917],93,0_72
Pref0,0.9435[0.160648],0.945205[0.160818],0.941718[0.16045],93,0_72
Signal0,1[0],1[0],1[0],93,0_72
Hybridindex,17.9198[1.04663],17.8893[1.05958],17.9521[1.03172],94,0_72
Pref0,0.94725[0.15441],0.945631[0.155655],0.948969[0.153058],94,0_72
Signal0,1[0],1[0],1[0],94,0_72
Hybridindex,17.9615[1.0414],17.9761[1.03905],17.9474[1.04347],95,0_72
Pref0,0.94825[0.154748],0.950611[0.150879],0.945972[0.158358],95,0_72
Signal0,1[0],1[0],1[0],95,0_72
Hybridindex,17.9413[1.05068],17.9778[1.02616],17.9037[1.07401],96,0_72
Pref0,0.94975[0.156844],0.949211[0.160541],0.950304[0.152946],96,0_72
Signal0,1[0],1[0],1[0],96,0_72
Hybridindex,17.9078[1.04337],17.9094[1.01169],17.906[1.0761],97,0_72
Pref0,0.955[0.147394],0.950581[0.154015],0.959711[0.139837],97,0_72
Signal0,1[0],1[0],1[0],97,0_72
Hybridindex,17.8717[1.03992],17.881[1.01913],17.8617[1.06198],98,0_72
Pref0,0.9545[0.146389],0.953935[0.144605],0.955115[0.148303],98,0_72
Signal0,1[0],1[0],1[0],98,0_72
Hybridindex,17.8852[1.02516],17.899[1.02603],17.8714[1.0241],99,0_72
Pref0,0.9505[0.151821],0.949254[0.15425],0.951759[0.149318],99,0_72
Signal0,1[0],1[0],1[0],99,0_72
Hybridindex,17.8407[1.03815],17.8071[1.03584],17.8759[1.0394],100,0_72
Pref0,0.9505[0.153459],0.952498[0.153146],0.948417[0.153758],100,0_72
Signal0,1[0],1[0],1[0],100,0_72
Hybridindex,12.56[8.23689],12.9596[8.16672],12.1683[8.28642],1,0_73
Pref0,0.628[0.411845],0.64798[0.408336],0.608416[0.414321],1,0_73
Signal0,0.628[0.411845],0.64798[0.408336],0.608416[0.414321],1,0_73
Hybridindex,15.465[5.74034],15.3161[5.88551],15.6047[5.59716],2,0_73
Pref0,0.77375[0.31731],0.766012[0.321013],0.781008[0.313624],2,0_73
Signal0,0.7665[0.322456],0.767045[0.330475],0.765988[0.314748],2,0_73
Hybridindex,17.0667[3.51869],17.0949[3.57746],17.0385[3.45857],3,0_73
Pref0,0.8515[0.255828],0.855145[0.253834],0.847848[0.257758],3,0_73
Signal0,0.87725[0.23411],0.874126[0.239963],0.88038[0.228051],3,0_73
Hybridindex,17.5795[2.41628],17.6177[2.37464],17.5373[2.46072],4,0_73
Pref0,0.8835[0.225117],0.885605[0.224293],0.881178[0.226],4,0_73
Signal0,0.932[0.175003],0.93184[0.175682],0.932177[0.17425],4,0_73
Hybridindex,17.7542[1.77953],17.7884[1.78906],17.7204[1.7694],5,0_73
Pref0,0.898[0.215281],0.902513[0.211583],0.893532[0.218789],5,0_73
Signal0,0.96725[0.123703],0.965829[0.126166],0.968657[0.121199],5,0_73
Hybridindex,17.8077[1.58095],17.8426[1.55487],17.7748[1.60453],6,0_73
Pref0,0.91425[0.19627],0.912551[0.20048],0.915856[0.192191],6,0_73
Signal0,0.98425[0.0873323],0.986626[0.0806744],0.982004[0.0931354],6,0_73
Hybridindex,17.7705[1.42989],17.7321[1.44329],17.8092[1.41519],7,0_73
Pref0,0.911[0.202062],0.910359[0.20558],0.911647[0.19845],7,0_73
Signal0,0.99[0.07],0.989542[0.0715522],0.990462[0.0683966],7,0_73
Hybridindex,17.754[1.32117],17.7422[1.31533],17.7663[1.32711],8,0_73
Pref0,0.91425[0.198801],0.913725[0.195307],0.914796[0.202372],8,0_73
Signal0,0.99575[0.0459014],0.997059[0.0382353],0.994388[0.0526747],8,0_73
Hybridindex,17.743[1.31926],17.7444[1.31625],17.7416[1.3222],9,0_73
Pref0,0.9095[0.198896],0.906883[0.202298],0.912055[0.195485],9,0_73
Signal0,0.9965[0.0416863],0.995445[0.0475035],0.99753[0.0350582],9,0_73
Hybridindex,17.7722[1.2949],17.8124[1.28242],17.7297[1.30664],10,0_73
Pref0,0.90925[0.202829],0.914966[0.197923],0.903193[0.207729],10,0_73
Signal0,0.99875[0.0249687],0.999514[0.0155794],0.99794[0.0320254],10,0_73
Hybridindex,17.8315[1.25164],17.8187[1.23144],17.8444[1.27155],11,0_73
Pref0,0.9095[0.200149],0.916833[0.194049],0.902108[0.205852],11,0_73
Signal0,0.99975[0.0111775],1[0],0.999498[0.0158352],11,0_73
Hybridindex,17.8535[1.2562],17.8685[1.25201],17.8386[1.26016],12,0_73
Pref0,0.90375[0.203988],0.904116[0.201882],0.903386[0.206055],12,0_73
Signal0,1[0],1[0],1[0],12,0_73
Hybridindex,17.8167[1.26107],17.8653[1.24347],17.768[1.27664],13,0_73
Pref0,0.9065[0.204347],0.902196[0.206953],0.910822[0.201605],13,0_73
Signal0,1[0],1[0],1[0],13,0_73
Hybridindex,17.7797[1.2795],17.7921[1.28712],17.7659[1.27075],14,0_73
Pref0,0.9095[0.202014],0.912098[0.200012],0.906582[0.2042],14,0_73
Signal0,1[0],1[0],1[0],14,0_73
Hybridindex,17.7557[1.24748],17.75[1.22175],17.7608[1.26976],15,0_73
Pref0,0.90975[0.206712],0.910448[0.203848],0.909134[0.209208],15,0_73
Signal0,1[0],1[0],1[0],15,0_73
Hybridindex,17.786[1.23236],17.8186[1.22043],17.7523[1.24367],16,0_73
Pref0,0.9125[0.198353],0.911013[0.198808],0.914039[0.197868],16,0_73
Signal0,1[0],1[0],1[0],16,0_73
Hybridindex,17.7907[1.21196],17.7757[1.21594],17.805[1.20801],17,0_73
Pref0,0.913[0.199201],0.912037[0.198319],0.913911[0.200027],17,0_73
Signal0,1[0],1[0],1[0],17,0_73
Hybridindex,17.755[1.22422],17.7117[1.23547],17.8018[1.21021],18,0_73
Pref0,0.91275[0.198777],0.908085[0.202183],0.917794[0.194903],18,0_73
Signal0,1[0],1[0],1[0],18,0_73
Hybridindex,17.7417[1.19601],17.7644[1.19004],17.7203[1.20123],19,0_73
Pref0,0.91325[0.200248],0.914609[0.197496],0.911965[0.202808],19,0_73
Signal0,1[0],1[0],1[0],19,0_73
Hybridindex,17.7492[1.19864],17.7229[1.21921],17.7754[1.17731],20,0_73
Pref0,0.91725[0.194364],0.913153[0.198482],0.921315[0.190103],20,0_73
Signal0,1[0],1[0],1[0],20,0_73
Hybridindex,17.753[1.21109],17.7543[1.23651],17.7517[1.18518],21,0_73
Pref0,0.918[0.190463],0.911912[0.196944],0.924076[0.183565],21,0_73
Signal0,1[0],1[0],1[0],21,0_73
Hybridindex,17.7482[1.2228],17.7123[1.21408],17.7858[1.23073],22,0_73
Pref0,0.91375[0.201087],0.905577[0.212474],0.92229[0.188075],22,0_73
Signal0,1[0],1[0],1[0],22,0_73
Hybridindex,17.7718[1.20022],17.7074[1.16766],17.8337[1.22757],23,0_73
Pref0,0.9105[0.199974],0.90316[0.208876],0.917566[0.190747],23,0_73
Signal0,1[0],1[0],1[0],23,0_73
Hybridindex,17.7643[1.16921],17.7993[1.13399],17.731[1.20074],24,0_73
Pref0,0.915[0.197547],0.919405[0.192047],0.910819[0.202542],24,0_73
Signal0,1[0],1[0],1[0],24,0_73
Hybridindex,17.7518[1.17196],17.7728[1.17769],17.7317[1.16611],25,0_73
Pref0,0.9105[0.196824],0.912999[0.197489],0.908113[0.196157],25,0_73
Signal0,1[0],1[0],1[0],25,0_73
Hybridindex,17.7383[1.17094],17.7264[1.15587],17.751[1.18687],26,0_73
Pref0,0.9115[0.203514],0.912813[0.203201],0.910083[0.203841],26,0_73
Signal0,1[0],1[0],1[0],26,0_73
Hybridindex,17.7368[1.18441],17.7451[1.19954],17.729[1.17013],27,0_73
Pref0,0.9125[0.198982],0.905504[0.208592],0.918997[0.18939],27,0_73
Signal0,1[0],1[0],1[0],27,0_73
Hybridindex,17.7018[1.15311],17.665[1.15919],17.74[1.14549],28,0_73
Pref0,0.9135[0.195621],0.922135[0.186624],0.904494[0.204196],28,0_73
Signal0,1[0],1[0],1[0],28,0_73
Hybridindex,17.6803[1.20401],17.7028[1.21891],17.6583[1.18893],29,0_73
Pref0,0.9145[0.196061],0.922414[0.189251],0.906805[0.202165],29,0_73
Signal0,1[0],1[0],1[0],29,0_73
Hybridindex,17.6805[1.21919],17.7303[1.18164],17.6306[1.2537],30,0_73
Pref0,0.91625[0.193935],0.91009[0.19967],0.922422[0.187811],30,0_73
Signal0,1[0],1[0],1[0],30,0_73
Hybridindex,17.6732[1.20036],17.7257[1.19876],17.6168[1.19952],31,0_73
Pref0,0.91675[0.192859],0.918515[0.196067],0.914849[0.189325],31,0_73
Signal0,1[0],1[0],1[0],31,0_73
Hybridindex,17.6615[1.20661],17.6727[1.19529],17.6497[1.2183],32,0_73
Pref0,0.91575[0.200691],0.913659[0.201479],0.917949[0.199836],32,0_73
Signal0,1[0],1[0],1[0],32,0_73
Hybridindex,17.6668[1.19659],17.6751[1.2052],17.6579[1.1874],33,0_73
Pref0,0.91275[0.200655],0.908293[0.204533],0.917436[0.196387],33,0_73
Signal0,1[0],1[0],1[0],33,0_73
Hybridindex,17.661[1.17689],17.6474[1.15282],17.6734[1.19825],34,0_73
Pref0,0.90575[0.204919],0.904512[0.203099],0.906877[0.206556],34,0_73
Signal0,1[0],1[0],1[0],34,0_73
Hybridindex,17.6397[1.19073],17.6296[1.16369],17.6497[1.21648],35,0_73
Pref0,0.8995[0.213658],0.90081[0.212893],0.898221[0.214395],35,0_73
Signal0,1[0],1[0],1[0],35,0_73
Hybridindex,17.6755[1.19748],17.6804[1.16559],17.6702[1.2314],36,0_73
Pref0,0.902[0.208317],0.905742[0.206278],0.897906[0.210449],36,0_73
Signal0,1[0],1[0],1[0],36,0_73
Hybridindex,17.6687[1.21332],17.6592[1.21558],17.6784[1.21096],37,0_73
Pref0,0.907[0.203349],0.908955[0.199301],0.905025[0.20734],37,0_73
Signal0,1[0],1[0],1[0],37,0_73
Hybridindex,17.6713[1.1675],17.6643[1.16584],17.6781[1.1691],38,0_73
Pref0,0.9005[0.209999],0.894472[0.215993],0.906468[0.203717],38,0_73
Signal0,1[0],1[0],1[0],38,0_73
Hybridindex,17.6773[1.16327],17.6988[1.15806],17.6557[1.16808],39,0_73
Pref0,0.89775[0.216032],0.895604[0.219755],0.8999[0.212215],39,0_73
Signal0,1[0],1[0],1[0],39,0_73
Hybridindex,17.6633[1.17025],17.6915[1.14821],17.6368[1.18985],40,0_73
Pref0,0.8855[0.223919],0.888716[0.222416],0.882495[0.225273],40,0_73
Signal0,1[0],1[0],1[0],40,0_73
Hybridindex,17.643[1.17603],17.6037[1.19479],17.6795[1.15711],41,0_73
Pref0,0.89075[0.218951],0.892635[0.215185],0.888996[0.222383],41,0_73
Signal0,1[0],1[0],1[0],41,0_73
Hybridindex,17.601[1.18788],17.5848[1.20159],17.6168[1.17407],42,0_73
Pref0,0.8835[0.227327],0.880303[0.229329],0.886634[0.225304],42,0_73
Signal0,1[0],1[0],1[0],42,0_73
Hybridindex,17.5933[1.1874],17.6365[1.19567],17.55[1.1775],43,0_73
Pref0,0.88575[0.22874],0.8755[0.239269],0.896[0.217219],43,0_73
Signal0,1[0],1[0],1[0],43,0_73
Hybridindex,17.5972[1.19579],17.5807[1.15959],17.6135[1.2301],44,0_73
Pref0,0.88875[0.221356],0.894046[0.215155],0.883548[0.227162],44,0_73
Signal0,1[0],1[0],1[0],44,0_73
Hybridindex,17.5265[1.23462],17.5726[1.25313],17.4799[1.21386],45,0_73
Pref0,0.891[0.224987],0.900498[0.212892],0.881407[0.236188],45,0_73
Signal0,1[0],1[0],1[0],45,0_73
Hybridindex,17.4965[1.22321],17.4717[1.23118],17.5225[1.21426],46,0_73
Pref0,0.8895[0.220884],0.898338[0.208395],0.880246[0.232887],46,0_73
Signal0,1[0],1[0],1[0],46,0_73
Hybridindex,17.5572[1.20212],17.5203[1.23394],17.5949[1.16756],47,0_73
Pref0,0.88[0.229891],0.880693[0.227717],0.879293[0.232087],47,0_73
Signal0,1[0],1[0],1[0],47,0_73
Hybridindex,17.5745[1.20403],17.5506[1.18997],17.5983[1.21742],48,0_73
Pref0,0.872[0.237941],0.875752[0.234954],0.868263[0.240821],48,0_73
Signal0,1[0],1[0],1[0],48,0_73
Hybridindex,17.5502[1.17233],17.5593[1.15201],17.5413[1.19203],49,0_73
Pref0,0.86775[0.240593],0.873869[0.240227],0.861692[0.240801],49,0_73
Signal0,1[0],1[0],1[0],49,0_73
Hybridindex,17.5508[1.17135],17.5649[1.16985],17.5366[1.17267],50,0_73
Pref0,0.8675[0.238104],0.87475[0.232214],0.86022[0.243659],50,0_73
Signal0,1[0],1[0],1[0],50,0_73
Hybridindex,17.5455[1.12769],17.5203[1.14494],17.5698[1.11022],51,0_73
Pref0,0.8735[0.231296],0.871821[0.23077],0.875123[0.231791],51,0_73
Signal0,1[0],1[0],1[0],51,0_73
Hybridindex,17.5245[1.16002],17.5152[1.17429],17.533[1.14679],52,0_73
Pref0,0.86175[0.245483],0.851677[0.249238],0.870937[0.241641],52,0_73
Signal0,1[0],1[0],1[0],52,0_73
Hybridindex,17.5087[1.15349],17.5322[1.13056],17.4883[1.1728],53,0_73
Pref0,0.8565[0.249315],0.857449[0.24834],0.85567[0.250161],53,0_73
Signal0,1[0],1[0],1[0],53,0_73
Hybridindex,17.4835[1.18067],17.4935[1.18766],17.4736[1.17358],54,0_73
Pref0,0.85075[0.251196],0.860721[0.245481],0.840818[0.256377],54,0_73
Signal0,1[0],1[0],1[0],54,0_73
Hybridindex,17.4875[1.19147],17.5223[1.15749],17.4505[1.22543],55,0_73
Pref0,0.84925[0.25377],0.840777[0.261414],0.858247[0.245073],55,0_73
Signal0,1[0],1[0],1[0],55,0_73
Hybridindex,17.4915[1.14496],17.5193[1.14467],17.4631[1.14455],56,0_73
Pref0,0.857[0.247085],0.852475[0.254696],0.861616[0.238982],56,0_73
Signal0,1[0],1[0],1[0],56,0_73
Hybridindex,17.4793[1.16477],17.4457[1.15112],17.5143[1.17785],57,0_73
Pref0,0.84975[0.251595],0.843444[0.255949],0.856339[0.246791],57,0_73
Signal0,1[0],1[0],1[0],57,0_73
Hybridindex,17.442[1.1837],17.4284[1.20669],17.4555[1.16014],58,0_73
Pref0,0.8475[0.251483],0.840841[0.254477],0.854146[0.248281],58,0_73
Signal0,1[0],1[0],1[0],58,0_73
Hybridindex,17.4032[1.19865],17.4386[1.15421],17.3673[1.24124],59,0_73
Pref0,0.8505[0.255244],0.852329[0.25478],0.848638[0.255703],59,0_73
Signal0,1[0],1[0],1[0],59,0_73
Hybridindex,17.37[1.20472],17.4094[1.21526],17.3289[1.19224],60,0_73
Pref0,0.8305[0.265084],0.825661[0.269159],0.835546[0.260672],60,0_73
Signal0,1[0],1[0],1[0],60,0_73
Hybridindex,17.3565[1.18349],17.3411[1.18165],17.3721[1.18515],61,0_73
Pref0,0.82575[0.270669],0.820755[0.271807],0.830816[0.269416],61,0_73
Signal0,1[0],1[0],1[0],61,0_73
Hybridindex,17.3543[1.18042],17.371[1.18868],17.337[1.17164],62,0_73
Pref0,0.82975[0.260557],0.840909[0.257086],0.81832[0.263576],62,0_73
Signal0,1[0],1[0],1[0],62,0_73
Hybridindex,17.3538[1.19791],17.328[1.23011],17.3798[1.16383],63,0_73
Pref0,0.818[0.273635],0.799205[0.285396],0.837022[0.259813],63,0_73
Signal0,1[0],1[0],1[0],63,0_73
Hybridindex,17.3045[1.21368],17.3133[1.22578],17.2965[1.20245],64,0_73
Pref0,0.82375[0.273058],0.826883[0.267874],0.820881[0.27769],64,0_73
Signal0,1[0],1[0],1[0],64,0_73
Hybridindex,17.2913[1.2105],17.2461[1.21721],17.3388[1.20155],65,0_73
Pref0,0.82975[0.264367],0.824561[0.270227],0.835216[0.257938],65,0_73
Signal0,1[0],1[0],1[0],65,0_73
Hybridindex,17.2898[1.23528],17.2624[1.22466],17.3189[1.24582],66,0_73
Pref0,0.83075[0.264063],0.835597[0.26128],0.825593[0.266896],66,0_73
Signal0,1[0],1[0],1[0],66,0_73
Hybridindex,17.248[1.24499],17.2431[1.25059],17.2527[1.23953],67,0_73
Pref0,0.8385[0.26061],0.836724[0.266937],0.840216[0.254333],67,0_73
Signal0,1[0],1[0],1[0],67,0_73
Hybridindex,17.2455[1.23419],17.291[1.22987],17.2032[1.2367],68,0_73
Pref0,0.8485[0.251093],0.853216[0.250477],0.844112[0.251586],68,0_73
Signal0,1[0],1[0],1[0],68,0_73
Hybridindex,17.2613[1.24584],17.2641[1.26787],17.2585[1.2236],69,0_73
Pref0,0.85075[0.251693],0.855422[0.24581],0.846116[0.257313],69,0_73
Signal0,1[0],1[0],1[0],69,0_73
Hybridindex,17.2067[1.2618],17.2187[1.28505],17.1945[1.23736],70,0_73
Pref0,0.8565[0.249315],0.842053[0.259524],0.871327[0.237469],70,0_73
Signal0,1[0],1[0],1[0],70,0_73
Hybridindex,17.212[1.24842],17.2188[1.25642],17.2048[1.2399],71,0_73
Pref0,0.86225[0.246272],0.866959[0.243011],0.85729[0.249565],71,0_73
Signal0,1[0],1[0],1[0],71,0_73
Hybridindex,17.1782[1.26475],17.1918[1.2801],17.166[1.2506],72,0_73
Pref0,0.8605[0.244519],0.865121[0.237957],0.856327[0.250224],72,0_73
Signal0,1[0],1[0],1[0],72,0_73
Hybridindex,17.1618[1.25248],17.1447[1.22314],17.1783[1.2801],73,0_73
Pref0,0.86275[0.242461],0.856853[0.24848],0.868473[0.236333],73,0_73
Signal0,1[0],1[0],1[0],73,0_73
Hybridindex,17.1343[1.24222],17.1486[1.26741],17.1202[1.21691],74,0_73
Pref0,0.8615[0.240973],0.857432[0.246098],0.86548[0.235783],74,0_73
Signal0,1[0],1[0],1[0],74,0_73
Hybridindex,17.1172[1.2616],17.0888[1.23957],17.1464[1.28316],75,0_73
Pref0,0.86475[0.239963],0.861797[0.24469],0.867781[0.234975],75,0_73
Signal0,1[0],1[0],1[0],75,0_73
Hybridindex,17.1335[1.25377],17.1189[1.29177],17.1481[1.21463],76,0_73
Pref0,0.86425[0.244841],0.863089[0.243391],0.865404[0.246267],76,0_73
Signal0,1[0],1[0],1[0],76,0_73
Hybridindex,17.1388[1.21804],17.1657[1.21556],17.1121[1.21991],77,0_73
Pref0,0.858[0.248165],0.850904[0.256657],0.86504[0.239236],77,0_73
Signal0,1[0],1[0],1[0],77,0_73
Hybridindex,17.096[1.23158],17.1543[1.2411],17.0379[1.21926],78,0_73
Pref0,0.85075[0.250698],0.849699[0.248149],0.851796[0.253207],78,0_73
Signal0,1[0],1[0],1[0],78,0_73
Hybridindex,17.103[1.26338],17.1346[1.26909],17.0728[1.25717],79,0_73
Pref0,0.8545[0.247143],0.853634[0.243796],0.855327[0.250295],79,0_73
Signal0,1[0],1[0],1[0],79,0_73
Hybridindex,17.063[1.24891],17.0672[1.21451],17.0589[1.28172],80,0_73
Pref0,0.862[0.244348],0.868182[0.2411],0.855941[0.247341],80,0_73
Signal0,1[0],1[0],1[0],80,0_73
Hybridindex,17.01[1.24676],16.9903[1.23295],17.0311[1.26108],81,0_73
Pref0,0.86075[0.243894],0.862934[0.236685],0.858402[0.25139],81,0_73
Signal0,1[0],1[0],1[0],81,0_73
Hybridindex,17.0553[1.26148],17.0917[1.23811],17.0193[1.28304],82,0_73
Pref0,0.86325[0.242228],0.866431[0.239817],0.860119[0.244537],82,0_73
Signal0,1[0],1[0],1[0],82,0_73
Hybridindex,17.03[1.26367],17.0538[1.26413],17.0069[1.26279],83,0_73
Pref0,0.871[0.234753],0.875254[0.228888],0.866864[0.240247],83,0_73
Signal0,1[0],1[0],1[0],83,0_73
Hybridindex,17.0547[1.24082],17.0568[1.25721],17.0525[1.22288],84,0_73
Pref0,0.87[0.237382],0.867534[0.235435],0.872661[0.239436],84,0_73
Signal0,1[0],1[0],1[0],84,0_73
Hybridindex,17.0785[1.23636],17.0564[1.23412],17.101[1.23824],85,0_73
Pref0,0.86625[0.238193],0.861386[0.243924],0.871212[0.232095],85,0_73
Signal0,1[0],1[0],1[0],85,0_73
Hybridindex,17.1053[1.2566],17.0889[1.24217],17.122[1.271],86,0_73
Pref0,0.86675[0.24108],0.862648[0.243306],0.870951[0.238705],86,0_73
Signal0,1[0],1[0],1[0],86,0_73
Hybridindex,17.1062[1.24382],17.0855[1.2448],17.1267[1.24251],87,0_73
Pref0,0.86425[0.238636],0.871227[0.229857],0.857356[0.24681],87,0_73
Signal0,1[0],1[0],1[0],87,0_73
Hybridindex,17.0285[1.27728],17.0199[1.2893],17.0368[1.26552],88,0_73
Pref0,0.86425[0.24586],0.85998[0.252275],0.868369[0.239436],88,0_73
Signal0,1[0],1[0],1[0],88,0_73
Hybridindex,17.07[1.2686],17.106[1.23091],17.0343[1.30387],89,0_73
Pref0,0.868[0.242541],0.866834[0.242693],0.869154[0.242384],89,0_73
Signal0,1[0],1[0],1[0],89,0_73
Hybridindex,17.0658[1.27154],17.0398[1.25266],17.0914[1.28936],90,0_73
Pref0,0.872[0.234235],0.870594[0.237733],0.873386[0.230725],90,0_73
Signal0,1[0],1[0],1[0],90,0_73
Hybridindex,17.0413[1.25516],17.0039[1.25928],17.0796[1.24975],91,0_73
Pref0,0.8705[0.237655],0.871795[0.237785],0.869168[0.237513],91,0_73
Signal0,1[0],1[0],1[0],91,0_73
Hybridindex,17.0598[1.25631],17.0821[1.27589],17.0375[1.23605],92,0_73
Pref0,0.86575[0.238436],0.875375[0.232999],0.856144[0.243363],92,0_73
Signal0,1[0],1[0],1[0],92,0_73
Hybridindex,17.0305[1.22068],17.0121[1.24165],17.0486[1.19942],93,0_73
Pref0,0.868[0.239428],0.868952[0.240681],0.867063[0.238186],93,0_73
Signal0,1[0],1[0],1[0],93,0_73
Hybridindex,17.0297[1.23743],17.0288[1.2527],17.0307[1.22179],94,0_73
Pref0,0.8675[0.243298],0.867793[0.246076],0.867203[0.240453],94,0_73
Signal0,1[0],1[0],1[0],94,0_73
Hybridindex,17.0297[1.24679],17.0453[1.23414],17.0144[1.25898],95,0_73
Pref0,0.866[0.244528],0.863179[0.246489],0.868787[0.242543],95,0_73
Signal0,1[0],1[0],1[0],95,0_73
Hybridindex,17.0392[1.27224],17.0203[1.27741],17.0585[1.26667],96,0_73
Pref0,0.8785[0.228008],0.884425[0.225562],0.87248[0.230311],96,0_73
Signal0,1[0],1[0],1[0],96,0_73
Hybridindex,17.054[1.20097],17.0389[1.18327],17.0684[1.21743],97,0_73
Pref0,0.888[0.22518],0.887295[0.226571],0.888672[0.223844],97,0_73
Signal0,1[0],1[0],1[0],97,0_73
Hybridindex,17.056[1.27421],17.086[1.24417],17.0277[1.30129],98,0_73
Pref0,0.8945[0.215916],0.886715[0.223581],0.901846[0.208158],98,0_73
Signal0,1[0],1[0],1[0],98,0_73
Hybridindex,16.9955[1.27553],16.9721[1.27924],17.019[1.27137],99,0_73
Pref0,0.894[0.21855],0.886228[0.226775],0.901804[0.209678],99,0_73
Signal0,1[0],1[0],1[0],99,0_73
Hybridindex,17.0057[1.24974],17[1.23628],17.0115[1.26313],100,0_73
Pref0,0.88675[0.220339],0.886952[0.22298],0.886546[0.217645],100,0_73
Signal0,1[0],1[0],1[0],100,0_73
Hybridindex,12.495[8.28402],12.3321[8.29131],12.6722[8.27244],1,0_74
Pref0,0.62475[0.414201],0.616603[0.414565],0.633612[0.413622],1,0_74
Signal0,0.62475[0.414201],0.616603[0.414565],0.633612[0.413622],1,0_74
Hybridindex,15.4025[6.0834],15.4819[6.1012],15.328[6.06571],2,0_74
Pref0,0.77375[0.332319],0.779442[0.331165],0.768411[0.333309],2,0_74
Signal0,0.77225[0.330159],0.766529[0.334385],0.777616[0.326054],2,0_74
Hybridindex,17.036[3.83725],17.1173[3.79432],16.9558[3.87744],3,0_74
Pref0,0.8575[0.25435],0.865055[0.249708],0.85005[0.25863],3,0_74
Signal0,0.876[0.239006],0.878147[0.239073],0.873883[0.238922],3,0_74
Hybridindex,17.6525[2.52408],17.643[2.59379],17.6614[2.45728],4,0_74
Pref0,0.889[0.221199],0.886528[0.226084],0.891304[0.21652],4,0_74
Signal0,0.935[0.169632],0.932642[0.17222],0.937198[0.167153],4,0_74
Hybridindex,17.8565[1.87374],17.8416[1.91498],17.8708[1.83297],5,0_74
Pref0,0.89575[0.211558],0.897149[0.21074],0.894401[0.212336],5,0_74
Signal0,0.968[0.123394],0.967923[0.122514],0.968075[0.124236],5,0_74
Hybridindex,17.909[1.62041],17.945[1.5776],17.8743[1.65991],6,0_74
Pref0,0.8985[0.216097],0.897658[0.21869],0.899312[0.213562],6,0_74
Signal0,0.987[0.0795676],0.985234[0.0846455],0.988703[0.0743015],6,0_74
Hybridindex,17.94[1.42562],17.9664[1.42555],17.9137[1.42521],7,0_74
Pref0,0.90225[0.207533],0.898297[0.2086],0.906188[0.206389],7,0_74
Signal0,0.994[0.0544426],0.99499[0.0497987],0.993014[0.0586874],7,0_74
Hybridindex,17.923[1.37652],17.907[1.39182],17.9384[1.36156],8,0_74
Pref0,0.905[0.204267],0.907975[0.201522],0.902153[0.206819],8,0_74
Signal0,0.9975[0.0352668],0.996933[0.0390427],0.998043[0.0312193],8,0_74
Hybridindex,17.9883[1.31766],18.0051[1.30899],17.9721[1.32572],9,0_74
Pref0,0.9055[0.206929],0.901941[0.211001],0.908913[0.20289],9,0_74
Signal0,0.99925[0.0193504],0.999489[0.0159719],0.999021[0.0221078],9,0_74
Hybridindex,18.0078[1.28746],18.0194[1.27241],17.996[1.30244],10,0_74
Pref0,0.90525[0.20772],0.902185[0.208115],0.908359[0.207271],10,0_74
Signal0,0.99925[0.0193504],0.999007[0.0222607],0.999496[0.015859],10,0_74
Hybridindex,17.9565[1.23647],17.9574[1.22732],17.9557[1.24529],11,0_74
Pref0,0.907[0.205185],0.905584[0.203321],0.908374[0.206969],11,0_74
Signal0,0.99975[0.0111775],1[0],0.999507[0.0156864],11,0_74
Hybridindex,17.9735[1.21256],17.9304[1.22503],18.0159[1.19865],12,0_74
Pref0,0.90625[0.205149],0.907258[0.205685],0.905258[0.204615],12,0_74
Signal0,1[0],1[0],1[0],12,0_74
Hybridindex,17.936[1.20816],17.9551[1.19077],17.9173[1.22468],13,0_74
Pref0,0.90425[0.210254],0.89798[0.214843],0.910396[0.205472],13,0_74
Signal0,1[0],1[0],1[0],13,0_74
Hybridindex,17.971[1.1939],17.9861[1.21267],17.9556[1.17429],14,0_74
Pref0,0.89875[0.212423],0.897919[0.209973],0.899596[0.214885],14,0_74
Signal0,1[0],1[0],1[0],14,0_74
Hybridindex,17.9627[1.18869],17.993[1.16932],17.9326[1.20696],15,0_74
Pref0,0.89775[0.217761],0.895395[0.216485],0.9001[0.219002],15,0_74
Signal0,1[0],1[0],1[0],15,0_74
Hybridindex,17.9367[1.18833],17.9392[1.19312],17.9346[1.18401],16,0_74
Pref0,0.89675[0.213809],0.896825[0.213785],0.896682[0.213831],16,0_74
Signal0,1[0],1[0],1[0],16,0_74
Hybridindex,17.9245[1.18049],17.947[1.18597],17.9025[1.17467],17,0_74
Pref0,0.90625[0.205757],0.893434[0.216742],0.918812[0.193566],17,0_74
Signal0,1[0],1[0],1[0],17,0_74
Hybridindex,17.9578[1.17605],17.9533[1.17757],17.962[1.17458],18,0_74
Pref0,0.90625[0.203926],0.907598[0.19929],0.904971[0.208224],18,0_74
Signal0,1[0],1[0],1[0],18,0_74
Hybridindex,17.9065[1.21326],17.8911[1.21875],17.9215[1.2077],19,0_74
Pref0,0.8965[0.216305],0.894124[0.215146],0.898815[0.217403],19,0_74
Signal0,1[0],1[0],1[0],19,0_74
Hybridindex,17.9677[1.14153],17.9704[1.141],17.9652[1.14204],20,0_74
Pref0,0.89775[0.216032],0.902513[0.212768],0.893035[0.219115],20,0_74
Signal0,1[0],1[0],1[0],20,0_74
Hybridindex,17.9868[1.12214],17.9804[1.13034],17.9924[1.11472],21,0_74
Pref0,0.8925[0.221232],0.895238[0.225676],0.890047[0.217145],21,0_74
Signal0,1[0],1[0],1[0],21,0_74
Hybridindex,17.9857[1.10201],18.0108[1.09199],17.962[1.11093],22,0_74
Pref0,0.89075[0.218379],0.885128[0.22219],0.896098[0.214554],22,0_74
Signal0,1[0],1[0],1[0],22,0_74
Hybridindex,18.002[1.12827],18.0343[1.1435],17.9703[1.11219],23,0_74
Pref0,0.886[0.224731],0.885974[0.223753],0.886026[0.225687],23,0_74
Signal0,1[0],1[0],1[0],23,0_74
Hybridindex,18.0057[1.12031],17.9826[1.12622],18.0279[1.11418],24,0_74
Pref0,0.88675[0.221471],0.897134[0.210794],0.876833[0.230773],24,0_74
Signal0,1[0],1[0],1[0],24,0_74
Hybridindex,18.0033[1.1192],18.0005[1.12282],18.006[1.11555],25,0_74
Pref0,0.88675[0.221471],0.877246[0.228685],0.896293[0.213559],25,0_74
Signal0,1[0],1[0],1[0],25,0_74
Hybridindex,18.0418[1.10278],18.0273[1.13205],18.0564[1.07209],26,0_74
Pref0,0.87925[0.227034],0.879841[0.232556],0.878651[0.221292],26,0_74
Signal0,1[0],1[0],1[0],26,0_74
Hybridindex,18.0237[1.12397],18.0283[1.1196],18.0188[1.12869],27,0_74
Pref0,0.88575[0.223208],0.875839[0.229993],0.896552[0.215052],27,0_74
Signal0,1[0],1[0],1[0],27,0_74
Hybridindex,17.9743[1.13554],17.9464[1.1073],17.9995[1.16003],28,0_74
Pref0,0.891[0.221063],0.887605[0.22565],0.894084[0.216767],28,0_74
Signal0,1[0],1[0],1[0],28,0_74
Hybridindex,17.9795[1.13736],18.0041[1.13382],17.9563[1.14019],29,0_74
Pref0,0.9005[0.209403],0.904124[0.204545],0.897087[0.213822],29,0_74
Signal0,1[0],1[0],1[0],29,0_74
Hybridindex,17.9922[1.13173],17.9917[1.11974],17.9928[1.14425],30,0_74
Pref0,0.90175[0.213242],0.900682[0.215896],0.902878[0.210398],30,0_74
Signal0,1[0],1[0],1[0],30,0_74
Hybridindex,17.9665[1.14788],17.9568[1.13856],17.9761[1.15697],31,0_74
Pref0,0.8995[0.209523],0.897088[0.213033],0.901892[0.205953],31,0_74
Signal0,1[0],1[0],1[0],31,0_74
Hybridindex,17.9857[1.13189],18.0098[1.12972],17.9606[1.13361],32,0_74
Pref0,0.89475[0.215168],0.897949[0.209831],0.891393[0.22058],32,0_74
Signal0,1[0],1[0],1[0],32,0_74
Hybridindex,17.986[1.11873],17.9591[1.13533],18.0144[1.10022],33,0_74
Pref0,0.893[0.217488],0.894352[0.217956],0.891572[0.216984],33,0_74
Signal0,1[0],1[0],1[0],33,0_74
Hybridindex,17.9985[1.08062],18.0373[1.07584],17.9582[1.08411],34,0_74
Pref0,0.89525[0.211902],0.893137[0.212021],0.897449[0.211756],34,0_74
Signal0,1[0],1[0],1[0],34,0_74
Hybridindex,17.9665[1.09505],17.9461[1.09593],17.9862[1.09383],35,0_74
Pref0,0.898[0.217591],0.903866[0.213161],0.89233[0.221642],35,0_74
Signal0,1[0],1[0],1[0],35,0_74
Hybridindex,17.966[1.11561],17.9495[1.14487],17.9812[1.08769],36,0_74
Pref0,0.8955[0.217554],0.884375[0.227453],0.905769[0.20747],36,0_74
Signal0,1[0],1[0],1[0],36,0_74
Hybridindex,18.0167[1.09913],18.0258[1.06218],18.0072[1.13668],37,0_74
Pref0,0.89525[0.220006],0.889864[0.226325],0.900924[0.212999],37,0_74
Signal0,1[0],1[0],1[0],37,0_74
Hybridindex,18.003[1.10589],18.0199[1.08986],17.9859[1.12165],38,0_74
Pref0,0.8985[0.215517],0.901688[0.217796],0.895267[0.213133],38,0_74
Signal0,1[0],1[0],1[0],38,0_74
Hybridindex,17.9303[1.1225],17.9187[1.13216],17.9418[1.11258],39,0_74
Pref0,0.899[0.211066],0.900299[0.210705],0.897693[0.211421],39,0_74
Signal0,1[0],1[0],1[0],39,0_74
Hybridindex,17.8927[1.13429],17.8677[1.15502],17.9183[1.11221],40,0_74
Pref0,0.89675[0.212048],0.891972[0.215193],0.901615[0.208685],40,0_74
Signal0,1[0],1[0],1[0],40,0_74
Hybridindex,17.9078[1.13264],17.8617[1.14839],17.955[1.11429],41,0_74
Pref0,0.89[0.222823],0.896739[0.219952],0.883097[0.225517],41,0_74
Signal0,1[0],1[0],1[0],41,0_74
Hybridindex,17.9327[1.12932],17.9259[1.12968],17.9393[1.12892],42,0_74
Pref0,0.8865[0.226092],0.884065[0.229561],0.888834[0.222691],42,0_74
Signal0,1[0],1[0],1[0],42,0_74
Hybridindex,17.966[1.12354],17.9926[1.11823],17.9383[1.12837],43,0_74
Pref0,0.895[0.213834],0.896958[0.212884],0.892966[0.214798],43,0_74
Signal0,1[0],1[0],1[0],43,0_74
Hybridindex,17.9925[1.09348],17.9694[1.12054],18.017[1.06344],44,0_74
Pref0,0.89175[0.215423],0.902913[0.202631],0.879897[0.227623],44,0_74
Signal0,1[0],1[0],1[0],44,0_74
Hybridindex,17.9892[1.06525],17.9915[1.08321],17.987[1.04701],45,0_74
Pref0,0.88525[0.226842],0.895395[0.217638],0.875125[0.235235],45,0_74
Signal0,1[0],1[0],1[0],45,0_74
Hybridindex,17.9857[1.04591],18.0147[1.03126],17.9576[1.05917],46,0_74
Pref0,0.8905[0.220816],0.893401[0.216823],0.887685[0.224587],46,0_74
Signal0,1[0],1[0],1[0],46,0_74
Hybridindex,17.9965[1.09201],18[1.07673],17.9933[1.10583],47,0_74
Pref0,0.89225[0.221393],0.896552[0.217468],0.888303[0.224862],47,0_74
Signal0,1[0],1[0],1[0],47,0_74
Hybridindex,17.973[1.0942],17.9597[1.09707],17.9875[1.09088],48,0_74
Pref0,0.88925[0.222732],0.892138[0.220293],0.886102[0.225318],48,0_74
Signal0,1[0],1[0],1[0],48,0_74
Hybridindex,17.9677[1.06751],17.9571[1.07492],17.9777[1.06043],49,0_74
Pref0,0.88025[0.232454],0.886364[0.222681],0.874516[0.241121],49,0_74
Signal0,1[0],1[0],1[0],49,0_74
Hybridindex,18.0035[1.06887],17.9422[1.07704],18.0621[1.05768],50,0_74
Pref0,0.888[0.221824],0.888037[0.226085],0.887965[0.217669],50,0_74
Signal0,1[0],1[0],1[0],50,0_74
Hybridindex,18.0205[1.06763],18.0259[1.06443],18.0148[1.07094],51,0_74
Pref0,0.88575[0.222648],0.883187[0.226087],0.888434[0.218957],51,0_74
Signal0,1[0],1[0],1[0],51,0_74
Hybridindex,18.0045[1.09086],18.009[1.12842],18[1.05163],52,0_74
Pref0,0.88475[0.222132],0.878984[0.224377],0.890562[0.219691],52,0_74
Signal0,1[0],1[0],1[0],52,0_74
Hybridindex,17.9945[1.07655],17.9878[1.06898],18.001[1.08385],53,0_74
Pref0,0.88625[0.226243],0.881459[0.232014],0.890918[0.220375],53,0_74
Signal0,1[0],1[0],1[0],53,0_74
Hybridindex,17.968[1.10351],17.9433[1.08484],17.993[1.12149],54,0_74
Pref0,0.893[0.216335],0.897512[0.214971],0.888442[0.217609],54,0_74
Signal0,1[0],1[0],1[0],54,0_74
Hybridindex,18.0018[1.04529],17.9606[1.05824],18.0475[1.02879],55,0_74
Pref0,0.88925[0.224965],0.887833[0.226068],0.890823[0.223725],55,0_74
Signal0,1[0],1[0],1[0],55,0_74
Hybridindex,18.0328[1.05643],18.0423[1.06158],18.0231[1.05114],56,0_74
Pref0,0.8775[0.231287],0.890438[0.223045],0.864458[0.238599],56,0_74
Signal0,1[0],1[0],1[0],56,0_74
Hybridindex,18.0472[1.07884],18.0613[1.09226],18.0342[1.06606],57,0_74
Pref0,0.87[0.238956],0.877985[0.23106],0.862584[0.24583],57,0_74
Signal0,1[0],1[0],1[0],57,0_74
Hybridindex,18.0757[1.06425],18.0638[1.07732],18.0869[1.05183],58,0_74
Pref0,0.87[0.238956],0.878112[0.233208],0.862452[0.243941],58,0_74
Signal0,1[0],1[0],1[0],58,0_74
Hybridindex,18.061[1.05429],18.0834[1.02289],18.0388[1.08403],59,0_74
Pref0,0.85925[0.250628],0.872864[0.237591],0.845771[0.262204],59,0_74
Signal0,1[0],1[0],1[0],59,0_74
Hybridindex,18.0345[1.06457],18.0182[1.06749],18.0514[1.06127],60,0_74
Pref0,0.8615[0.246105],0.867748[0.243827],0.855036[0.248275],60,0_74
Signal0,1[0],1[0],1[0],60,0_74
Hybridindex,18.0697[1.05298],18.0378[1.08237],18.1013[1.02218],61,0_74
Pref0,0.86075[0.239237],0.865055[0.237301],0.856504[0.241056],61,0_74
Signal0,1[0],1[0],1[0],61,0_74
Hybridindex,18.0577[1.0717],18.0803[1.11314],18.0351[1.02783],62,0_74
Pref0,0.86375[0.24251],0.862413[0.243588],0.865095[0.241413],62,0_74
Signal0,1[0],1[0],1[0],62,0_74
Hybridindex,18.0712[1.07368],18.1157[1.05969],18.0273[1.08555],63,0_74
Pref0,0.863[0.243374],0.869215[0.239462],0.856859[0.247025],63,0_74
Signal0,1[0],1[0],1[0],63,0_74
Hybridindex,18.0595[1.08211],18.0303[1.11808],18.0881[1.04486],64,0_74
Pref0,0.8755[0.235584],0.866162[0.244157],0.884653[0.226493],64,0_74
Signal0,1[0],1[0],1[0],64,0_74
Hybridindex,18.0798[1.05547],18.064[1.06389],18.0959[1.04648],65,0_74
Pref0,0.87625[0.22762],0.869458[0.232682],0.883249[0.222066],65,0_74
Signal0,1[0],1[0],1[0],65,0_74
Hybridindex,18.082[1.05595],18.0916[1.06896],18.0719[1.04197],66,0_74
Pref0,0.8805[0.228516],0.891326[0.219943],0.869097[0.236677],66,0_74
Signal0,1[0],1[0],1[0],66,0_74
Hybridindex,18.0745[1.04664],18.0621[1.07306],18.0872[1.01859],67,0_74
Pref0,0.87925[0.227034],0.87574[0.231501],0.88286[0.222288],67,0_74
Signal0,1[0],1[0],1[0],67,0_74
Hybridindex,18.0742[1.066],18.0086[1.04967],18.1385[1.07788],68,0_74
Pref0,0.891[0.223314],0.888271[0.229088],0.89367[0.217484],68,0_74
Signal0,1[0],1[0],1[0],68,0_74
Hybridindex,18.0867[1.03167],18.0898[1.01657],18.0836[1.04731],69,0_74
Pref0,0.89675[0.214975],0.896585[0.215357],0.896923[0.214574],69,0_74
Signal0,1[0],1[0],1[0],69,0_74
Hybridindex,18.0775[0.99787],18.0825[0.991939],18.0725[1.00374],70,0_74
Pref0,0.908[0.203804],0.908[0.202573],0.908[0.205027],70,0_74
Signal0,1[0],1[0],1[0],70,0_74
Hybridindex,18.0802[1.06826],18.0576[1.10069],18.1021[1.03562],71,0_74
Pref0,0.91075[0.202261],0.91947[0.19457],0.902355[0.209055],71,0_74
Signal0,1[0],1[0],1[0],71,0_74
Hybridindex,18.0745[1.0458],18.1204[1.01635],18.0266[1.07362],72,0_74
Pref0,0.91[0.202237],0.912427[0.201298],0.907464[0.203184],72,0_74
Signal0,1[0],1[0],1[0],72,0_74
Hybridindex,18.0472[1.0352],18.063[1.03839],18.0322[1.03193],73,0_74
Pref0,0.9105[0.203076],0.913934[0.196721],0.907227[0.2089],73,0_74
Signal0,1[0],1[0],1[0],73,0_74
Hybridindex,18.0245[1.09071],18.0435[1.08728],18.0041[1.09402],74,0_74
Pref0,0.906[0.206553],0.907246[0.204055],0.904663[0.20919],74,0_74
Signal0,1[0],1[0],1[0],74,0_74
Hybridindex,17.981[1.09345],17.9969[1.12314],17.9656[1.06375],75,0_74
Pref0,0.90325[0.208601],0.908952[0.20448],0.897738[0.212363],75,0_74
Signal0,1[0],1[0],1[0],75,0_74
Hybridindex,17.9415[1.10094],17.8924[1.11274],17.9924[1.08625],76,0_74
Pref0,0.8985[0.214354],0.899804[0.212062],0.897149[0.216696],76,0_74
Signal0,1[0],1[0],1[0],76,0_74
Hybridindex,17.982[1.09632],18.0081[1.09122],17.9563[1.10073],77,0_74
Pref0,0.897[0.213052],0.900806[0.21283],0.893247[0.213204],77,0_74
Signal0,1[0],1[0],1[0],77,0_74
Hybridindex,17.9763[1.10286],17.9673[1.09649],17.9857[1.10943],78,0_74
Pref0,0.8895[0.224254],0.887207[0.221462],0.891906[0.227121],78,0_74
Signal0,1[0],1[0],1[0],78,0_74
Hybridindex,17.9982[1.08392],18.0544[1.10636],17.9408[1.0574],79,0_74
Pref0,0.89175[0.220016],0.898615[0.212977],0.884732[0.226771],79,0_74
Signal0,1[0],1[0],1[0],79,0_74
Hybridindex,17.9417[1.09829],17.9809[1.07327],17.9051[1.11996],80,0_74
Pref0,0.896[0.217219],0.888314[0.226109],0.903195[0.208297],80,0_74
Signal0,1[0],1[0],1[0],80,0_74
Hybridindex,17.9413[1.1045],17.9146[1.08619],17.9662[1.12076],81,0_74
Pref0,0.89125[0.218629],0.889234[0.21975],0.893133[0.217559],81,0_74
Signal0,1[0],1[0],1[0],81,0_74
Hybridindex,17.925[1.1117],17.9298[1.12124],17.9201[1.10184],82,0_74
Pref0,0.89075[0.221223],0.886746[0.226316],0.894843[0.215815],82,0_74
Signal0,1[0],1[0],1[0],82,0_74
Hybridindex,17.912[1.11333],17.8795[1.11219],17.9448[1.11352],83,0_74
Pref0,0.88275[0.227766],0.88247[0.227868],0.883032[0.227663],83,0_74
Signal0,1[0],1[0],1[0],83,0_74
Hybridindex,17.9277[1.1063],17.9018[1.12891],17.9528[1.08341],84,0_74
Pref0,0.87975[0.226197],0.874873[0.223514],0.884464[0.228661],84,0_74
Signal0,1[0],1[0],1[0],84,0_74
Hybridindex,17.8977[1.10687],17.8992[1.12458],17.8962[1.08787],85,0_74
Pref0,0.87725[0.230342],0.876339[0.235164],0.878212[0.225137],85,0_74
Signal0,1[0],1[0],1[0],85,0_74
Hybridindex,17.908[1.09215],17.9322[1.08345],17.884[1.10018],86,0_74
Pref0,0.8815[0.226843],0.881024[0.229919],0.881972[0.223749],86,0_74
Signal0,1[0],1[0],1[0],86,0_74
Hybridindex,17.9612[1.10255],17.9251[1.1299],17.9952[1.07517],87,0_74
Pref0,0.883[0.22707],0.880682[0.228336],0.885174[0.225856],87,0_74
Signal0,1[0],1[0],1[0],87,0_74
Hybridindex,17.9825[1.11083],18.0301[1.07257],17.9351[1.14571],88,0_74
Pref0,0.8785[0.230733],0.882265[0.230265],0.87475[0.231137],88,0_74
Signal0,1[0],1[0],1[0],88,0_74
Hybridindex,17.9917[1.06937],17.9883[1.07838],17.9951[1.06053],89,0_74
Pref0,0.87425[0.234653],0.876775[0.228049],0.871795[0.240876],89,0_74
Signal0,1[0],1[0],1[0],89,0_74
Hybridindex,17.9587[1.09495],17.9961[1.07482],17.9185[1.11483],90,0_74
Pref0,0.869[0.240497],0.863067[0.247564],0.875389[0.232479],90,0_74
Signal0,1[0],1[0],1[0],90,0_74
Hybridindex,17.9275[1.0911],17.9322[1.11008],17.9227[1.07136],91,0_74
Pref0,0.868[0.242541],0.864851[0.248365],0.871212[0.236407],91,0_74
Signal0,1[0],1[0],1[0],91,0_74
Hybridindex,17.9363[1.08492],17.915[1.06071],17.9585[1.10933],92,0_74
Pref0,0.87325[0.231429],0.884766[0.221858],0.861168[0.240471],92,0_74
Signal0,1[0],1[0],1[0],92,0_74
Hybridindex,17.9123[1.08463],17.9167[1.08566],17.9079[1.0836],93,0_74
Pref0,0.873[0.23637],0.872222[0.235887],0.873762[0.236841],93,0_74
Signal0,1[0],1[0],1[0],93,0_74
Hybridindex,17.927[1.07456],17.9621[1.095],17.8927[1.05305],94,0_74
Pref0,0.86825[0.234557],0.872093[0.231646],0.864491[0.237309],94,0_74
Signal0,1[0],1[0],1[0],94,0_74
Hybridindex,17.934[1.07431],17.8939[1.057],17.9711[1.08876],95,0_74
Pref0,0.8625[0.242577],0.85796[0.247488],0.866699[0.237868],95,0_74
Signal0,1[0],1[0],1[0],95,0_74
Hybridindex,17.9428[1.10469],17.952[1.09075],17.9339[1.11783],96,0_74
Pref0,0.86425[0.246367],0.862615[0.248122],0.865818[0.244663],96,0_74
Signal0,1[0],1[0],1[0],96,0_74
Hybridindex,17.9235[1.09585],17.8883[1.11741],17.9583[1.073],97,0_74
Pref0,0.875[0.230489],0.883803[0.223897],0.866302[0.2365],97,0_74
Signal0,1[0],1[0],1[0],97,0_74
Hybridindex,17.9265[1.08194],17.9269[1.10095],17.9261[1.06267],98,0_74
Pref0,0.869[0.243082],0.871242[0.245612],0.866766[0.240515],98,0_74
Signal0,1[0],1[0],1[0],98,0_74
Hybridindex,17.9587[1.07059],17.9362[1.07041],17.9811[1.07031],99,0_74
Pref0,0.86725[0.244443],0.859438[0.250143],0.875[0.238401],99,0_74
Signal0,1[0],1[0],1[0],99,0_74
Hybridindex,17.9722[1.0529],17.9668[1.06446],17.9776[1.04131],100,0_74
Pref0,0.86875[0.23958],0.880402[0.231377],0.857214[0.246892],100,0_74
Signal0,1[0],1[0],1[0],100,0_74
Hybridindex,12.915[8.23728],12.6769[8.36001],13.1761[8.09252],1,0_75
Pref0,0.64575[0.411864],0.633843[0.418001],0.658805[0.404626],1,0_75
Signal0,0.64575[0.411864],0.633843[0.418001],0.658805[0.404626],1,0_75
Hybridindex,15.9388[5.77736],15.8096[5.86837],16.075[5.67653],2,0_75
Pref0,0.796[0.315649],0.7926[0.317953],0.799589[0.313158],2,0_75
Signal0,0.7965[0.314385],0.7926[0.316418],0.800617[0.312171],2,0_75
Hybridindex,17.397[3.65307],17.3623[3.66761],17.4313[3.63828],3,0_75
Pref0,0.86575[0.246175],0.861809[0.249117],0.869652[0.243164],3,0_75
Signal0,0.8905[0.226958],0.88995[0.226841],0.891045[0.227072],3,0_75
Hybridindex,17.9765[2.38416],17.9453[2.37626],18.008[2.39171],4,0_75
Pref0,0.89575[0.217387],0.887674[0.222509],0.903924[0.211763],4,0_75
Signal0,0.941[0.162847],0.940358[0.163588],0.94165[0.162091],4,0_75
Hybridindex,18.1352[1.83394],18.1553[1.81647],18.1149[1.8513],5,0_75
Pref0,0.907[0.2064],0.901786[0.210764],0.912298[0.201731],5,0_75
Signal0,0.96925[0.120123],0.97371[0.111596],0.964718[0.128048],5,0_75
Hybridindex,18.1528[1.5442],18.1477[1.56924],18.158[1.51757],6,0_75
Pref0,0.9055[0.211115],0.910959[0.207249],0.899796[0.214933],6,0_75
Signal0,0.98275[0.0912548],0.979941[0.0981173],0.985685[0.0833819],6,0_75
Hybridindex,18.1155[1.41577],18.0937[1.3913],18.1365[1.43867],7,0_75
Pref0,0.90675[0.205376],0.906314[0.207744],0.907171[0.203065],7,0_75
Signal0,0.9905[0.0682624],0.990835[0.0670708],0.990177[0.0693909],7,0_75
Hybridindex,18.1105[1.34723],18.0981[1.35988],18.1228[1.3345],8,0_75
Pref0,0.899[0.213422],0.89839[0.215677],0.899602[0.211169],8,0_75
Signal0,0.99525[0.0485019],0.995976[0.0446753],0.994533[0.0519972],8,0_75
Hybridindex,18.0978[1.28328],18.0976[1.30318],18.0979[1.26203],9,0_75
Pref0,0.90925[0.202211],0.912683[0.197386],0.905641[0.207102],9,0_75
Signal0,0.997[0.0386135],0.998049[0.0311737],0.995897[0.0451049],9,0_75
Hybridindex,18.0733[1.25738],18.0883[1.27709],18.0571[1.23565],10,0_75
Pref0,0.9125[0.198353],0.906371[0.207062],0.919087[0.188323],10,0_75
Signal0,0.998[0.0315595],0.997587[0.0346517],0.998444[0.0278494],10,0_75
Hybridindex,18.082[1.23654],18.0719[1.24074],18.0918[1.2324],11,0_75
Pref0,0.911[0.200821],0.900102[0.208656],0.921492[0.192395],11,0_75
Signal0,0.9995[0.0158035],0.99949[0.0159556],0.999509[0.0156556],11,0_75
Hybridindex,18.1212[1.19945],18.1048[1.20957],18.1378[1.18896],12,0_75
Pref0,0.90475[0.207491],0.905689[0.207969],0.903808[0.207005],12,0_75
Signal0,0.99975[0.0111775],0.999501[0.0157877],1[0],12,0_75
Hybridindex,18.082[1.2181],18.0914[1.22214],18.0723[1.21383],13,0_75
Pref0,0.903[0.207584],0.900786[0.209028],0.905295[0.20605],13,0_75
Signal0,1[0],1[0],1[0],13,0_75
Hybridindex,18.075[1.19619],18.1026[1.21595],18.0458[1.17423],14,0_75
Pref0,0.903[0.209382],0.895914[0.2169],0.910494[0.200855],14,0_75
Signal0,1[0],1[0],1[0],14,0_75
Hybridindex,18.1092[1.19664],18.1748[1.20366],18.0461[1.18642],15,0_75
Pref0,0.89475[0.219767],0.899083[0.213005],0.890579[0.226007],15,0_75
Signal0,1[0],1[0],1[0],15,0_75
Hybridindex,18.0385[1.21358],18.0618[1.20923],18.0158[1.21737],16,0_75
Pref0,0.89725[0.21405],0.887538[0.226235],0.906713[0.20102],16,0_75
Signal0,1[0],1[0],1[0],16,0_75
Hybridindex,18.0343[1.18815],18.051[1.1881],18.0184[1.18799],17,0_75
Pref0,0.89875[0.216503],0.9[0.216104],0.897573[0.216871],17,0_75
Signal0,1[0],1[0],1[0],17,0_75
Hybridindex,18.0885[1.14833],18.063[1.17347],18.114[1.12205],18,0_75
Pref0,0.89175[0.219447],0.888[0.22126],0.8955[0.217554],18,0_75
Signal0,1[0],1[0],1[0],18,0_75
Hybridindex,18.091[1.18732],18.1086[1.17209],18.0741[1.20155],19,0_75
Pref0,0.88475[0.226589],0.885321[0.228786],0.8842[0.224451],19,0_75
Signal0,1[0],1[0],1[0],19,0_75
Hybridindex,18.0712[1.17847],18.0637[1.1761],18.0786[1.18075],20,0_75
Pref0,0.89075[0.217806],0.889282[0.219445],0.892186[0.216181],20,0_75
Signal0,1[0],1[0],1[0],20,0_75
Hybridindex,18.0267[1.16968],17.9981[1.1668],18.0584[1.17205],21,0_75
Pref0,0.88375[0.223296],0.881429[0.224643],0.886316[0.221768],21,0_75
Signal0,1[0],1[0],1[0],21,0_75
Hybridindex,18.0353[1.15699],18.0481[1.15304],18.023[1.16064],22,0_75
Pref0,0.88875[0.219655],0.885992[0.21814],0.891389[0.221064],22,0_75
Signal0,1[0],1[0],1[0],22,0_75
Hybridindex,18.039[1.16854],18.0222[1.15654],18.0547[1.17947],23,0_75
Pref0,0.885[0.223103],0.88843[0.219057],0.881783[0.226786],23,0_75
Signal0,1[0],1[0],1[0],23,0_75
Hybridindex,17.9965[1.17813],18.0458[1.13764],17.9489[1.21401],24,0_75
Pref0,0.87925[0.22977],0.875255[0.23115],0.883104[0.228365],24,0_75
Signal0,1[0],1[0],1[0],24,0_75
Hybridindex,17.991[1.15766],17.9932[1.16887],17.9886[1.14547],25,0_75
Pref0,0.8835[0.224561],0.885618[0.222299],0.881224[0.226946],25,0_75
Signal0,1[0],1[0],1[0],25,0_75
Hybridindex,17.978[1.14935],17.9815[1.14465],17.9745[1.15402],26,0_75
Pref0,0.8815[0.227393],0.883383[0.2252],0.87962[0.229546],26,0_75
Signal0,1[0],1[0],1[0],26,0_75
Hybridindex,17.9898[1.14347],18.0451[1.13974],17.9334[1.14451],27,0_75
Pref0,0.886[0.222495],0.880079[0.226993],0.892028[0.217654],27,0_75
Signal0,1[0],1[0],1[0],27,0_75
Hybridindex,17.962[1.15013],17.9222[1.14915],18.003[1.1497],28,0_75
Pref0,0.8835[0.227877],0.887685[0.221273],0.879188[0.234409],28,0_75
Signal0,1[0],1[0],1[0],28,0_75
Hybridindex,17.9917[1.10739],17.9766[1.09876],18.0064[1.11548],29,0_75
Pref0,0.884[0.224263],0.882114[0.22727],0.885827[0.221297],29,0_75
Signal0,1[0],1[0],1[0],29,0_75
Hybridindex,17.9525[1.13644],17.9429[1.15027],17.9616[1.12313],30,0_75
Pref0,0.89[0.221133],0.888889[0.225668],0.891051[0.216754],30,0_75
Signal0,1[0],1[0],1[0],30,0_75
Hybridindex,17.9545[1.11509],17.9228[1.14108],17.9841[1.08947],31,0_75
Pref0,0.8965[0.217457],0.893264[0.223041],0.899517[0.212075],31,0_75
Signal0,1[0],1[0],1[0],31,0_75
Hybridindex,17.989[1.11181],17.9742[1.12101],18.0035[1.10257],32,0_75
Pref0,0.89525[0.217721],0.903846[0.208293],0.886858[0.226232],32,0_75
Signal0,1[0],1[0],1[0],32,0_75
Hybridindex,18.027[1.11199],18.0275[1.12283],18.0265[1.10106],33,0_75
Pref0,0.88575[0.223208],0.891892[0.219938],0.87962[0.226259],33,0_75
Signal0,1[0],1[0],1[0],33,0_75
Hybridindex,18.0087[1.08561],17.9789[1.07805],18.037[1.09197],34,0_75
Pref0,0.89175[0.221714],0.886434[0.227143],0.896787[0.216324],34,0_75
Signal0,1[0],1[0],1[0],34,0_75
Hybridindex,18.0293[1.11154],18.0514[1.12582],18.0079[1.09716],35,0_75
Pref0,0.88725[0.226191],0.881365[0.231063],0.892927[0.221242],35,0_75
Signal0,1[0],1[0],1[0],35,0_75
Hybridindex,18.0602[1.09373],18.0457[1.05024],18.074[1.13323],36,0_75
Pref0,0.88825[0.22447],0.883864[0.228667],0.892405[0.22034],36,0_75
Signal0,1[0],1[0],1[0],36,0_75
Hybridindex,18.0625[1.07882],18.0896[1.05586],18.0355[1.10058],37,0_75
Pref0,0.88775[0.223663],0.893894[0.219775],0.881618[0.227311],37,0_75
Signal0,1[0],1[0],1[0],37,0_75
Hybridindex,18.0852[1.10797],18.1032[1.09245],18.0669[1.12338],38,0_75
Pref0,0.88375[0.224412],0.884995[0.227333],0.882472[0.221368],38,0_75
Signal0,1[0],1[0],1[0],38,0_75
Hybridindex,18.0705[1.10217],18.025[1.10419],18.1179[1.09807],39,0_75
Pref0,0.8895[0.219749],0.894118[0.213663],0.884694[0.22581],39,0_75
Signal0,1[0],1[0],1[0],39,0_75
Hybridindex,18.1013[1.09139],18.1123[1.08561],18.09[1.09715],40,0_75
Pref0,0.88175[0.225592],0.88724[0.221597],0.876138[0.229469],40,0_75
Signal0,1[0],1[0],1[0],40,0_75
Hybridindex,18.066[1.06531],18.0633[1.06693],18.0691[1.06346],41,0_75
Pref0,0.88525[0.225183],0.888368[0.22343],0.881692[0.227115],41,0_75
Signal0,1[0],1[0],1[0],41,0_75
Hybridindex,18.0813[1.07052],18.0461[1.08113],18.1155[1.05897],42,0_75
Pref0,0.88[0.233131],0.879939[0.232869],0.880059[0.233386],42,0_75
Signal0,1[0],1[0],1[0],42,0_75
Hybridindex,18.0822[1.10028],18.108[1.11373],18.0577[1.08671],43,0_75
Pref0,0.879[0.228821],0.879222[0.226784],0.878788[0.230749],43,0_75
Signal0,1[0],1[0],1[0],43,0_75
Hybridindex,18.0192[1.08259],18.0171[1.08236],18.0216[1.08284],44,0_75
Pref0,0.8785[0.233426],0.881092[0.233611],0.87577[0.2332],44,0_75
Signal0,1[0],1[0],1[0],44,0_75
Hybridindex,18.0297[1.07784],18.0611[1.05136],17.998[1.10309],45,0_75
Pref0,0.8675[0.238104],0.87674[0.235337],0.858149[0.240512],45,0_75
Signal0,1[0],1[0],1[0],45,0_75
Hybridindex,18.0115[1.0861],18.0248[1.06293],17.999[1.10717],46,0_75
Pref0,0.87375[0.231162],0.866977[0.233474],0.880077[0.228801],46,0_75
Signal0,1[0],1[0],1[0],46,0_75
Hybridindex,17.9875[1.06752],17.9815[1.08626],17.9938[1.04737],47,0_75
Pref0,0.871[0.236345],0.864522[0.238106],0.877823[0.234282],47,0_75
Signal0,1[0],1[0],1[0],47,0_75
Hybridindex,18.0005[1.08766],18.0051[1.08927],17.9961[1.08611],48,0_75
Pref0,0.87325[0.236769],0.871017[0.236805],0.875365[0.236715],48,0_75
Signal0,1[0],1[0],1[0],48,0_75
Hybridindex,18.012[1.09618],18.0138[1.06358],18.0102[1.12884],49,0_75
Pref0,0.87075[0.240145],0.869094[0.241162],0.872459[0.239078],49,0_75
Signal0,1[0],1[0],1[0],49,0_75
Hybridindex,18.038[1.07729],18.0277[1.07793],18.0485[1.07653],50,0_75
Pref0,0.87125[0.240932],0.87092[0.244434],0.871587[0.237299],50,0_75
Signal0,1[0],1[0],1[0],50,0_75
Hybridindex,18.047[1.04799],18.049[1.0327],18.0451[1.06247],51,0_75
Pref0,0.875[0.233184],0.879082[0.225699],0.871078[0.240092],51,0_75
Signal0,1[0],1[0],1[0],51,0_75
Hybridindex,18.076[1.01056],18.078[1.00768],18.074[1.01342],52,0_75
Pref0,0.87775[0.233302],0.8795[0.23501],0.876[0.231569],52,0_75
Signal0,1[0],1[0],1[0],52,0_75
Hybridindex,18.1388[1.04049],18.1361[1.03066],18.1415[1.05064],53,0_75
Pref0,0.87675[0.233312],0.873653[0.236695],0.87998[0.229686],53,0_75
Signal0,1[0],1[0],1[0],53,0_75
Hybridindex,18.1275[1.04904],18.1351[1.05403],18.1203[1.04425],54,0_75
Pref0,0.8735[0.234516],0.874615[0.234932],0.872444[0.234116],54,0_75
Signal0,1[0],1[0],1[0],54,0_75
Hybridindex,18.159[1.01672],18.1704[1.01073],18.148[1.02236],55,0_75
Pref0,0.87475[0.233318],0.871312[0.237551],0.878073[0.229104],55,0_75
Signal0,1[0],1[0],1[0],55,0_75
Hybridindex,18.167[0.992024],18.1662[0.983907],18.1678[0.999822],56,0_75
Pref0,0.874[0.236377],0.875[0.236688],0.873031[0.236071],56,0_75
Signal0,1[0],1[0],1[0],56,0_75
Hybridindex,18.1708[1.00919],18.1574[0.9833],18.1838[1.03368],57,0_75
Pref0,0.873[0.233711],0.864879[0.243771],0.880929[0.223169],57,0_75
Signal0,1[0],1[0],1[0],57,0_75
Hybridindex,18.183[1.00313],18.1957[1.00222],18.1706[1.00386],58,0_75
Pref0,0.87625[0.233047],0.870576[0.236749],0.8818[0.229232],58,0_75
Signal0,1[0],1[0],1[0],58,0_75
Hybridindex,18.1775[1.01353],18.1805[0.99132],18.1744[1.03587],59,0_75
Pref0,0.86475[0.243069],0.862426[0.243371],0.86714[0.242735],59,0_75
Signal0,1[0],1[0],1[0],59,0_75
Hybridindex,18.173[1.03299],18.1631[1.0386],18.1827[1.02737],60,0_75
Pref0,0.866[0.241442],0.869192[0.237432],0.862871[0.245267],60,0_75
Signal0,1[0],1[0],1[0],60,0_75
Hybridindex,18.187[1.01231],18.2148[1.03185],18.1584[0.990971],61,0_75
Pref0,0.88075[0.225065],0.883251[0.225068],0.878173[0.225034],61,0_75
Signal0,1[0],1[0],1[0],61,0_75
Hybridindex,18.1728[1.03418],18.1729[1.03366],18.1726[1.03471],62,0_75
Pref0,0.8735[0.237693],0.884539[0.233045],0.86226[0.241816],62,0_75
Signal0,1[0],1[0],1[0],62,0_75
Hybridindex,18.1645[1.02698],18.1609[1.02424],18.1682[1.02972],63,0_75
Pref0,0.87075[0.236473],0.871016[0.236269],0.870482[0.236677],63,0_75
Signal0,1[0],1[0],1[0],63,0_75
Hybridindex,18.1285[1.01992],18.16[1.03939],18.0956[0.998112],64,0_75
Pref0,0.874[0.232108],0.874755[0.234017],0.873211[0.230093],64,0_75
Signal0,1[0],1[0],1[0],64,0_75
Hybridindex,18.1365[1.04121],18.1595[1.03068],18.1135[1.05113],65,0_75
Pref0,0.878[0.227741],0.8815[0.229582],0.8745[0.225831],65,0_75
Signal0,1[0],1[0],1[0],65,0_75
Hybridindex,18.145[1.04126],18.1401[1.03532],18.1497[1.04689],66,0_75
Pref0,0.88375[0.223296],0.879857[0.222996],0.887476[0.223519],66,0_75
Signal0,1[0],1[0],1[0],66,0_75
Hybridindex,18.1373[1.00264],18.1653[1.00234],18.1088[1.00214],67,0_75
Pref0,0.88425[0.226334],0.886792[0.225254],0.881672[0.227395],67,0_75
Signal0,1[0],1[0],1[0],67,0_75
Hybridindex,18.1393[0.997238],18.1482[0.991615],18.1303[1.0027],68,0_75
Pref0,0.88825[0.221669],0.896985[0.216623],0.879602[0.226221],68,0_75
Signal0,1[0],1[0],1[0],68,0_75
Hybridindex,18.1588[0.994698],18.1484[1.01813],18.169[0.970884],69,0_75
Pref0,0.88875[0.22079],0.890845[0.221815],0.88668[0.219754],69,0_75
Signal0,1[0],1[0],1[0],69,0_75
Hybridindex,18.174[1.01019],18.195[0.996814],18.1525[1.0232],70,0_75
Pref0,0.88675[0.222035],0.894554[0.215765],0.878788[0.227979],70,0_75
Signal0,1[0],1[0],1[0],70,0_75
Hybridindex,18.1825[1.02601],18.2182[1.03075],18.144[1.01946],71,0_75
Pref0,0.898[0.219308],0.90896[0.207394],0.886175[0.230894],71,0_75
Signal0,1[0],1[0],1[0],71,0_75
Hybridindex,18.1925[1.02002],18.2045[1.0322],18.1805[1.00756],72,0_75
Pref0,0.89575[0.216811],0.9[0.213307],0.8915[0.220177],72,0_75
Signal0,1[0],1[0],1[0],72,0_75
Hybridindex,18.177[1.0205],18.1362[1.05199],18.2221[0.982551],73,0_75
Pref0,0.89225[0.219123],0.884762[0.224788],0.900526[0.212379],73,0_75
Signal0,1[0],1[0],1[0],73,0_75
Hybridindex,18.1917[1.01099],18.1761[1.01708],18.2066[1.00496],74,0_75
Pref0,0.88725[0.221726],0.887577[0.221854],0.88694[0.221604],74,0_75
Signal0,1[0],1[0],1[0],74,0_75
Hybridindex,18.1887[1.03501],18.1919[1.03012],18.1856[1.03977],75,0_75
Pref0,0.888[0.224624],0.886869[0.226589],0.889109[0.222675],75,0_75
Signal0,1[0],1[0],1[0],75,0_75
Hybridindex,18.1307[1.05524],18.1556[1.04972],18.1067[1.05999],76,0_75
Pref0,0.8845[0.224521],0.890641[0.220961],0.878564[0.227752],76,0_75
Signal0,1[0],1[0],1[0],76,0_75
Hybridindex,18.0975[1.04904],18.0999[1.0183],18.0952[1.0781],77,0_75
Pref0,0.87925[0.230856],0.877789[0.230802],0.880671[0.2309],77,0_75
Signal0,1[0],1[0],1[0],77,0_75
Hybridindex,18.095[1.0421],18.0485[1.05252],18.1416[1.02945],78,0_75
Pref0,0.87575[0.23651],0.881119[0.229783],0.87037[0.242944],78,0_75
Signal0,1[0],1[0],1[0],78,0_75
Hybridindex,18.1288[1.02105],18.1061[1.0447],18.1522[0.995402],79,0_75
Pref0,0.8755[0.230759],0.876228[0.233292],0.874745[0.228101],79,0_75
Signal0,1[0],1[0],1[0],79,0_75
Hybridindex,18.1178[1.04547],18.1254[1.01748],18.1097[1.07406],80,0_75
Pref0,0.876[0.232108],0.87122[0.235819],0.881026[0.228033],80,0_75
Signal0,1[0],1[0],1[0],80,0_75
Hybridindex,18.1258[1.04154],18.1374[1.04081],18.1141[1.04215],81,0_75
Pref0,0.877[0.231562],0.876623[0.232291],0.877377[0.230829],81,0_75
Signal0,1[0],1[0],1[0],81,0_75
Hybridindex,18.1427[1.03017],18.132[1.03952],18.1538[1.02033],82,0_75
Pref0,0.877[0.232101],0.870936[0.238205],0.883249[0.225469],82,0_75
Signal0,1[0],1[0],1[0],82,0_75
Hybridindex,18.129[1.02487],18.1597[1.02257],18.0997[1.02621],83,0_75
Pref0,0.8765[0.231836],0.88434[0.219169],0.869013[0.243082],83,0_75
Signal0,1[0],1[0],1[0],83,0_75
Hybridindex,18.122[1.06729],18.0952[1.0562],18.1485[1.07746],84,0_75
Pref0,0.88175[0.223365],0.873112[0.229961],0.890268[0.216326],84,0_75
Signal0,1[0],1[0],1[0],84,0_75
Hybridindex,18.1068[1.0344],18.1317[1.0521],18.0813[1.01539],85,0_75
Pref0,0.8865[0.22387],0.890099[0.223166],0.882828[0.224527],85,0_75
Signal0,1[0],1[0],1[0],85,0_75
Hybridindex,18.1288[1.02679],18.0904[1.01351],18.1685[1.03889],86,0_75
Pref0,0.88925[0.219339],0.892927[0.215621],0.885438[0.223064],86,0_75
Signal0,1[0],1[0],1[0],86,0_75
Hybridindex,18.1457[1.02085],18.1799[1.00313],18.1127[1.03665],87,0_75
Pref0,0.88425[0.226885],0.895325[0.220214],0.873524[0.232662],87,0_75
Signal0,1[0],1[0],1[0],87,0_75
Hybridindex,18.1328[1.03489],18.115[1.02437],18.1501[1.04483],88,0_75
Pref0,0.88975[0.221856],0.900101[0.214533],0.879584[0.228364],88,0_75
Signal0,1[0],1[0],1[0],88,0_75
Hybridindex,18.1625[0.992393],18.1878[0.990689],18.1386[0.993411],89,0_75
Pref0,0.8925[0.218961],0.888889[0.221062],0.895914[0.2169],89,0_75
Signal0,1[0],1[0],1[0],89,0_75
Hybridindex,18.1917[1.0008],18.1736[1.02302],18.2096[0.978164],90,0_75
Pref0,0.896[0.210794],0.886983[0.219719],0.904856[0.20125],90,0_75
Signal0,1[0],1[0],1[0],90,0_75
Hybridindex,18.1678[0.985386],18.1513[1.00632],18.1841[0.963805],91,0_75
Pref0,0.89525[0.218294],0.892786[0.223894],0.897705[0.212543],91,0_75
Signal0,1[0],1[0],1[0],91,0_75
Hybridindex,18.1468[1.00179],18.1223[0.995452],18.1701[1.00726],92,0_75
Pref0,0.89325[0.217323],0.900716[0.213106],0.886119[0.221041],92,0_75
Signal0,1[0],1[0],1[0],92,0_75
Hybridindex,18.1672[0.984201],18.1881[0.962256],18.1463[1.00532],93,0_75
Pref0,0.89375[0.216416],0.90519[0.207141],0.882265[0.22476],93,0_75
Signal0,1[0],1[0],1[0],93,0_75
Hybridindex,18.197[0.986631],18.186[1.01858],18.2076[0.954742],94,0_75
Pref0,0.896[0.212565],0.899083[0.208165],0.893032[0.216676],94,0_75
Signal0,1[0],1[0],1[0],94,0_75
Hybridindex,18.1685[0.999929],18.1587[0.996653],18.178[1.00301],95,0_75
Pref0,0.89525[0.219437],0.900609[0.215428],0.890039[0.223142],95,0_75
Signal0,1[0],1[0],1[0],95,0_75
Hybridindex,18.1758[0.984117],18.1684[0.986368],18.183[0.981857],96,0_75
Pref0,0.89475[0.219197],0.903943[0.204536],0.885757[0.232296],96,0_75
Signal0,1[0],1[0],1[0],96,0_75
Hybridindex,18.1878[0.947826],18.1772[0.961282],18.1983[0.934085],97,0_75
Pref0,0.90675[0.204155],0.911411[0.198619],0.902098[0.209432],97,0_75
Signal0,1[0],1[0],1[0],97,0_75
Hybridindex,18.168[0.981339],18.1413[0.979982],18.1943[0.981962],98,0_75
Pref0,0.914[0.199008],0.911705[0.203462],0.916254[0.194507],98,0_75
Signal0,1[0],1[0],1[0],98,0_75
Hybridindex,18.1498[0.957183],18.1599[0.972677],18.1401[0.941986],99,0_75
Pref0,0.9175[0.192208],0.923902[0.186579],0.911361[0.197259],99,0_75
Signal0,1[0],1[0],1[0],99,0_75
Hybridindex,18.1275[0.980175],18.1172[0.981985],18.1383[0.978156],100,0_75
Pref0,0.913[0.201075],0.913574[0.20156],0.912398[0.200563],100,0_75
Signal0,1[0],1[0],1[0],100,0_75
Hybridindex,12.31[8.30445],12.6364[8.15377],11.9901[8.4373],1,0_76
Pref0,0.6155[0.415223],0.631818[0.407688],0.599505[0.421865],1,0_76
Signal0,0.6155[0.415223],0.631818[0.407688],0.599505[0.421865],1,0_76
Hybridindex,14.94[6.18922],14.7541[6.2967],15.137[6.06702],2,0_76
Pref0,0.7515[0.334287],0.744412[0.341181],0.759011[0.326654],2,0_76
Signal0,0.7495[0.333541],0.743926[0.342594],0.755407[0.323566],2,0_76
Hybridindex,16.7583[3.88181],16.8011[3.98171],16.7151[3.77815],3,0_76
Pref0,0.83925[0.266523],0.837986[0.267783],0.840522[0.265243],3,0_76
Signal0,0.8685[0.239181],0.863908[0.243916],0.873119[0.234231],3,0_76
Hybridindex,17.363[2.61534],17.2743[2.6694],17.4496[2.55849],4,0_76
Pref0,0.86525[0.242832],0.86336[0.247566],0.867095[0.238105],4,0_76
Signal0,0.93225[0.176875],0.927632[0.184346],0.936759[0.169143],4,0_76
Hybridindex,17.6028[1.97454],17.6068[1.90592],17.5986[2.04297],5,0_76
Pref0,0.87675[0.232776],0.879921[0.229151],0.873476[0.236415],5,0_76
Signal0,0.96775[0.123834],0.968996[0.122609],0.966463[0.125074],5,0_76
Hybridindex,17.619[1.66308],17.5719[1.70646],17.6644[1.61893],6,0_76
Pref0,0.8785[0.230733],0.877676[0.230943],0.879293[0.230528],6,0_76
Signal0,0.9825[0.0918899],0.982161[0.0927429],0.982826[0.0910599],6,0_76
Hybridindex,17.662[1.56037],17.73[1.50901],17.594[1.60722],7,0_76
Pref0,0.8805[0.231235],0.88[0.230434],0.881[0.232032],7,0_76
Signal0,0.994[0.0544426],0.995[0.0497494],0.993[0.0587452],7,0_76
Hybridindex,17.6253[1.45755],17.6668[1.4039],17.5823[1.50974],8,0_76
Pref0,0.8775[0.237684],0.882874[0.235948],0.871951[0.239337],8,0_76
Signal0,0.99725[0.0369789],0.995079[0.04936],0.999492[0.0159313],8,0_76
Hybridindex,17.6232[1.36736],17.6464[1.36431],17.5979[1.37025],9,0_76
Pref0,0.882[0.228202],0.889952[0.220579],0.873298[0.235954],9,0_76
Signal0,0.99925[0.0193504],0.999043[0.021853],0.999476[0.0161711],9,0_76
Hybridindex,17.6[1.34127],17.6056[1.33147],17.5942[1.35142],10,0_76
Pref0,0.8745[0.239269],0.876344[0.242397],0.872569[0.235935],10,0_76
Signal0,1[0],1[0],1[0],10,0_76
Hybridindex,17.627[1.35254],17.6477[1.33106],17.6053[1.3743],11,0_76
Pref0,0.8705[0.241308],0.868395[0.241386],0.872699[0.241207],11,0_76
Signal0,1[0],1[0],1[0],11,0_76
Hybridindex,17.6097[1.32856],17.5785[1.32063],17.6435[1.33625],12,0_76
Pref0,0.882[0.230924],0.878131[0.230885],0.886175[0.230894],12,0_76
Signal0,1[0],1[0],1[0],12,0_76
Hybridindex,17.591[1.31129],17.5665[1.30892],17.6166[1.31326],13,0_76
Pref0,0.884[0.225929],0.881115[0.231572],0.887014[0.219837],13,0_76
Signal0,1[0],1[0],1[0],13,0_76
Hybridindex,17.5685[1.33559],17.5962[1.3211],17.5415[1.34904],14,0_76
Pref0,0.88775[0.225887],0.888158[0.22584],0.887352[0.225933],14,0_76
Signal0,1[0],1[0],1[0],14,0_76
Hybridindex,17.6127[1.29746],17.539[1.33814],17.6809[1.25482],15,0_76
Pref0,0.886[0.228591],0.873569[0.240076],0.897498[0.216796],15,0_76
Signal0,1[0],1[0],1[0],15,0_76
Hybridindex,17.607[1.32733],17.5695[1.3346],17.645[1.31882],16,0_76
Pref0,0.89[0.219431],0.89573[0.215007],0.884189[0.223678],16,0_76
Signal0,1[0],1[0],1[0],16,0_76
Hybridindex,17.549[1.30321],17.5415[1.28831],17.5562[1.31724],17,0_76
Pref0,0.88275[0.224449],0.888946[0.220961],0.876833[0.227574],17,0_76
Signal0,1[0],1[0],1[0],17,0_76
Hybridindex,17.5968[1.30825],17.547[1.34206],17.6488[1.26987],18,0_76
Pref0,0.8845[0.223964],0.882583[0.225372],0.886503[0.222465],18,0_76
Signal0,1[0],1[0],1[0],18,0_76
Hybridindex,17.6127[1.27668],17.6014[1.27238],17.6242[1.28092],19,0_76
Pref0,0.87675[0.238609],0.873757[0.242106],0.879779[0.234978],19,0_76
Signal0,1[0],1[0],1[0],19,0_76
Hybridindex,17.6397[1.25682],17.6271[1.23452],17.6515[1.2771],20,0_76
Pref0,0.883[0.231972],0.884855[0.230503],0.881274[0.233317],20,0_76
Signal0,1[0],1[0],1[0],20,0_76
Hybridindex,17.6202[1.25206],17.6841[1.17947],17.5568[1.31722],21,0_76
Pref0,0.885[0.225887],0.885155[0.230781],0.884845[0.220915],21,0_76
Signal0,1[0],1[0],1[0],21,0_76
Hybridindex,17.6423[1.24464],17.631[1.21782],17.6539[1.27181],22,0_76
Pref0,0.88425[0.226885],0.871443[0.235802],0.897554[0.216435],22,0_76
Signal0,1[0],1[0],1[0],22,0_76
Hybridindex,17.64[1.24856],17.6258[1.22651],17.6554[1.27188],23,0_76
Pref0,0.886[0.223616],0.893852[0.217002],0.877477[0.230277],23,0_76
Signal0,1[0],1[0],1[0],23,0_76
Hybridindex,17.6657[1.23386],17.6447[1.23872],17.6856[1.22892],24,0_76
Pref0,0.88625[0.222342],0.88723[0.222109],0.885326[0.222558],24,0_76
Signal0,1[0],1[0],1[0],24,0_76
Hybridindex,17.6375[1.20451],17.6353[1.21644],17.6398[1.19178],25,0_76
Pref0,0.8805[0.232314],0.883155[0.228194],0.877698[0.236552],25,0_76
Signal0,1[0],1[0],1[0],25,0_76
Hybridindex,17.6485[1.21828],17.6101[1.22539],17.6872[1.20983],26,0_76
Pref0,0.8785[0.230733],0.877988[0.230415],0.879016[0.231052],26,0_76
Signal0,1[0],1[0],1[0],26,0_76
Hybridindex,17.6185[1.23084],17.6026[1.23771],17.6332[1.22428],27,0_76
Pref0,0.88375[0.225524],0.883333[0.228066],0.884135[0.223151],27,0_76
Signal0,1[0],1[0],1[0],27,0_76
Hybridindex,17.612[1.21715],17.5929[1.22884],17.6307[1.20529],28,0_76
Pref0,0.88475[0.225483],0.891919[0.216574],0.877723[0.233672],28,0_76
Signal0,1[0],1[0],1[0],28,0_76
Hybridindex,17.606[1.21974],17.6312[1.20875],17.5795[1.23063],29,0_76
Pref0,0.897[0.215386],0.90439[0.20513],0.889231[0.225404],29,0_76
Signal0,1[0],1[0],1[0],29,0_76
Hybridindex,17.6412[1.18972],17.6489[1.18608],17.6331[1.19352],30,0_76
Pref0,0.91025[0.204499],0.912221[0.198945],0.908153[0.210228],30,0_76
Signal0,1[0],1[0],1[0],30,0_76
Hybridindex,17.6148[1.20456],17.6104[1.21759],17.619[1.19158],31,0_76
Pref0,0.91375[0.199213],0.917843[0.199683],0.909722[0.198668],31,0_76
Signal0,1[0],1[0],1[0],31,0_76
Hybridindex,17.64[1.17799],17.6151[1.18078],17.6636[1.17484],32,0_76
Pref0,0.91575[0.196919],0.919322[0.197405],0.912366[0.196396],32,0_76
Signal0,1[0],1[0],1[0],32,0_76
Hybridindex,17.6415[1.18236],17.6058[1.19283],17.677[1.17078],33,0_76
Pref0,0.91525[0.197338],0.907723[0.205273],0.922732[0.188825],33,0_76
Signal0,1[0],1[0],1[0],33,0_76
Hybridindex,17.6313[1.18138],17.6528[1.19895],17.6094[1.16284],34,0_76
Pref0,0.9055[0.207533],0.902778[0.211223],0.908266[0.203676],34,0_76
Signal0,1[0],1[0],1[0],34,0_76
Hybridindex,17.6322[1.17734],17.647[1.17738],17.6178[1.17712],35,0_76
Pref0,0.911[0.203909],0.916162[0.201112],0.905941[0.20649],35,0_76
Signal0,1[0],1[0],1[0],35,0_76
Hybridindex,17.651[1.17832],17.6596[1.16485],17.6421[1.19206],36,0_76
Pref0,0.91125[0.19621],0.907662[0.200246],0.914969[0.191866],36,0_76
Signal0,1[0],1[0],1[0],36,0_76
Hybridindex,17.648[1.14372],17.6781[1.11868],17.6177[1.16754],37,0_76
Pref0,0.911[0.203909],0.913174[0.199666],0.908818[0.20806],37,0_76
Signal0,1[0],1[0],1[0],37,0_76
Hybridindex,17.615[1.17229],17.6402[1.13445],17.5897[1.20857],38,0_76
Pref0,0.915[0.201308],0.918164[0.192912],0.911824[0.209352],38,0_76
Signal0,1[0],1[0],1[0],38,0_76
Hybridindex,17.5978[1.14108],17.6352[1.14604],17.5633[1.13542],39,0_76
Pref0,0.9105[0.201841],0.914405[0.197799],0.90691[0.205421],39,0_76
Signal0,1[0],1[0],1[0],39,0_76
Hybridindex,17.5847[1.15442],17.6003[1.12557],17.5694[1.18193],40,0_76
Pref0,0.90675[0.205376],0.899698[0.21597],0.91369[0.194138],40,0_76
Signal0,1[0],1[0],1[0],40,0_76
Hybridindex,17.5953[1.16213],17.6341[1.1584],17.5538[1.16467],41,0_76
Pref0,0.9035[0.210209],0.902711[0.208652],0.904343[0.211856],41,0_76
Signal0,1[0],1[0],1[0],41,0_76
Hybridindex,17.571[1.1955],17.579[1.22074],17.5632[1.17032],42,0_76
Pref0,0.9075[0.210223],0.903242[0.212358],0.911649[0.208038],42,0_76
Signal0,1[0],1[0],1[0],42,0_76
Hybridindex,17.5592[1.1281],17.5304[1.1371],17.5892[1.1179],43,0_76
Pref0,0.90725[0.203156],0.904809[0.206058],0.909786[0.200066],43,0_76
Signal0,1[0],1[0],1[0],43,0_76
Hybridindex,17.5218[1.16282],17.5126[1.15597],17.5308[1.16949],44,0_76
Pref0,0.90625[0.208173],0.913568[0.196877],0.899005[0.218541],44,0_76
Signal0,1[0],1[0],1[0],44,0_76
Hybridindex,17.5658[1.14392],17.5639[1.17579],17.5675[1.11351],45,0_76
Pref0,0.91[0.201618],0.907061[0.204904],0.912729[0.19848],45,0_76
Signal0,1[0],1[0],1[0],45,0_76
Hybridindex,17.6062[1.13461],17.5721[1.15641],17.6399[1.11171],46,0_76
Pref0,0.90425[0.204223],0.910282[0.197042],0.898313[0.210882],46,0_76
Signal0,1[0],1[0],1[0],46,0_76
Hybridindex,17.6202[1.12824],17.6525[1.12554],17.5908[1.12989],47,0_76
Pref0,0.90325[0.208601],0.901992[0.211281],0.904398[0.20612],47,0_76
Signal0,1[0],1[0],1[0],47,0_76
Hybridindex,17.6547[1.14277],17.6629[1.13464],17.6468[1.15055],48,0_76
Pref0,0.89925[0.213247],0.898985[0.218901],0.899507[0.207613],48,0_76
Signal0,1[0],1[0],1[0],48,0_76
Hybridindex,17.6322[1.18633],17.6068[1.20346],17.6552[1.17014],49,0_76
Pref0,0.89425[0.217237],0.892105[0.218104],0.89619[0.216432],49,0_76
Signal0,1[0],1[0],1[0],49,0_76
Hybridindex,17.6305[1.17653],17.6028[1.20001],17.6583[1.1518],50,0_76
Pref0,0.8895[0.221449],0.883733[0.223841],0.895291[0.218869],50,0_76
Signal0,1[0],1[0],1[0],50,0_76
Hybridindex,17.6058[1.16938],17.5541[1.14577],17.6563[1.18985],51,0_76
Pref0,0.8835[0.226777],0.885238[0.229794],0.8818[0.223773],51,0_76
Signal0,1[0],1[0],1[0],51,0_76
Hybridindex,17.6122[1.18702],17.561[1.20834],17.6602[1.16468],52,0_76
Pref0,0.88725[0.220028],0.890383[0.215435],0.884318[0.224203],52,0_76
Signal0,1[0],1[0],1[0],52,0_76
Hybridindex,17.5855[1.15972],17.5984[1.14897],17.5727[1.17013],53,0_76
Pref0,0.8905[0.223069],0.898092[0.219314],0.882968[0.226481],53,0_76
Signal0,1[0],1[0],1[0],53,0_76
Hybridindex,17.6517[1.17807],17.6085[1.1914],17.6978[1.16192],54,0_76
Pref0,0.8915[0.222436],0.893411[0.218512],0.889463[0.226527],54,0_76
Signal0,1[0],1[0],1[0],54,0_76
Hybridindex,17.6815[1.14948],17.6613[1.18639],17.7013[1.11184],55,0_76
Pref0,0.88975[0.218449],0.897371[0.212913],0.882295[0.223481],55,0_76
Signal0,1[0],1[0],1[0],55,0_76
Hybridindex,17.687[1.13381],17.6731[1.15565],17.7012[1.11087],56,0_76
Pref0,0.8945[0.212414],0.896142[0.212365],0.892821[0.212451],56,0_76
Signal0,1[0],1[0],1[0],56,0_76
Hybridindex,17.7162[1.11102],17.7083[1.14162],17.7243[1.0791],57,0_76
Pref0,0.89725[0.210517],0.901093[0.207726],0.89336[0.213235],57,0_76
Signal0,1[0],1[0],1[0],57,0_76
Hybridindex,17.702[1.11443],17.6947[1.11204],17.7098[1.11691],58,0_76
Pref0,0.901[0.211421],0.898544[0.207031],0.903608[0.215955],58,0_76
Signal0,1[0],1[0],1[0],58,0_76
Hybridindex,17.7215[1.14496],17.7608[1.15177],17.679[1.13602],59,0_76
Pref0,0.908[0.207451],0.901347[0.210728],0.915193[0.203605],59,0_76
Signal0,1[0],1[0],1[0],59,0_76
Hybridindex,17.7172[1.11217],17.7171[1.10339],17.7173[1.12044],60,0_76
Pref0,0.913[0.196675],0.910164[0.19853],0.915692[0.194859],60,0_76
Signal0,1[0],1[0],1[0],60,0_76
Hybridindex,17.7048[1.12803],17.7188[1.16049],17.6905[1.09388],61,0_76
Pref0,0.91525[0.194788],0.914683[0.195847],0.915827[0.193705],61,0_76
Signal0,1[0],1[0],1[0],61,0_76
Hybridindex,17.6687[1.12368],17.6561[1.13438],17.6812[1.11288],62,0_76
Pref0,0.91125[0.203097],0.917925[0.199599],0.904667[0.206277],62,0_76
Signal0,1[0],1[0],1[0],62,0_76
Hybridindex,17.668[1.13381],17.6794[1.12261],17.657[1.14444],63,0_76
Pref0,0.91575[0.194363],0.914634[0.194772],0.916831[0.193959],63,0_76
Signal0,1[0],1[0],1[0],63,0_76
Hybridindex,17.722[1.10746],17.7242[1.06105],17.7199[1.14871],64,0_76
Pref0,0.91775[0.194576],0.916753[0.195794],0.918672[0.193438],64,0_76
Signal0,1[0],1[0],1[0],64,0_76
Hybridindex,17.69[1.15039],17.6789[1.14577],17.7007[1.15472],65,0_76
Pref0,0.91575[0.195645],0.917941[0.194586],0.913641[0.196636],65,0_76
Signal0,1[0],1[0],1[0],65,0_76
Hybridindex,17.706[1.13922],17.7157[1.1609],17.6968[1.11808],66,0_76
Pref0,0.918[0.19436],0.920082[0.187374],0.916016[0.200773],66,0_76
Signal0,1[0],1[0],1[0],66,0_76
Hybridindex,17.7125[1.1146],17.7219[1.12291],17.7028[1.10592],67,0_76
Pref0,0.91575[0.196283],0.918639[0.188521],0.912779[0.203914],67,0_76
Signal0,1[0],1[0],1[0],67,0_76
Hybridindex,17.7192[1.13007],17.7056[1.13096],17.7331[1.12899],68,0_76
Pref0,0.91125[0.199996],0.916749[0.195355],0.905651[0.204462],68,0_76
Signal0,1[0],1[0],1[0],68,0_76
Hybridindex,17.708[1.11915],17.6833[1.07461],17.7347[1.1648],69,0_76
Pref0,0.91375[0.199213],0.911453[0.200705],0.916233[0.197557],69,0_76
Signal0,1[0],1[0],1[0],69,0_76
Hybridindex,17.7335[1.14596],17.7223[1.15128],17.7447[1.14048],70,0_76
Pref0,0.92[0.191311],0.916251[0.195832],0.923771[0.186577],70,0_76
Signal0,1[0],1[0],1[0],70,0_76
Hybridindex,17.7495[1.12506],17.7414[1.13253],17.7579[1.11724],71,0_76
Pref0,0.9225[0.192338],0.928079[0.182349],0.916751[0.201954],71,0_76
Signal0,1[0],1[0],1[0],71,0_76
Hybridindex,17.7605[1.11126],17.7595[1.11785],17.7615[1.10495],72,0_76
Pref0,0.92025[0.190434],0.917949[0.193314],0.922439[0.187627],72,0_76
Signal0,1[0],1[0],1[0],72,0_76
Hybridindex,17.796[1.11518],17.7845[1.0949],17.8075[1.13499],73,0_76
Pref0,0.91975[0.192185],0.925[0.186748],0.9145[0.197332],73,0_76
Signal0,1[0],1[0],1[0],73,0_76
Hybridindex,17.855[1.09931],17.8543[1.1179],17.8557[1.0807],74,0_76
Pref0,0.915[0.198179],0.924899[0.186908],0.905258[0.208219],74,0_76
Signal0,1[0],1[0],1[0],74,0_76
Hybridindex,17.804[1.14065],17.7816[1.16577],17.8266[1.11425],75,0_76
Pref0,0.91175[0.202699],0.90995[0.205885],0.913568[0.199413],75,0_76
Signal0,1[0],1[0],1[0],75,0_76
Hybridindex,17.8352[1.09567],17.8557[1.0889],17.8143[1.10216],76,0_76
Pref0,0.9135[0.203759],0.913043[0.202132],0.913968[0.205411],76,0_76
Signal0,1[0],1[0],1[0],76,0_76
Hybridindex,17.8725[1.08697],17.8846[1.08882],17.8606[1.08501],77,0_76
Pref0,0.907[0.204575],0.905242[0.202287],0.90873[0.206788],77,0_76
Signal0,1[0],1[0],1[0],77,0_76
Hybridindex,17.9282[1.04102],17.9467[1.04944],17.9086[1.03161],78,0_76
Pref0,0.908[0.204416],0.909399[0.202405],0.906508[0.206528],78,0_76
Signal0,1[0],1[0],1[0],78,0_76
Hybridindex,17.962[1.04214],17.9947[1.02077],17.9273[1.06327],79,0_76
Pref0,0.90875[0.204447],0.907282[0.206439],0.910309[0.202298],79,0_76
Signal0,1[0],1[0],1[0],79,0_76
Hybridindex,17.9608[1.0702],18.0285[1.06975],17.8881[1.06592],80,0_76
Pref0,0.9075[0.207229],0.905797[0.20982],0.909326[0.204397],80,0_76
Signal0,1[0],1[0],1[0],80,0_76
Hybridindex,17.9138[1.0777],17.8761[1.07647],17.9533[1.07757],81,0_76
Pref0,0.912[0.198131],0.917073[0.189868],0.906667[0.206327],81,0_76
Signal0,1[0],1[0],1[0],81,0_76
Hybridindex,17.8765[1.09658],17.8554[1.07134],17.8974[1.12067],82,0_76
Pref0,0.9115[0.199794],0.915663[0.19511],0.907371[0.204251],82,0_76
Signal0,1[0],1[0],1[0],82,0_76
Hybridindex,17.8897[1.09006],17.9056[1.10005],17.8728[1.07902],83,0_76
Pref0,0.91175[0.198965],0.908519[0.203086],0.915202[0.194406],83,0_76
Signal0,1[0],1[0],1[0],83,0_76
Hybridindex,17.8712[1.06878],17.8557[1.06521],17.8871[1.07217],84,0_76
Pref0,0.90775[0.205827],0.901786[0.211937],0.91381[0.199245],84,0_76
Signal0,1[0],1[0],1[0],84,0_76
Hybridindex,17.8517[1.1116],17.8316[1.12306],17.8703[1.1006],85,0_76
Pref0,0.9075[0.211999],0.91293[0.205451],0.902498[0.217738],85,0_76
Signal0,1[0],1[0],1[0],85,0_76
Hybridindex,17.8955[1.08332],17.902[1.08241],17.8887[1.08423],86,0_76
Pref0,0.9015[0.208681],0.898049[0.210912],0.905128[0.206247],86,0_76
Signal0,1[0],1[0],1[0],86,0_76
Hybridindex,17.9363[1.09604],17.8673[1.10508],18.006[1.08236],87,0_76
Pref0,0.90275[0.211347],0.906561[0.210832],0.898893[0.211797],87,0_76
Signal0,1[0],1[0],1[0],87,0_76
Hybridindex,17.9232[1.0984],17.8911[1.10791],17.9529[1.08871],88,0_76
Pref0,0.90725[0.204994],0.911458[0.197574],0.903365[0.211538],88,0_76
Signal0,1[0],1[0],1[0],88,0_76
Hybridindex,17.9393[1.072],17.936[1.07072],17.9425[1.07328],89,0_76
Pref0,0.9115[0.199794],0.916171[0.192019],0.906754[0.207288],89,0_76
Signal0,1[0],1[0],1[0],89,0_76
Hybridindex,17.938[1.07757],17.9182[1.09192],17.9574[1.06295],90,0_76
Pref0,0.91575[0.198814],0.915657[0.201528],0.915842[0.196117],90,0_76
Signal0,1[0],1[0],1[0],90,0_76
Hybridindex,17.887[1.08615],17.9141[1.09815],17.8602[1.07347],91,0_76
Pref0,0.91275[0.201277],0.914573[0.194752],0.910945[0.207519],91,0_76
Signal0,1[0],1[0],1[0],91,0_76
Hybridindex,17.8618[1.08017],17.8551[1.07889],17.8685[1.08141],92,0_76
Pref0,0.90625[0.206968],0.905876[0.210187],0.906627[0.203672],92,0_76
Signal0,1[0],1[0],1[0],92,0_76
Hybridindex,17.8122[1.11035],17.8148[1.10183],17.8095[1.11969],93,0_76
Pref0,0.9105[0.199974],0.909524[0.203317],0.911579[0.196208],93,0_76
Signal0,1[0],1[0],1[0],93,0_76
Hybridindex,17.7885[1.09225],17.7821[1.11181],17.7947[1.07302],94,0_76
Pref0,0.90575[0.206136],0.901731[0.204996],0.909627[0.207155],94,0_76
Signal0,1[0],1[0],1[0],94,0_76
Hybridindex,17.7707[1.09536],17.7334[1.09616],17.8077[1.09332],95,0_76
Pref0,0.90775[0.207038],0.903421[0.208541],0.912028[0.205454],95,0_76
Signal0,1[0],1[0],1[0],95,0_76
Hybridindex,17.7712[1.14436],17.7254[1.18148],17.8158[1.10532],96,0_76
Pref0,0.9035[0.209016],0.907107[0.205879],0.9[0.211958],96,0_76
Signal0,1[0],1[0],1[0],96,0_76
Hybridindex,17.7737[1.11521],17.7958[1.10986],17.7522[1.11999],97,0_76
Pref0,0.8995[0.213658],0.900404[0.216694],0.898615[0.210642],97,0_76
Signal0,1[0],1[0],1[0],97,0_76
Hybridindex,17.7795[1.1126],17.7746[1.10512],17.7842[1.11979],98,0_76
Pref0,0.89225[0.217405],0.889848[0.217971],0.894581[0.216829],98,0_76
Signal0,1[0],1[0],1[0],98,0_76
Hybridindex,17.771[1.12319],17.7492[1.14107],17.7919[1.10538],99,0_76
Pref0,0.895[0.22017],0.891726[0.224912],0.898139[0.215479],99,0_76
Signal0,1[0],1[0],1[0],99,0_76
Hybridindex,17.764[1.14599],17.8018[1.12649],17.7259[1.16408],100,0_76
Pref0,0.8935[0.218878],0.88994[0.221117],0.897088[0.216539],100,0_76
Signal0,1[0],1[0],1[0],100,0_76
Hybridindex,12.795[8.19988],12.525[8.30505],13.0661[8.08383],1,0_77
Pref0,0.63975[0.409994],0.626248[0.415253],0.653307[0.404192],1,0_77
Signal0,0.63975[0.409994],0.626248[0.415253],0.653307[0.404192],1,0_77
Hybridindex,15.4255[5.99441],15.3808[6.0423],15.4716[5.9443],2,0_77
Pref0,0.77775[0.324392],0.770443[0.330715],0.785279[0.317568],2,0_77
Signal0,0.76975[0.32842],0.765025[0.331006],0.774619[0.325663],2,0_77
Hybridindex,17.0755[3.75291],16.8647[3.99001],17.2808[3.4943],3,0_77
Pref0,0.85475[0.254514],0.847011[0.262284],0.86229[0.246475],3,0_77
Signal0,0.8775[0.230746],0.873354[0.236423],0.88154[0.225004],3,0_77
Hybridindex,17.7675[2.36827],17.7412[2.39694],17.7964[2.33602],4,0_77
Pref0,0.89125[0.219769],0.893505[0.218259],0.888772[0.22139],4,0_77
Signal0,0.93325[0.172972],0.93744[0.169702],0.928646[0.176381],4,0_77
Hybridindex,17.9593[1.79721],17.9429[1.84377],17.9739[1.75424],5,0_77
Pref0,0.90425[0.207863],0.900106[0.213968],0.90797[0.202154],5,0_77
Signal0,0.96775[0.122821],0.970402[0.117996],0.96537[0.126948],5,0_77
Hybridindex,17.9945[1.52855],17.9737[1.52765],18.0156[1.52918],6,0_77
Pref0,0.90675[0.205376],0.90864[0.202013],0.904834[0.208714],6,0_77
Signal0,0.9825[0.0918899],0.982622[0.0915815],0.982377[0.0922014],6,0_77
Hybridindex,17.9755[1.44201],17.9102[1.48628],18.0441[1.39067],7,0_77
Pref0,0.90075[0.210415],0.90878[0.20653],0.892308[0.214099],7,0_77
Signal0,0.99175[0.0636941],0.99122[0.0656746],0.992308[0.0615385],7,0_77
Hybridindex,18.0143[1.36416],17.9847[1.33747],18.0445[1.39025],8,0_77
Pref0,0.89775[0.216032],0.890702[0.221658],0.904954[0.209882],8,0_77
Signal0,0.9945[0.0521512],0.995054[0.0494807],0.993933[0.0547409],8,0_77
Hybridindex,18.07[1.26791],18.0666[1.29131],18.0734[1.24411],9,0_77
Pref0,0.89625[0.214735],0.891391[0.221393],0.901099[0.207763],9,0_77
Signal0,0.9985[0.027345],0.998999[0.0223495],0.998002[0.0315438],9,0_77
Hybridindex,18.0745[1.24457],18.0553[1.25244],18.0946[1.23596],10,0_77
Pref0,0.89375[0.220422],0.900685[0.2171],0.886503[0.223611],10,0_77
Signal0,0.99925[0.0193504],0.999511[0.0156326],0.998978[0.0225877],10,0_77
Hybridindex,18.0998[1.21271],18.104[1.2032],18.0955[1.22214],11,0_77
Pref0,0.896[0.211976],0.886[0.220236],0.906[0.202889],11,0_77
Signal0,0.99925[0.0193504],1[0],0.9985[0.027345],11,0_77
Hybridindex,18.1142[1.21164],18.0756[1.24104],18.1519[1.18114],12,0_77
Pref0,0.902[0.210704],0.911258[0.206352],0.892998[0.214468],12,0_77
Signal0,0.99975[0.0111775],1[0],0.999507[0.0156941],12,0_77
Hybridindex,18.1195[1.16896],18.1348[1.17658],18.1032[1.16058],13,0_77
Pref0,0.89525[0.213664],0.896217[0.213273],0.894221[0.214075],13,0_77
Signal0,0.99975[0.0111775],0.999515[0.0155643],1[0],13,0_77
Hybridindex,18.0935[1.20914],18.1043[1.21897],18.0827[1.19909],14,0_77
Pref0,0.899[0.211658],0.898204[0.212195],0.8998[0.211114],14,0_77
Signal0,1[0],1[0],1[0],14,0_77
Hybridindex,18.1062[1.18008],18.1268[1.15115],18.0869[1.20636],15,0_77
Pref0,0.898[0.215281],0.898454[0.212369],0.897573[0.217987],15,0_77
Signal0,1[0],1[0],1[0],15,0_77
Hybridindex,18.1187[1.17133],18.1735[1.17065],18.0662[1.16958],16,0_77
Pref0,0.89325[0.216747],0.898469[0.215822],0.888235[0.217515],16,0_77
Signal0,1[0],1[0],1[0],16,0_77
Hybridindex,18.1223[1.18139],18.1225[1.19575],18.122[1.16709],17,0_77
Pref0,0.8895[0.218609],0.892641[0.213733],0.886409[0.22326],17,0_77
Signal0,1[0],1[0],1[0],17,0_77
Hybridindex,18.1373[1.13866],18.1475[1.13565],18.1274[1.14142],18,0_77
Pref0,0.88925[0.229367],0.893955[0.223548],0.884766[0.234692],18,0_77
Signal0,1[0],1[0],1[0],18,0_77
Hybridindex,18.1247[1.13878],18.1204[1.11369],18.1294[1.16522],19,0_77
Pref0,0.88425[0.224114],0.888247[0.218456],0.879938[0.229984],19,0_77
Signal0,1[0],1[0],1[0],19,0_77
Hybridindex,18.1127[1.12812],18.1128[1.14681],18.1127[1.10869],20,0_77
Pref0,0.89075[0.225143],0.896637[0.220036],0.884732[0.230091],20,0_77
Signal0,1[0],1[0],1[0],20,0_77
Hybridindex,18.089[1.14491],18.0906[1.12667],18.0875[1.16245],21,0_77
Pref0,0.8825[0.225153],0.876012[0.228446],0.888834[0.221707],21,0_77
Signal0,1[0],1[0],1[0],21,0_77
Hybridindex,18.0335[1.13452],17.9831[1.15395],18.0814[1.11365],22,0_77
Pref0,0.88175[0.231607],0.88501[0.225712],0.878655[0.237027],22,0_77
Signal0,1[0],1[0],1[0],22,0_77
Hybridindex,18.0452[1.11695],18.0445[1.1612],18.046[1.0719],23,0_77
Pref0,0.8775[0.232366],0.880182[0.232695],0.874876[0.232012],23,0_77
Signal0,1[0],1[0],1[0],23,0_77
Hybridindex,18.0485[1.12723],18.0601[1.14743],18.0377[1.10796],24,0_77
Pref0,0.87525[0.238354],0.871503[0.242111],0.878744[0.234742],24,0_77
Signal0,1[0],1[0],1[0],24,0_77
Hybridindex,18.0663[1.1113],18.0591[1.15287],18.0737[1.06599],25,0_77
Pref0,0.88275[0.232653],0.876344[0.233147],0.889458[0.231946],25,0_77
Signal0,1[0],1[0],1[0],25,0_77
Hybridindex,18.0648[1.1053],18.0969[1.0936],18.0332[1.11577],26,0_77
Pref0,0.90075[0.21395],0.900605[0.214179],0.900892[0.213724],26,0_77
Signal0,1[0],1[0],1[0],26,0_77
Hybridindex,18.061[1.08848],18.0823[1.08009],18.0388[1.09671],27,0_77
Pref0,0.89825[0.213359],0.899608[0.213317],0.896834[0.213393],27,0_77
Signal0,1[0],1[0],1[0],27,0_77
Hybridindex,18.062[1.10449],18.0473[1.11818],18.0759[1.09121],28,0_77
Pref0,0.89425[0.218956],0.891975[0.220263],0.896401[0.217692],28,0_77
Signal0,1[0],1[0],1[0],28,0_77
Hybridindex,18.0798[1.11199],18.1047[1.11427],18.056[1.10929],29,0_77
Pref0,0.89975[0.212309],0.900411[0.212156],0.899123[0.212452],29,0_77
Signal0,1[0],1[0],1[0],29,0_77
Hybridindex,18.0892[1.0914],18.0793[1.10434],18.0995[1.07781],30,0_77
Pref0,0.89925[0.21266],0.891133[0.219089],0.907614[0.20549],30,0_77
Signal0,1[0],1[0],1[0],30,0_77
Hybridindex,18.1232[1.06016],18.1499[1.04334],18.0974[1.07557],31,0_77
Pref0,0.8925[0.216665],0.892785[0.218408],0.892224[0.214963],31,0_77
Signal0,1[0],1[0],1[0],31,0_77
Hybridindex,18.1298[1.05477],18.1756[1.00473],18.0829[1.10161],32,0_77
Pref0,0.90525[0.20892],0.907517[0.207674],0.902932[0.21016],32,0_77
Signal0,1[0],1[0],1[0],32,0_77
Hybridindex,18.1285[1.07482],18.1596[1.10136],18.096[1.04543],33,0_77
Pref0,0.89675[0.217289],0.89667[0.216482],0.896834[0.218127],33,0_77
Signal0,1[0],1[0],1[0],33,0_77
Hybridindex,18.1142[1.07043],18.0586[1.0755],18.168[1.06275],34,0_77
Pref0,0.897[0.214222],0.900204[0.209791],0.89391[0.218367],34,0_77
Signal0,1[0],1[0],1[0],34,0_77
Hybridindex,18.135[1.05808],18.1214[1.07141],18.1479[1.04505],35,0_77
Pref0,0.895[0.217313],0.890881[0.218576],0.898926[0.21603],35,0_77
Signal0,1[0],1[0],1[0],35,0_77
Hybridindex,18.1298[1.05785],18.1238[1.0467],18.1359[1.06907],36,0_77
Pref0,0.90075[0.207423],0.903465[0.207144],0.89798[0.207671],36,0_77
Signal0,1[0],1[0],1[0],36,0_77
Hybridindex,18.126[1.1004],18.0869[1.10862],18.1704[1.08927],37,0_77
Pref0,0.9115[0.199168],0.915414[0.193618],0.907051[0.205203],37,0_77
Signal0,1[0],1[0],1[0],37,0_77
Hybridindex,18.1303[1.09014],18.1434[1.0762],18.1177[1.10312],38,0_77
Pref0,0.90925[0.202829],0.910861[0.203063],0.907715[0.202593],38,0_77
Signal0,1[0],1[0],1[0],38,0_77
Hybridindex,18.1657[1.05387],18.1997[1.04303],18.1329[1.06324],39,0_77
Pref0,0.90225[0.209332],0.893293[0.216907],0.910925[0.201346],39,0_77
Signal0,1[0],1[0],1[0],39,0_77
Hybridindex,18.1678[1.09098],18.1557[1.08394],18.1802[1.09809],40,0_77
Pref0,0.90625[0.206968],0.900786[0.211365],0.911914[0.202154],40,0_77
Signal0,1[0],1[0],1[0],40,0_77
Hybridindex,18.2085[1.05607],18.202[1.04524],18.2149[1.06654],41,0_77
Pref0,0.89925[0.210296],0.895455[0.213034],0.90297[0.20751],41,0_77
Signal0,1[0],1[0],1[0],41,0_77
Hybridindex,18.182[1.0694],18.1906[1.0794],18.1735[1.05936],42,0_77
Pref0,0.90475[0.20929],0.908451[0.20597],0.901093[0.212457],42,0_77
Signal0,1[0],1[0],1[0],42,0_77
Hybridindex,18.2022[1.03753],18.1766[1.04023],18.228[1.03418],43,0_77
Pref0,0.91125[0.196846],0.913174[0.198412],0.909319[0.195242],43,0_77
Signal0,1[0],1[0],1[0],43,0_77
Hybridindex,18.2045[1.03823],18.2261[1.02957],18.1807[1.04717],44,0_77
Pref0,0.9135[0.198161],0.920802[0.193961],0.905462[0.20238],44,0_77
Signal0,1[0],1[0],1[0],44,0_77
Hybridindex,18.1588[1.04782],18.0995[1.075],18.2198[1.01545],45,0_77
Pref0,0.90875[0.200745],0.904926[0.204808],0.91269[0.196392],45,0_77
Signal0,1[0],1[0],1[0],45,0_77
Hybridindex,18.1325[1.06193],18.1147[1.07994],18.1511[1.04237],46,0_77
Pref0,0.9125[0.200858],0.918945[0.19206],0.905738[0.209478],46,0_77
Signal0,1[0],1[0],1[0],46,0_77
Hybridindex,18.1112[1.08467],18.0975[1.08609],18.1236[1.08324],47,0_77
Pref0,0.9105[0.204914],0.913136[0.201628],0.908144[0.207779],47,0_77
Signal0,1[0],1[0],1[0],47,0_77
Hybridindex,18.145[1.0623],18.1555[1.09539],18.135[1.0298],48,0_77
Pref0,0.91375[0.199213],0.916324[0.194721],0.911306[0.203356],48,0_77
Signal0,1[0],1[0],1[0],48,0_77
Hybridindex,18.0945[1.08054],18.1163[1.06237],18.0724[1.09819],49,0_77
Pref0,0.91225[0.199812],0.907555[0.205304],0.917002[0.193981],49,0_77
Signal0,1[0],1[0],1[0],49,0_77
Hybridindex,18.0592[1.07755],18.0956[1.07394],18.0234[1.07991],50,0_77
Pref0,0.9165[0.195007],0.924044[0.186343],0.909046[0.20293],50,0_77
Signal0,1[0],1[0],1[0],50,0_77
Hybridindex,18.108[1.04347],18.1609[1.02424],18.0547[1.05984],51,0_77
Pref0,0.92075[0.196455],0.922809[0.191367],0.918675[0.201432],51,0_77
Signal0,1[0],1[0],1[0],51,0_77
Hybridindex,18.1268[1.05288],18.1464[1.03774],18.1074[1.06727],52,0_77
Pref0,0.91825[0.195428],0.915996[0.196129],0.920477[0.194707],52,0_77
Signal0,1[0],1[0],1[0],52,0_77
Hybridindex,18.0922[1.03772],18.1113[1.01922],18.0728[1.05595],53,0_77
Pref0,0.91975[0.190223],0.917409[0.196038],0.922144[0.184059],53,0_77
Signal0,1[0],1[0],1[0],53,0_77
Hybridindex,18.119[1.03033],18.1282[0.99123],18.1102[1.06613],54,0_77
Pref0,0.92275[0.188832],0.918462[0.194192],0.926829[0.183495],54,0_77
Signal0,1[0],1[0],1[0],54,0_77
Hybridindex,18.0778[1.06258],18.084[1.02465],18.0718[1.09708],55,0_77
Pref0,0.9205[0.189551],0.914948[0.19592],0.925728[0.183198],55,0_77
Signal0,1[0],1[0],1[0],55,0_77
Hybridindex,18.0735[1.03663],18.077[1.00555],18.0698[1.06838],56,0_77
Pref0,0.92[0.195832],0.923489[0.193067],0.916324[0.198636],56,0_77
Signal0,1[0],1[0],1[0],56,0_77
Hybridindex,18.0757[1.06449],18.1139[1.0532],18.0355[1.07481],57,0_77
Pref0,0.92325[0.189036],0.929893[0.180479],0.916238[0.197423],57,0_77
Signal0,1[0],1[0],1[0],57,0_77
Hybridindex,18.0557[1.08375],18.1169[1.07733],17.9981[1.08663],58,0_77
Pref0,0.93025[0.178913],0.935633[0.1705],0.92517[0.186362],58,0_77
Signal0,1[0],1[0],1[0],58,0_77
Hybridindex,18.0583[1.10611],18.0621[1.09426],18.0545[1.11759],59,0_77
Pref0,0.92825[0.180906],0.935354[0.173679],0.921287[0.187459],59,0_77
Signal0,1[0],1[0],1[0],59,0_77
Hybridindex,18.043[1.06097],18.054[1.04985],18.0326[1.07129],60,0_77
Pref0,0.92625[0.185569],0.920863[0.192101],0.931353[0.179012],60,0_77
Signal0,1[0],1[0],1[0],60,0_77
Hybridindex,18.0377[1.07107],18.0606[1.08444],18.0161[1.05778],61,0_77
Pref0,0.92275[0.188169],0.921458[0.190216],0.923977[0.186196],61,0_77
Signal0,1[0],1[0],1[0],61,0_77
Hybridindex,18.0102[1.10771],17.9748[1.12438],18.0452[1.0899],62,0_77
Pref0,0.92875[0.182479],0.925982[0.191221],0.93148[0.173383],62,0_77
Signal0,1[0],1[0],1[0],62,0_77
Hybridindex,18.0095[1.09871],18.0069[1.10497],18.0121[1.09229],63,0_77
Pref0,0.92425[0.185437],0.929633[0.180858],0.918769[0.189829],63,0_77
Signal0,1[0],1[0],1[0],63,0_77
Hybridindex,17.9725[1.10679],17.9679[1.11083],17.977[1.10274],64,0_77
Pref0,0.92525[0.183814],0.922846[0.187428],0.927645[0.180109],64,0_77
Signal0,1[0],1[0],1[0],64,0_77
Hybridindex,17.9718[1.07649],17.9802[1.07778],17.9636[1.07518],65,0_77
Pref0,0.921[0.191726],0.917091[0.193991],0.924779[0.189435],65,0_77
Signal0,1[0],1[0],1[0],65,0_77
Hybridindex,17.9615[1.08537],17.9483[1.12769],17.9748[1.04061],66,0_77
Pref0,0.9145[0.199223],0.908549[0.206953],0.920523[0.190893],66,0_77
Signal0,1[0],1[0],1[0],66,0_77
Hybridindex,18.0143[1.05471],18.0191[1.04724],18.0094[1.06202],67,0_77
Pref0,0.9145[0.199223],0.921026[0.191758],0.908052[0.206131],67,0_77
Signal0,1[0],1[0],1[0],67,0_77
Hybridindex,17.9788[1.10019],17.9599[1.12842],17.9985[1.06954],68,0_77
Pref0,0.916[0.196708],0.919765[0.191351],0.912065[0.202079],68,0_77
Signal0,1[0],1[0],1[0],68,0_77
Hybridindex,18.002[1.08293],18.0055[1.09277],17.9985[1.07294],69,0_77
Pref0,0.91525[0.195429],0.917747[0.195829],0.912738[0.194993],69,0_77
Signal0,1[0],1[0],1[0],69,0_77
Hybridindex,17.9565[1.10243],17.9833[1.06867],17.9318[1.13208],70,0_77
Pref0,0.914[0.20026],0.908759[0.206178],0.918828[0.194524],70,0_77
Signal0,1[0],1[0],1[0],70,0_77
Hybridindex,17.9378[1.09533],17.9627[1.07727],17.9111[1.11368],71,0_77
Pref0,0.91575[0.198184],0.913843[0.200029],0.917787[0.196173],71,0_77
Signal0,1[0],1[0],1[0],71,0_77
Hybridindex,17.9225[1.10159],17.9115[1.1031],17.9336[1.09994],72,0_77
Pref0,0.91725[0.193074],0.916501[0.193035],0.918008[0.19311],72,0_77
Signal0,1[0],1[0],1[0],72,0_77
Hybridindex,17.9183[1.0961],17.9005[1.09034],17.936[1.10155],73,0_77
Pref0,0.91875[0.19691],0.9225[0.192986],0.915[0.200686],73,0_77
Signal0,1[0],1[0],1[0],73,0_77
Hybridindex,17.8882[1.09231],17.8807[1.05661],17.8957[1.12635],74,0_77
Pref0,0.91275[0.200031],0.908862[0.205665],0.916584[0.194239],74,0_77
Signal0,1[0],1[0],1[0],74,0_77
Hybridindex,17.8995[1.07629],17.8888[1.07879],17.9104[1.07362],75,0_77
Pref0,0.9085[0.202182],0.904644[0.203837],0.912449[0.200397],75,0_77
Signal0,1[0],1[0],1[0],75,0_77
Hybridindex,17.93[1.09103],17.9116[1.10143],17.9474[1.0808],76,0_77
Pref0,0.906[0.205947],0.904419[0.204299],0.907498[0.207485],76,0_77
Signal0,1[0],1[0],1[0],76,0_77
Hybridindex,17.9082[1.08095],17.9124[1.08502],17.9041[1.07686],77,0_77
Pref0,0.908[0.203804],0.912913[0.197389],0.903097[0.209896],77,0_77
Signal0,1[0],1[0],1[0],77,0_77
Hybridindex,17.9155[1.08183],17.8972[1.0982],17.9348[1.06398],78,0_77
Pref0,0.91525[0.196704],0.917641[0.190645],0.912731[0.20286],78,0_77
Signal0,1[0],1[0],1[0],78,0_77
Hybridindex,17.9245[1.07217],17.9166[1.08725],17.9324[1.05679],79,0_77
Pref0,0.90775[0.204609],0.909091[0.201709],0.906406[0.207466],79,0_77
Signal0,1[0],1[0],1[0],79,0_77
Hybridindex,17.9247[1.06628],17.9091[1.0706],17.9394[1.06201],80,0_77
Pref0,0.9135[0.198161],0.91064[0.202057],0.916182[0.194398],80,0_77
Signal0,1[0],1[0],1[0],80,0_77
Hybridindex,17.9215[1.07394],17.9427[1.0642],17.9006[1.08306],81,0_77
Pref0,0.90825[0.204834],0.899899[0.214631],0.916501[0.194318],81,0_77
Signal0,1[0],1[0],1[0],81,0_77
Hybridindex,17.9387[1.07929],17.9638[1.05776],17.9132[1.1002],82,0_77
Pref0,0.91725[0.195006],0.918731[0.193645],0.915742[0.196371],82,0_77
Signal0,1[0],1[0],1[0],82,0_77
Hybridindex,17.9363[1.087],17.9348[1.08151],17.9378[1.09259],83,0_77
Pref0,0.9155[0.194576],0.918478[0.196371],0.912449[0.192672],83,0_77
Signal0,1[0],1[0],1[0],83,0_77
Hybridindex,17.9582[1.06976],17.9938[1.0339],17.9252[1.10105],84,0_77
Pref0,0.91925[0.191975],0.920124[0.191493],0.918436[0.192419],84,0_77
Signal0,1[0],1[0],1[0],84,0_77
Hybridindex,17.9765[1.06111],17.9818[1.06734],17.9716[1.05527],85,0_77
Pref0,0.91275[0.201277],0.911123[0.201736],0.914258[0.200839],85,0_77
Signal0,1[0],1[0],1[0],85,0_77
Hybridindex,17.9713[1.06468],17.9867[1.05858],17.9565[1.07027],86,0_77
Pref0,0.91825[0.194144],0.925281[0.185298],0.911535[0.202003],86,0_77
Signal0,1[0],1[0],1[0],86,0_77
Hybridindex,17.9797[1.07551],17.9486[1.12149],18.0087[1.03013],87,0_77
Pref0,0.91575[0.193072],0.914849[0.194732],0.916586[0.191514],87,0_77
Signal0,1[0],1[0],1[0],87,0_77
Hybridindex,17.9997[1.07883],18.0101[1.09799],17.9896[1.05974],88,0_77
Pref0,0.917[0.191992],0.918946[0.189693],0.915104[0.194187],88,0_77
Signal0,1[0],1[0],1[0],88,0_77
Hybridindex,18.0565[1.05549],18.0569[1.0803],18.0561[1.03177],89,0_77
Pref0,0.919[0.19089],0.917702[0.19226],0.920213[0.189593],89,0_77
Signal0,1[0],1[0],1[0],89,0_77
Hybridindex,18.1002[1.01726],18.0969[1.02575],18.1036[1.00884],90,0_77
Pref0,0.92425[0.190754],0.919273[0.19721],0.929138[0.184061],90,0_77
Signal0,1[0],1[0],1[0],90,0_77
Hybridindex,18.108[1.03251],18.1381[1.02124],18.0784[1.04265],91,0_77
Pref0,0.92125[0.186878],0.922883[0.183356],0.919643[0.190267],91,0_77
Signal0,1[0],1[0],1[0],91,0_77
Hybridindex,18.0885[1.03967],18.0594[1.06088],18.1177[1.0171],92,0_77
Pref0,0.92375[0.187246],0.921657[0.18981],0.925852[0.184611],92,0_77
Signal0,1[0],1[0],1[0],92,0_77
Hybridindex,18.0655[1.04724],18.0884[1.01752],18.0438[1.07419],93,0_77
Pref0,0.9215[0.185304],0.921891[0.185729],0.92113[0.184901],93,0_77
Signal0,1[0],1[0],1[0],93,0_77
Hybridindex,18.0712[1.00663],18.0776[0.965431],18.0652[1.04412],94,0_77
Pref0,0.92225[0.187963],0.925488[0.182334],0.919182[0.193094],94,0_77
Signal0,1[0],1[0],1[0],94,0_77
Hybridindex,18.0778[0.991126],18.0538[1.0107],18.1019[0.970398],95,0_77
Pref0,0.91975[0.19541],0.917829[0.198277],0.921687[0.192457],95,0_77
Signal0,1[0],1[0],1[0],95,0_77
Hybridindex,18.0738[1.03691],18.1056[1.03],18.041[1.04294],96,0_77
Pref0,0.9185[0.191984],0.918065[0.194189],0.918946[0.189693],96,0_77
Signal0,1[0],1[0],1[0],96,0_77
Hybridindex,18.1028[1.00614],18.0938[1.02078],18.1123[0.990305],97,0_77
Pref0,0.9215[0.185304],0.924198[0.184658],0.918641[0.185944],97,0_77
Signal0,1[0],1[0],1[0],97,0_77
Hybridindex,18.0708[1.02304],18.0738[1.02688],18.0674[1.01884],98,0_77
Pref0,0.92475[0.185641],0.925695[0.187048],0.92372[0.184089],98,0_77
Signal0,1[0],1[0],1[0],98,0_77
Hybridindex,18.0575[1.0265],18.0812[1.0097],18.0321[1.04361],99,0_77
Pref0,0.92975[0.180111],0.93285[0.178786],0.926425[0.181463],99,0_77
Signal0,1[0],1[0],1[0],99,0_77
Hybridindex,18.0347[1.02025],18.0499[1.0143],18.0189[1.02622],100,0_77
Pref0,0.92875[0.180412],0.932063[0.172748],0.925281[0.188039],100,0_77
Signal0,1[0],1[0],1[0],100,0_77
Hybridindex,12.915[8.10881],12.6617[8.20076],13.141[8.01913],1,0_78
Pref0,0.64575[0.40544],0.633086[0.410038],0.657048[0.400957],1,0_78
Signal0,0.64575[0.40544],0.633086[0.410038],0.657048[0.400957],1,0_78
Hybridindex,15.7505[5.78001],15.7557[5.77955],15.7456[5.78044],2,0_78
Pref0,0.7895[0.314944],0.793299[0.308482],0.785922[0.320869],2,0_78
Signal0,0.7905[0.316796],0.785567[0.322519],0.795146[0.311239],2,0_78
Hybridindex,17.271[3.68518],17.1682[3.67672],17.3682[3.69053],3,0_78
Pref0,0.86575[0.248197],0.864198[0.242318],0.867218[0.253622],3,0_78
Signal0,0.887[0.229632],0.881173[0.231353],0.89251[0.227857],3,0_78
Hybridindex,17.868[2.471],17.9363[2.39436],17.7967[2.54651],4,0_78
Pref0,0.88675[0.224275],0.891283[0.217799],0.882022[0.230742],4,0_78
Signal0,0.93825[0.170476],0.940255[0.16665],0.936159[0.174351],4,0_78
Hybridindex,18.0023[1.84252],18.0589[1.79252],17.9444[1.89042],5,0_78
Pref0,0.89675[0.218436],0.894554[0.220306],0.89899[0.216489],5,0_78
Signal0,0.9675[0.123263],0.962376[0.131895],0.972727[0.113545],5,0_78
Hybridindex,18.016[1.56891],18.0326[1.54628],18[1.59028],6,0_78
Pref0,0.89925[0.212072],0.894094[0.221055],0.904224[0.202906],6,0_78
Signal0,0.987[0.0795676],0.986253[0.0817602],0.987721[0.0773868],6,0_78
Hybridindex,18.0212[1.41886],17.9761[1.43058],18.0686[1.40491],7,0_78
Pref0,0.9[0.210357],0.904297[0.202815],0.895492[0.217898],7,0_78
Signal0,0.99325[0.0577013],0.993652[0.055978],0.992828[0.0594527],7,0_78
Hybridindex,17.9763[1.30874],17.9809[1.30368],17.9715[1.31397],8,0_78
Pref0,0.90325[0.208601],0.902355[0.205504],0.904179[0.211766],8,0_78
Signal0,0.99675[0.0401801],0.997056[0.0382539],0.996432[0.0420852],8,0_78
Hybridindex,17.9935[1.26904],17.9712[1.29148],18.0177[1.24382],9,0_78
Pref0,0.904[0.208048],0.899038[0.21008],0.909375[0.205689],9,0_78
Signal0,0.998[0.0315595],0.997115[0.037868],0.998958[0.022798],9,0_78
Hybridindex,17.993[1.26608],17.9709[1.30775],18.0128[1.22729],10,0_78
Pref0,0.9025[0.211527],0.896186[0.215467],0.908144[0.207779],10,0_78
Signal0,0.9985[0.027345],0.99947[0.016265],0.997633[0.0343236],10,0_78
Hybridindex,18.0065[1.24427],17.992[1.21943],18.0211[1.26875],11,0_78
Pref0,0.89875[0.211834],0.91004[0.202147],0.887324[0.220618],11,0_78
Signal0,0.99725[0.0369789],0.997515[0.035162],0.996982[0.0387291],11,0_78
Hybridindex,18.0645[1.19858],18.026[1.16938],18.1044[1.22684],12,0_78
Pref0,0.89775[0.214872],0.902259[0.214926],0.893075[0.214716],12,0_78
Signal0,0.997[0.0386135],0.998035[0.0312803],0.995927[0.0449452],12,0_78
Hybridindex,18.0817[1.20185],18.1461[1.13378],18.0175[1.26287],13,0_78
Pref0,0.88925[0.22552],0.886887[0.22532],0.891608[0.225696],13,0_78
Signal0,0.998[0.0315595],0.997497[0.0352844],0.998501[0.0273314],13,0_78
Hybridindex,18.0375[1.19555],18.0593[1.21861],18.0136[1.16928],14,0_78
Pref0,0.884[0.226482],0.881931[0.229657],0.886268[0.222926],14,0_78
Signal0,1[0],1[0],1[0],14,0_78
Hybridindex,18.0068[1.19982],18.0235[1.21622],17.99[1.18296],15,0_78
Pref0,0.88425[0.225781],0.8855[0.228341],0.883[0.223184],15,0_78
Signal0,1[0],1[0],1[0],15,0_78
Hybridindex,18.0355[1.16297],18[1.1625],18.0707[1.16236],16,0_78
Pref0,0.8855[0.228341],0.889056[0.222911],0.881972[0.23355],16,0_78
Signal0,1[0],1[0],1[0],16,0_78
Hybridindex,18.0355[1.16554],18.0297[1.19327],18.0416[1.13551],17,0_78
Pref0,0.876[0.234785],0.872444[0.236186],0.879753[0.233238],17,0_78
Signal0,1[0],1[0],1[0],17,0_78
Hybridindex,18.0205[1.13659],18.0293[1.1283],18.0113[1.14514],18,0_78
Pref0,0.8845[0.226737],0.893555[0.219635],0.875[0.23358],18,0_78
Signal0,1[0],1[0],1[0],18,0_78
Hybridindex,17.9975[1.16715],18.0091[1.18173],17.9861[1.15254],19,0_78
Pref0,0.877[0.227203],0.877901[0.226245],0.876115[0.228136],19,0_78
Signal0,1[0],1[0],1[0],19,0_78
Hybridindex,17.9767[1.18936],17.9626[1.16838],17.991[1.2099],20,0_78
Pref0,0.8755[0.228582],0.872754[0.230044],0.878257[0.227071],20,0_78
Signal0,1[0],1[0],1[0],20,0_78
Hybridindex,17.9495[1.18509],18.0153[1.16721],17.8864[1.1986],21,0_78
Pref0,0.865[0.240364],0.862104[0.241048],0.867777[0.239674],21,0_78
Signal0,1[0],1[0],1[0],21,0_78
Hybridindex,17.9453[1.1987],17.8955[1.23058],17.995[1.16382],22,0_78
Pref0,0.85725[0.24849],0.85[0.253969],0.8645[0.242672],22,0_78
Signal0,1[0],1[0],1[0],22,0_78
Hybridindex,17.9228[1.17427],17.9292[1.19431],17.916[1.15283],23,0_78
Pref0,0.861[0.240165],0.869141[0.234822],0.852459[0.245355],23,0_78
Signal0,1[0],1[0],1[0],23,0_78
Hybridindex,17.9108[1.1961],17.9523[1.16908],17.8704[1.2204],24,0_78
Pref0,0.85725[0.248993],0.856853[0.242274],0.857635[0.255344],24,0_78
Signal0,1[0],1[0],1[0],24,0_78
Hybridindex,17.91[1.17395],17.9203[1.16513],17.8992[1.18301],25,0_78
Pref0,0.84725[0.257473],0.841642[0.260359],0.853122[0.254284],25,0_78
Signal0,1[0],1[0],1[0],25,0_78
Hybridindex,17.9093[1.18739],17.9535[1.17471],17.8679[1.19766],26,0_78
Pref0,0.839[0.258029],0.842296[0.254637],0.835915[0.261127],26,0_78
Signal0,1[0],1[0],1[0],26,0_78
Hybridindex,17.8675[1.21293],17.8362[1.21902],17.8983[1.20611],27,0_78
Pref0,0.84[0.261056],0.843246[0.257694],0.836806[0.264283],27,0_78
Signal0,1[0],1[0],1[0],27,0_78
Hybridindex,17.9022[1.1771],17.8586[1.20894],17.9472[1.14162],28,0_78
Pref0,0.84125[0.257727],0.842857[0.256321],0.839594[0.259159],28,0_78
Signal0,1[0],1[0],1[0],28,0_78
Hybridindex,17.9312[1.17245],17.9262[1.19929],17.9364[1.14446],29,0_78
Pref0,0.8475[0.256892],0.853816[0.257086],0.84107[0.256536],29,0_78
Signal0,1[0],1[0],1[0],29,0_78
Hybridindex,17.986[1.17028],18.0005[1.1616],17.971[1.17901],30,0_78
Pref0,0.84675[0.249779],0.846608[0.248042],0.846897[0.251563],30,0_78
Signal0,1[0],1[0],1[0],30,0_78
Hybridindex,18.0078[1.14152],18.0147[1.14811],18[1.13409],31,0_78
Pref0,0.84875[0.250496],0.848053[0.251658],0.849525[0.249196],31,0_78
Signal0,1[0],1[0],1[0],31,0_78
Hybridindex,18.019[1.13694],18.0505[1.14025],17.9881[1.13283],32,0_78
Pref0,0.8435[0.252503],0.843088[0.253831],0.843905[0.251191],32,0_78
Signal0,1[0],1[0],1[0],32,0_78
Hybridindex,18.0353[1.11753],18.0171[1.10225],18.0553[1.13386],33,0_78
Pref0,0.834[0.269154],0.833333[0.272263],0.834737[0.265674],33,0_78
Signal0,1[0],1[0],1[0],33,0_78
Hybridindex,18.0813[1.10149],18.0736[1.08924],18.0892[1.11401],34,0_78
Pref0,0.83525[0.260255],0.842002[0.257493],0.828236[0.262909],34,0_78
Signal0,1[0],1[0],1[0],34,0_78
Hybridindex,18.0755[1.09911],18.009[1.12694],18.1414[1.06671],35,0_78
Pref0,0.845[0.256369],0.835341[0.263198],0.854582[0.24904],35,0_78
Signal0,1[0],1[0],1[0],35,0_78
Hybridindex,18.069[1.10147],18.058[1.08094],18.0798[1.12117],36,0_78
Pref0,0.8475[0.256892],0.847629[0.255103],0.847374[0.258638],36,0_78
Signal0,1[0],1[0],1[0],36,0_78
Hybridindex,18.0817[1.1019],18.0991[1.11709],18.0643[1.0861],37,0_78
Pref0,0.84025[0.257595],0.842131[0.256835],0.838353[0.258344],37,0_78
Signal0,1[0],1[0],1[0],37,0_78
Hybridindex,18.062[1.09837],18.0811[1.07132],18.042[1.1257],38,0_78
Pref0,0.83875[0.263863],0.840332[0.264509],0.83709[0.263172],38,0_78
Signal0,1[0],1[0],1[0],38,0_78
Hybridindex,18.0375[1.09503],18.0637[1.07709],18.0111[1.11223],39,0_78
Pref0,0.836[0.261446],0.836816[0.262475],0.835176[0.260399],39,0_78
Signal0,1[0],1[0],1[0],39,0_78
Hybridindex,18.0237[1.10931],18.0328[1.11442],18.014[1.10369],40,0_78
Pref0,0.83775[0.26182],0.851013[0.252722],0.823468[0.270551],40,0_78
Signal0,1[0],1[0],1[0],40,0_78
Hybridindex,18.006[1.11634],17.9935[1.12906],18.0186[1.10314],41,0_78
Pref0,0.83275[0.266275],0.829196[0.269469],0.836354[0.262948],41,0_78
Signal0,1[0],1[0],1[0],41,0_78
Hybridindex,17.9977[1.1173],17.9985[1.11724],17.997[1.11737],42,0_78
Pref0,0.83525[0.265014],0.833841[0.267826],0.836614[0.262255],42,0_78
Signal0,1[0],1[0],1[0],42,0_78
Hybridindex,17.9907[1.14762],18.0204[1.10973],17.9622[1.18226],43,0_78
Pref0,0.81925[0.273321],0.815494[0.276693],0.822866[0.269986],43,0_78
Signal0,1[0],1[0],1[0],43,0_78
Hybridindex,18.027[1.13447],17.998[1.16984],18.0552[1.09832],44,0_78
Pref0,0.83425[0.26439],0.84467[0.257348],0.824138[0.270665],44,0_78
Signal0,1[0],1[0],1[0],44,0_78
Hybridindex,18.0523[1.09893],18.0516[1.10205],18.0529[1.09581],45,0_78
Pref0,0.82975[0.269518],0.828156[0.271895],0.831337[0.26712],45,0_78
Signal0,1[0],1[0],1[0],45,0_78
Hybridindex,18.0308[1.13034],18.0529[1.12208],18.0081[1.13828],46,0_78
Pref0,0.8235[0.272668],0.821958[0.268624],0.825076[0.276732],46,0_78
Signal0,1[0],1[0],1[0],46,0_78
Hybridindex,18.0188[1.09967],18.024[1.08186],18.0133[1.11784],47,0_78
Pref0,0.83575[0.26057],0.83366[0.258431],0.83792[0.262757],47,0_78
Signal0,1[0],1[0],1[0],47,0_78
Hybridindex,18.0315[1.06666],18.0203[1.08781],18.0419[1.04657],48,0_78
Pref0,0.845[0.256369],0.840437[0.25744],0.849229[0.255299],48,0_78
Signal0,1[0],1[0],1[0],48,0_78
Hybridindex,18.0265[1.06586],18.063[1.01725],17.9928[1.10785],49,0_78
Pref0,0.83925[0.261791],0.834547[0.266384],0.8436[0.257393],49,0_78
Signal0,1[0],1[0],1[0],49,0_78
Hybridindex,18.0437[1.04137],18.0355[1.0161],18.0515[1.06461],50,0_78
Pref0,0.8455[0.255695],0.852214[0.248668],0.839164[0.261994],50,0_78
Signal0,1[0],1[0],1[0],50,0_78
Hybridindex,18.0368[1.06702],18.0325[1.06456],18.0412[1.06953],51,0_78
Pref0,0.83625[0.264218],0.840059[0.264835],0.832317[0.263521],51,0_78
Signal0,1[0],1[0],1[0],51,0_78
Hybridindex,18.05[1.03887],18.0948[1.01505],18.006[1.05994],52,0_78
Pref0,0.83575[0.265324],0.831653[0.265424],0.839782[0.265165],52,0_78
Signal0,1[0],1[0],1[0],52,0_78
Hybridindex,18.033[1.02294],18.0854[0.996472],17.9779[1.04723],53,0_78
Pref0,0.83375[0.265492],0.845854[0.253069],0.821026[0.277385],53,0_78
Signal0,1[0],1[0],1[0],53,0_78
Hybridindex,18.0375[0.995662],18.0686[0.990144],18.006[1.00023],54,0_78
Pref0,0.838[0.263165],0.840457[0.264994],0.835513[0.261278],54,0_78
Signal0,1[0],1[0],1[0],54,0_78
Hybridindex,18.0482[1.04262],18.0446[1.05237],18.0519[1.0328],55,0_78
Pref0,0.832[0.265096],0.828156[0.267248],0.835828[0.262879],55,0_78
Signal0,1[0],1[0],1[0],55,0_78
Hybridindex,18.0212[1.07409],17.9995[1.07528],18.0422[1.07253],56,0_78
Pref0,0.83175[0.265644],0.837411[0.267729],0.8263[0.263507],56,0_78
Signal0,1[0],1[0],1[0],56,0_78
Hybridindex,18.0045[1.07225],18.0385[1.05701],17.9705[1.08622],57,0_78
Pref0,0.82725[0.268854],0.829[0.266944],0.8255[0.270739],57,0_78
Signal0,1[0],1[0],1[0],57,0_78
Hybridindex,17.9922[1.09536],18.0015[1.04758],17.9831[1.14044],58,0_78
Pref0,0.83125[0.266268],0.831823[0.270046],0.830685[0.262487],58,0_78
Signal0,1[0],1[0],1[0],58,0_78
Hybridindex,17.965[1.07204],17.9812[1.0707],17.9494[1.07311],59,0_78
Pref0,0.83175[0.267987],0.822482[0.273951],0.840708[0.261782],59,0_78
Signal0,1[0],1[0],1[0],59,0_78
Hybridindex,17.932[1.07825],17.9697[1.06996],17.8938[1.08526],60,0_78
Pref0,0.83575[0.263433],0.839623[0.253768],0.831823[0.272829],60,0_78
Signal0,1[0],1[0],1[0],60,0_78
Hybridindex,17.9115[1.06368],17.91[1.07513],17.913[1.05211],61,0_78
Pref0,0.84675[0.255224],0.833[0.264785],0.8605[0.244519],61,0_78
Signal0,1[0],1[0],1[0],61,0_78
Hybridindex,17.9453[1.08196],17.947[1.061],17.9436[1.10211],62,0_78
Pref0,0.8575[0.250387],0.84899[0.256578],0.865842[0.243879],62,0_78
Signal0,1[0],1[0],1[0],62,0_78
Hybridindex,17.9733[1.10098],17.956[1.09006],17.9909[1.11176],63,0_78
Pref0,0.85375[0.250471],0.851632[0.250113],0.855915[0.250818],63,0_78
Signal0,1[0],1[0],1[0],63,0_78
Hybridindex,17.9845[1.09955],17.9836[1.10418],17.9854[1.09512],64,0_78
Pref0,0.855[0.245917],0.857949[0.241949],0.852195[0.2496],64,0_78
Signal0,1[0],1[0],1[0],64,0_78
Hybridindex,18.0165[1.04581],18.0097[1.01254],18.0236[1.07971],65,0_78
Pref0,0.861[0.241203],0.853314[0.246167],0.869097[0.23559],65,0_78
Signal0,1[0],1[0],1[0],65,0_78
Hybridindex,18.0227[1.04957],18.0278[1.06213],18.0175[1.03616],66,0_78
Pref0,0.85225[0.248586],0.845029[0.255275],0.859856[0.241105],66,0_78
Signal0,1[0],1[0],1[0],66,0_78
Hybridindex,18.027[1.0384],18.001[1.02641],18.052[1.0492],67,0_78
Pref0,0.863[0.247449],0.863405[0.254813],0.86261[0.240145],67,0_78
Signal0,1[0],1[0],1[0],67,0_78
Hybridindex,18.0585[1.03806],18.0576[1.04949],18.0594[1.02695],68,0_78
Pref0,0.864[0.242392],0.876656[0.2304],0.851816[0.252804],68,0_78
Signal0,1[0],1[0],1[0],68,0_78
Hybridindex,18.0155[1.03791],18.0086[1.01992],18.0222[1.05507],69,0_78
Pref0,0.86175[0.248016],0.863083[0.250792],0.860454[0.245279],69,0_78
Signal0,1[0],1[0],1[0],69,0_78
Hybridindex,18.006[1.04831],18.0195[1.07249],17.9932[1.02458],70,0_78
Pref0,0.8565[0.246795],0.867828[0.237278],0.845703[0.255068],70,0_78
Signal0,1[0],1[0],1[0],70,0_78
Hybridindex,17.9945[1.06711],17.9766[1.08321],18.0126[1.05029],71,0_78
Pref0,0.85425[0.252254],0.858209[0.250462],0.850251[0.253988],71,0_78
Signal0,1[0],1[0],1[0],71,0_78
Hybridindex,17.9842[1.05386],17.9875[1.06132],17.9812[1.04692],72,0_78
Pref0,0.85525[0.247331],0.858333[0.246292],0.852404[0.248252],72,0_78
Signal0,1[0],1[0],1[0],72,0_78
Hybridindex,17.9615[1.05357],17.9517[1.0757],17.971[1.03165],73,0_78
Pref0,0.85125[0.251989],0.842319[0.260213],0.859882[0.243466],73,0_78
Signal0,1[0],1[0],1[0],73,0_78
Hybridindex,17.9108[1.07432],17.9178[1.06774],17.904[1.08054],74,0_78
Pref0,0.8575[0.246361],0.854443[0.243418],0.860431[0.249115],74,0_78
Signal0,1[0],1[0],1[0],74,0_78
Hybridindex,17.9043[1.08245],17.8981[1.06698],17.9102[1.09712],75,0_78
Pref0,0.86025[0.244121],0.852701[0.248267],0.867517[0.239837],75,0_78
Signal0,1[0],1[0],1[0],75,0_78
Hybridindex,17.8747[1.08048],17.874[1.06202],17.8755[1.09765],76,0_78
Pref0,0.85775[0.24777],0.85751[0.250545],0.857977[0.245117],76,0_78
Signal0,1[0],1[0],1[0],76,0_78
Hybridindex,17.8442[1.08264],17.8399[1.07542],17.849[1.09044],77,0_78
Pref0,0.86[0.242693],0.869607[0.234319],0.84953[0.251084],77,0_78
Signal0,1[0],1[0],1[0],77,0_78
Hybridindex,17.896[1.0658],17.8754[1.0887],17.9171[1.04146],78,0_78
Pref0,0.86425[0.243304],0.863501[0.247965],0.865015[0.238443],78,0_78
Signal0,1[0],1[0],1[0],78,0_78
Hybridindex,17.893[1.02874],17.8867[1.0329],17.8996[1.02435],79,0_78
Pref0,0.8655[0.240124],0.866045[0.240553],0.864934[0.239677],79,0_78
Signal0,1[0],1[0],1[0],79,0_78
Hybridindex,17.875[1.06577],17.8789[1.07933],17.8712[1.05228],80,0_78
Pref0,0.86275[0.24091],0.859233[0.242159],0.866204[0.239626],80,0_78
Signal0,1[0],1[0],1[0],80,0_78
Hybridindex,17.8738[1.0821],17.8917[1.0631],17.8551[1.10122],81,0_78
Pref0,0.862[0.238655],0.863235[0.238811],0.860714[0.238485],81,0_78
Signal0,1[0],1[0],1[0],81,0_78
Hybridindex,17.9225[1.07587],17.9287[1.07556],17.9165[1.07613],82,0_78
Pref0,0.86725[0.241873],0.875255[0.236593],0.859528[0.246613],82,0_78
Signal0,1[0],1[0],1[0],82,0_78
Hybridindex,17.9333[1.04806],17.9483[1.04154],17.918[1.05439],83,0_78
Pref0,0.86075[0.245936],0.853877[0.254228],0.867706[0.237045],83,0_78
Signal0,1[0],1[0],1[0],83,0_78
Hybridindex,17.9555[1.03309],17.9695[1.05367],17.9414[1.01185],84,0_78
Pref0,0.86525[0.243859],0.875624[0.236029],0.854855[0.251032],84,0_78
Signal0,1[0],1[0],1[0],84,0_78
Hybridindex,17.9178[1.04265],17.9235[1.03916],17.9125[1.04575],85,0_78
Pref0,0.86675[0.242115],0.863924[0.24293],0.869297[0.241349],85,0_78
Signal0,1[0],1[0],1[0],85,0_78
Hybridindex,17.929[1.06052],17.8926[1.07375],17.9668[1.04524],86,0_78
Pref0,0.873[0.234779],0.871078[0.233886],0.875[0.235687],86,0_78
Signal0,1[0],1[0],1[0],86,0_78
Hybridindex,17.9282[1.0835],17.9439[1.05883],17.9123[1.10778],87,0_78
Pref0,0.8745[0.228582],0.875496[0.228489],0.873488[0.228672],87,0_78
Signal0,1[0],1[0],1[0],87,0_78
Hybridindex,17.9193[1.0972],17.8971[1.10197],17.9404[1.09221],88,0_78
Pref0,0.887[0.224123],0.88434[0.230549],0.889541[0.217778],88,0_78
Signal0,1[0],1[0],1[0],88,0_78
Hybridindex,17.8915[1.09863],17.9046[1.11052],17.878[1.08614],89,0_78
Pref0,0.892[0.217568],0.88587[0.222428],0.898279[0.212292],89,0_78
Signal0,1[0],1[0],1[0],89,0_78
Hybridindex,17.8945[1.09047],17.9006[1.0926],17.8887[1.08842],90,0_78
Pref0,0.888[0.226287],0.879506[0.234515],0.896016[0.217936],90,0_78
Signal0,1[0],1[0],1[0],90,0_78
Hybridindex,17.9088[1.10704],17.9039[1.08429],17.914[1.1312],91,0_78
Pref0,0.88625[0.222903],0.889529[0.221981],0.88269[0.223846],91,0_78
Signal0,1[0],1[0],1[0],91,0_78
Hybridindex,17.904[1.11098],17.9076[1.08748],17.9005[1.13353],92,0_78
Pref0,0.88[0.227156],0.881313[0.223164],0.878713[0.230995],92,0_78
Signal0,1[0],1[0],1[0],92,0_78
Hybridindex,17.8835[1.11037],17.8636[1.14844],17.9033[1.07083],93,0_78
Pref0,0.88275[0.227217],0.887161[0.219546],0.878365[0.234511],93,0_78
Signal0,1[0],1[0],1[0],93,0_78
Hybridindex,17.8693[1.0999],17.8786[1.10695],17.8602[1.09295],94,0_78
Pref0,0.88475[0.226589],0.887195[0.227613],0.882382[0.225567],94,0_78
Signal0,1[0],1[0],1[0],94,0_78
Hybridindex,17.848[1.08485],17.8696[1.07113],17.8253[1.0986],95,0_78
Pref0,0.88425[0.228532],0.880859[0.231682],0.887807[0.225125],95,0_78
Signal0,1[0],1[0],1[0],95,0_78
Hybridindex,17.8285[1.11022],17.8335[1.11358],17.8238[1.10702],96,0_78
Pref0,0.884[0.223705],0.875773[0.233266],0.891748[0.214023],96,0_78
Signal0,1[0],1[0],1[0],96,0_78
Hybridindex,17.7787[1.11386],17.7375[1.11899],17.8233[1.10657],97,0_78
Pref0,0.86775[0.235871],0.870424[0.23397],0.864865[0.237871],97,0_78
Signal0,1[0],1[0],1[0],97,0_78
Hybridindex,17.7832[1.10471],17.8046[1.10392],17.7622[1.1051],98,0_78
Pref0,0.878[0.233701],0.873112[0.240661],0.88282[0.226525],98,0_78
Signal0,1[0],1[0],1[0],98,0_78
Hybridindex,17.7795[1.1117],17.7098[1.13807],17.852[1.07881],99,0_78
Pref0,0.876[0.231028],0.878922[0.227512],0.872959[0.234593],99,0_78
Signal0,1[0],1[0],1[0],99,0_78
Hybridindex,17.7995[1.0774],17.7975[1.08575],17.8014[1.06936],100,0_78
Pref0,0.87925[0.230856],0.877812[0.22869],0.880626[0.232901],100,0_78
Signal0,1[0],1[0],1[0],100,0_78
Hybridindex,12.22[8.35892],12.2921[8.25534],12.1429[8.46771],1,0_79
Pref0,0.611[0.417946],0.614603[0.412767],0.607143[0.423386],1,0_79
Signal0,0.611[0.417946],0.614603[0.412767],0.607143[0.423386],1,0_79
Hybridindex,14.9187[6.37376],14.6498[6.50914],15.2073[6.21235],2,0_79
Pref0,0.745[0.346374],0.736232[0.349591],0.754404[0.342641],2,0_79
Signal0,0.743[0.3467],0.723188[0.356369],0.764249[0.334721],2,0_79
Hybridindex,16.9303[4.02474],16.9599[4.05296],16.9016[3.997],3,0_79
Pref0,0.8455[0.259094],0.848577[0.259843],0.84252[0.258332],3,0_79
Signal0,0.87[0.244131],0.869919[0.248675],0.870079[0.239649],3,0_79
Hybridindex,17.6797[2.51402],17.566[2.56362],17.7935[2.45817],4,0_79
Pref0,0.877[0.2283],0.869[0.235242],0.885[0.220851],4,0_79
Signal0,0.9345[0.170909],0.9275[0.178868],0.9415[0.162258],4,0_79
Hybridindex,17.8788[1.89899],17.9087[1.94461],17.8494[1.85262],5,0_79
Pref0,0.8845[0.225077],0.881937[0.229479],0.887017[0.220639],5,0_79
Signal0,0.966[0.125873],0.969223[0.120172],0.962834[0.131154],5,0_79
Hybridindex,17.9823[1.58424],17.9286[1.58776],18.0346[1.57904],6,0_79
Pref0,0.8895[0.226472],0.881579[0.235177],0.897233[0.21736],6,0_79
Signal0,0.979[0.100295],0.981275[0.0949302],0.976779[0.105221],6,0_79
Hybridindex,18.001[1.39266],18.0105[1.39735],17.9915[1.38789],7,0_79
Pref0,0.8865[0.224984],0.888889[0.220716],0.884116[0.22914],7,0_79
Signal0,0.98625[0.0817676],0.986486[0.0810811],0.986014[0.0824463],7,0_79
Hybridindex,17.9535[1.34818],17.9327[1.34279],17.9747[1.35333],8,0_79
Pref0,0.8845[0.224521],0.886746[0.219663],0.882204[0.229359],8,0_79
Signal0,0.99275[0.0597699],0.994065[0.0541492],0.991405[0.0649877],8,0_79
Hybridindex,17.9662[1.27475],17.954[1.26463],17.9785[1.28469],9,0_79
Pref0,0.879[0.229367],0.869131[0.236221],0.888889[0.221847],9,0_79
Signal0,0.99525[0.0485019],0.996004[0.04452],0.994494[0.052177],9,0_79
Hybridindex,17.9555[1.2536],18.0382[1.26019],17.8691[1.24081],10,0_79
Pref0,0.881[0.226029],0.885029[0.221719],0.876789[0.230371],10,0_79
Signal0,0.9975[0.0352668],0.997554[0.0348871],0.997444[0.0356593],10,0_79
Hybridindex,17.9198[1.22053],17.9075[1.24086],17.9318[1.20019],11,0_79
Pref0,0.877[0.229937],0.873104[0.231111],0.880811[0.228719],11,0_79
Signal0,0.998[0.0315595],0.997472[0.0354614],0.998516[0.0271963],11,0_79
Hybridindex,17.9118[1.23302],17.9103[1.22125],17.9132[1.24475],12,0_79
Pref0,0.87725[0.229799],0.866899[0.236249],0.887663[0.222636],12,0_79
Signal0,0.99975[0.0111775],0.999501[0.0157799],1[0],12,0_79
Hybridindex,17.9155[1.19733],17.9282[1.17369],17.9031[1.21989],13,0_79
Pref0,0.87825[0.230872],0.867543[0.242477],0.888724[0.218419],13,0_79
Signal0,1[0],1[0],1[0],13,0_79
Hybridindex,17.8835[1.21796],17.8658[1.21423],17.9018[1.22153],14,0_79
Pref0,0.87725[0.231964],0.871681[0.236752],0.883011[0.226761],14,0_79
Signal0,1[0],1[0],1[0],14,0_79
Hybridindex,17.859[1.25872],17.8769[1.26259],17.8413[1.25462],15,0_79
Pref0,0.87675[0.230618],0.873869[0.230622],0.879602[0.230578],15,0_79
Signal0,1[0],1[0],1[0],15,0_79
Hybridindex,17.8637[1.22518],17.9361[1.20934],17.7899[1.23677],16,0_79
Pref0,0.87775[0.231149],0.878713[0.230995],0.876768[0.231302],16,0_79
Signal0,1[0],1[0],1[0],16,0_79
Hybridindex,17.8672[1.21017],17.8327[1.21941],17.9032[1.19943],17,0_79
Pref0,0.87[0.233666],0.868008[0.237539],0.872069[0.229556],17,0_79
Signal0,1[0],1[0],1[0],17,0_79
Hybridindex,17.8732[1.21081],17.8592[1.22953],17.8864[1.1929],18,0_79
Pref0,0.871[0.235285],0.874741[0.234992],0.867505[0.235505],18,0_79
Signal0,1[0],1[0],1[0],18,0_79
Hybridindex,17.8702[1.16642],17.8817[1.17388],17.859[1.15891],19,0_79
Pref0,0.87475[0.236511],0.87714[0.232139],0.872393[0.240722],19,0_79
Signal0,1[0],1[0],1[0],19,0_79
Hybridindex,17.9015[1.19008],17.8893[1.22434],17.9137[1.15482],20,0_79
Pref0,0.8675[0.239674],0.87024[0.236766],0.86477[0.242505],20,0_79
Signal0,1[0],1[0],1[0],20,0_79
Hybridindex,17.9267[1.2081],17.9205[1.20701],17.9332[1.2092],21,0_79
Pref0,0.868[0.241508],0.868989[0.242169],0.866972[0.240815],21,0_79
Signal0,1[0],1[0],1[0],21,0_79
Hybridindex,17.9438[1.15324],17.984[1.16335],17.901[1.14085],22,0_79
Pref0,0.8635[0.240557],0.864078[0.239277],0.862887[0.241908],22,0_79
Signal0,1[0],1[0],1[0],22,0_79
Hybridindex,17.9855[1.14708],17.9739[1.1393],17.997[1.15462],23,0_79
Pref0,0.869[0.241535],0.878514[0.231331],0.859562[0.250891],23,0_79
Signal0,1[0],1[0],1[0],23,0_79
Hybridindex,17.9193[1.15882],17.9429[1.15842],17.896[1.15873],24,0_79
Pref0,0.87125[0.236746],0.869192[0.242692],0.873267[0.23075],24,0_79
Signal0,1[0],1[0],1[0],24,0_79
Hybridindex,17.913[1.16616],17.9745[1.16971],17.8539[1.15967],25,0_79
Pref0,0.87575[0.232243],0.877551[0.22992],0.87402[0.23444],25,0_79
Signal0,1[0],1[0],1[0],25,0_79
Hybridindex,17.9378[1.14652],17.9418[1.13508],17.9337[1.15794],26,0_79
Pref0,0.88125[0.227538],0.879602[0.227318],0.882915[0.227747],26,0_79
Signal0,1[0],1[0],1[0],26,0_79
Hybridindex,17.955[1.16048],18.0246[1.12937],17.8831[1.18749],27,0_79
Pref0,0.88425[0.222995],0.883366[0.224987],0.885163[0.220917],27,0_79
Signal0,1[0],1[0],1[0],27,0_79
Hybridindex,17.9447[1.14709],17.9792[1.15122],17.9096[1.14179],28,0_79
Pref0,0.88025[0.225355],0.879208[0.226387],0.881313[0.224293],28,0_79
Signal0,1[0],1[0],1[0],28,0_79
Hybridindex,17.9695[1.14753],17.9497[1.16424],17.9899[1.12972],29,0_79
Pref0,0.8695[0.232314],0.870809[0.229861],0.868154[0.234802],29,0_79
Signal0,1[0],1[0],1[0],29,0_79
Hybridindex,17.9672[1.12452],17.9468[1.11063],17.9879[1.13804],30,0_79
Pref0,0.87425[0.234119],0.875746[0.231617],0.872736[0.236616],30,0_79
Signal0,1[0],1[0],1[0],30,0_79
Hybridindex,17.975[1.1399],17.9353[1.15309],18.0176[1.12402],31,0_79
Pref0,0.86975[0.241681],0.868116[0.243262],0.871503[0.239962],31,0_79
Signal0,1[0],1[0],1[0],31,0_79
Hybridindex,17.9795[1.09799],17.9484[1.1075],18.0105[1.08755],32,0_79
Pref0,0.87925[0.226483],0.871743[0.230629],0.886727[0.222024],32,0_79
Signal0,1[0],1[0],1[0],32,0_79
Hybridindex,17.985[1.09306],18.0176[1.11019],17.951[1.07388],33,0_79
Pref0,0.87775[0.231149],0.879412[0.230446],0.87602[0.231866],33,0_79
Signal0,1[0],1[0],1[0],33,0_79
Hybridindex,17.9597[1.11725],17.954[1.13353],17.9655[1.10071],34,0_79
Pref0,0.87975[0.230032],0.874[0.232646],0.8855[0.227244],34,0_79
Signal0,1[0],1[0],1[0],34,0_79
Hybridindex,17.9785[1.10862],17.9435[1.1219],18.0129[1.09433],35,0_79
Pref0,0.88825[0.221669],0.886478[0.225693],0.88999[0.21763],35,0_79
Signal0,1[0],1[0],1[0],35,0_79
Hybridindex,18.0252[1.10521],18.0221[1.10187],18.0285[1.10865],36,0_79
Pref0,0.878[0.233701],0.883972[0.225705],0.871821[0.241539],36,0_79
Signal0,1[0],1[0],1[0],36,0_79
Hybridindex,18.024[1.1238],18.0415[1.08252],18.0065[1.16343],37,0_79
Pref0,0.8875[0.224931],0.886613[0.228754],0.888388[0.22103],37,0_79
Signal0,1[0],1[0],1[0],37,0_79
Hybridindex,17.9992[1.1064],18.0097[1.12888],17.9892[1.08423],38,0_79
Pref0,0.885[0.22644],0.885321[0.224286],0.884691[0.228493],38,0_79
Signal0,1[0],1[0],1[0],38,0_79
Hybridindex,17.9715[1.12113],17.9737[1.10614],17.9692[1.13619],39,0_79
Pref0,0.88425[0.222434],0.887017[0.219514],0.881433[0.225334],39,0_79
Signal0,1[0],1[0],1[0],39,0_79
Hybridindex,18.002[1.12628],17.9647[1.12153],18.0408[1.12988],40,0_79
Pref0,0.878[0.23209],0.88371[0.23226],0.872069[0.231766],40,0_79
Signal0,1[0],1[0],1[0],40,0_79
Hybridindex,18.0435[1.11045],18.0154[1.12678],18.072[1.09291],41,0_79
Pref0,0.8665[0.245821],0.868421[0.24575],0.864552[0.245877],41,0_79
Signal0,1[0],1[0],1[0],41,0_79
Hybridindex,18.0173[1.06352],18.0266[1.03998],18.0076[1.08716],42,0_79
Pref0,0.85775[0.247265],0.864039[0.240561],0.851269[0.253825],42,0_79
Signal0,1[0],1[0],1[0],42,0_79
Hybridindex,18.05[1.08927],18.0674[1.11678],18.0326[1.06063],43,0_79
Pref0,0.852[0.249191],0.841317[0.260066],0.862725[0.237289],43,0_79
Signal0,1[0],1[0],1[0],43,0_79
Hybridindex,18.0753[1.09154],18.0705[1.09013],18.0799[1.09291],44,0_79
Pref0,0.84375[0.2578],0.840383[0.256733],0.847071[0.258805],44,0_79
Signal0,1[0],1[0],1[0],44,0_79
Hybridindex,18.0448[1.09081],18.0163[1.09102],18.0705[1.08998],45,0_79
Pref0,0.84925[0.252783],0.849106[0.249282],0.84938[0.255916],45,0_79
Signal0,1[0],1[0],1[0],45,0_79
Hybridindex,18.0325[1.05615],18.0232[1.07151],18.0421[1.04002],46,0_79
Pref0,0.855[0.25045],0.846647[0.254939],0.86359[0.245451],46,0_79
Signal0,1[0],1[0],1[0],46,0_79
Hybridindex,18.0358[1.07336],18.0494[1.06923],18.0212[1.07756],47,0_79
Pref0,0.85475[0.247543],0.85576[0.245005],0.853671[0.250221],47,0_79
Signal0,1[0],1[0],1[0],47,0_79
Hybridindex,18.0212[1.06732],18.0255[1.05172],18.0169[1.08334],48,0_79
Pref0,0.8615[0.249635],0.86288[0.249],0.860061[0.250288],48,0_79
Signal0,1[0],1[0],1[0],48,0_79
Hybridindex,18.0197[1.08914],18.022[1.07115],18.0175[1.10687],49,0_79
Pref0,0.86375[0.251119],0.869131[0.247578],0.858358[0.254504],49,0_79
Signal0,1[0],1[0],1[0],49,0_79
Hybridindex,18.0072[1.08008],17.9947[1.0785],18.0207[1.0816],50,0_79
Pref0,0.862[0.246386],0.858317[0.249745],0.865942[0.242676],50,0_79
Signal0,1[0],1[0],1[0],50,0_79
Hybridindex,18.0063[1.09103],18.0255[1.05273],17.9884[1.12506],51,0_79
Pref0,0.85625[0.249922],0.85343[0.25455],0.858863[0.245525],51,0_79
Signal0,1[0],1[0],1[0],51,0_79
Hybridindex,17.949[1.12323],17.9622[1.13397],17.9349[1.1115],52,0_79
Pref0,0.8575[0.243811],0.85126[0.247895],0.864153[0.239201],52,0_79
Signal0,1[0],1[0],1[0],52,0_79
Hybridindex,17.9847[1.049],17.9955[1.03229],17.9742[1.06514],53,0_79
Pref0,0.8605[0.241433],0.862676[0.239477],0.85835[0.24333],53,0_79
Signal0,1[0],1[0],1[0],53,0_79
Hybridindex,17.9447[1.10468],17.9385[1.08493],17.9512[1.12468],54,0_79
Pref0,0.85275[0.248882],0.849409[0.246949],0.856199[0.250816],54,0_79
Signal0,1[0],1[0],1[0],54,0_79
Hybridindex,17.9608[1.07672],17.9348[1.09248],17.9869[1.05993],55,0_79
Pref0,0.841[0.259266],0.845771[0.253522],0.836181[0.264855],55,0_79
Signal0,1[0],1[0],1[0],55,0_79
Hybridindex,17.9617[1.05518],17.9689[1.04337],17.9544[1.06712],56,0_79
Pref0,0.852[0.247681],0.851925[0.246973],0.852077[0.248406],56,0_79
Signal0,1[0],1[0],1[0],56,0_79
Hybridindex,17.9567[1.09305],17.8914[1.07763],18.0202[1.10411],57,0_79
Pref0,0.8485[0.256023],0.856345[0.253749],0.840887[0.257982],57,0_79
Signal0,1[0],1[0],1[0],57,0_79
Hybridindex,17.9552[1.0915],17.9569[1.11465],17.9535[1.06736],58,0_79
Pref0,0.845[0.255392],0.84505[0.25563],0.844949[0.255148],58,0_79
Signal0,1[0],1[0],1[0],58,0_79
Hybridindex,17.969[1.08595],17.9662[1.07533],17.972[1.09721],59,0_79
Pref0,0.848[0.256215],0.84686[0.256278],0.849223[0.256141],59,0_79
Signal0,1[0],1[0],1[0],59,0_79
Hybridindex,17.98[1.06471],17.9797[1.04542],17.9803[1.08313],60,0_79
Pref0,0.849[0.257777],0.84432[0.265213],0.85355[0.250251],60,0_79
Signal0,1[0],1[0],1[0],60,0_79
Hybridindex,17.9865[1.06586],18.0192[1.08834],17.9529[1.04123],61,0_79
Pref0,0.8615[0.240453],0.861303[0.241873],0.861702[0.238987],61,0_79
Signal0,1[0],1[0],1[0],61,0_79
Hybridindex,17.9548[1.05479],17.9613[1.06608],17.9481[1.04317],62,0_79
Pref0,0.861[0.244804],0.851043[0.250434],0.871098[0.238535],62,0_79
Signal0,1[0],1[0],1[0],62,0_79
Hybridindex,17.9492[1.08111],17.9697[1.06475],17.9298[1.09609],63,0_79
Pref0,0.867[0.24251],0.862564[0.238765],0.87122[0.245945],63,0_79
Signal0,1[0],1[0],1[0],63,0_79
Hybridindex,17.9285[1.11642],17.9574[1.09752],17.8998[1.13416],64,0_79
Pref0,0.86375[0.245073],0.857573[0.249925],0.86989[0.239996],64,0_79
Signal0,1[0],1[0],1[0],64,0_79
Hybridindex,17.9372[1.09861],17.9482[1.10032],17.9257[1.09669],65,0_79
Pref0,0.86925[0.237233],0.87793[0.234357],0.860143[0.239876],65,0_79
Signal0,1[0],1[0],1[0],65,0_79
Hybridindex,17.952[1.0977],17.9305[1.08028],17.9741[1.1149],66,0_79
Pref0,0.86325[0.247335],0.86785[0.241813],0.858519[0.252801],66,0_79
Signal0,1[0],1[0],1[0],66,0_79
Hybridindex,17.9793[1.04914],17.9693[1.03011],17.9897[1.06876],67,0_79
Pref0,0.866[0.239883],0.859786[0.240312],0.872559[0.239255],67,0_79
Signal0,1[0],1[0],1[0],67,0_79
Hybridindex,17.9363[1.0682],17.9617[1.05372],17.9106[1.082],68,0_79
Pref0,0.8625[0.24514],0.864044[0.244851],0.860944[0.245421],68,0_79
Signal0,1[0],1[0],1[0],68,0_79
Hybridindex,17.91[1.06719],17.9064[1.07754],17.9138[1.0563],69,0_79
Pref0,0.8605[0.244008],0.868137[0.236424],0.852551[0.251412],69,0_79
Signal0,1[0],1[0],1[0],69,0_79
Hybridindex,17.9165[1.0518],17.9131[1.08836],17.9201[1.01101],70,0_79
Pref0,0.8565[0.243737],0.858108[0.242935],0.854772[0.244585],70,0_79
Signal0,1[0],1[0],1[0],70,0_79
Hybridindex,17.9458[1.06885],17.9486[1.07492],17.9428[1.06258],71,0_79
Pref0,0.8555[0.246211],0.86166[0.23864],0.84919[0.253576],71,0_79
Signal0,1[0],1[0],1[0],71,0_79
Hybridindex,17.9255[1.07329],17.9125[1.05408],17.9385[1.092],72,0_79
Pref0,0.8685[0.241263],0.8655[0.242198],0.8715[0.240287],72,0_79
Signal0,1[0],1[0],1[0],72,0_79
Hybridindex,17.926[1.05784],17.9365[1.04464],17.915[1.07138],73,0_79
Pref0,0.8665[0.237545],0.861193[0.242763],0.872057[0.231826],73,0_79
Signal0,1[0],1[0],1[0],73,0_79
Hybridindex,17.9138[1.07247],17.9362[1.03695],17.8922[1.10509],74,0_79
Pref0,0.8745[0.23452],0.880102[0.2296],0.869118[0.239028],74,0_79
Signal0,1[0],1[0],1[0],74,0_79
Hybridindex,17.9333[1.06966],17.9244[1.06768],17.942[1.07153],75,0_79
Pref0,0.87425[0.235716],0.866431[0.239817],0.881944[0.231351],75,0_79
Signal0,1[0],1[0],1[0],75,0_79
Hybridindex,17.9198[1.0483],17.899[1.04718],17.9403[1.04901],76,0_79
Pref0,0.884[0.225375],0.88191[0.230521],0.88607[0.220142],76,0_79
Signal0,1[0],1[0],1[0],76,0_79
Hybridindex,17.906[1.05708],17.8963[1.06128],17.9152[1.05299],77,0_79
Pref0,0.8835[0.228424],0.884497[0.227151],0.882554[0.229623],77,0_79
Signal0,1[0],1[0],1[0],77,0_79
Hybridindex,17.8657[1.07975],17.8656[1.07922],17.8659[1.08031],78,0_79
Pref0,0.88275[0.226666],0.882979[0.231345],0.882505[0.221547],78,0_79
Signal0,1[0],1[0],1[0],78,0_79
Hybridindex,17.849[1.08832],17.8672[1.09119],17.8312[1.08521],79,0_79
Pref0,0.89[0.221133],0.891414[0.220369],0.888614[0.221871],79,0_79
Signal0,1[0],1[0],1[0],79,0_79
Hybridindex,17.828[1.09803],17.8592[1.09017],17.7944[1.10544],80,0_79
Pref0,0.8975[0.213878],0.891032[0.222172],0.904465[0.204342],80,0_79
Signal0,1[0],1[0],1[0],80,0_79
Hybridindex,17.8742[1.12353],17.8715[1.13997],17.8768[1.10772],81,0_79
Pref0,0.90175[0.208499],0.893628[0.216817],0.909445[0.199996],81,0_79
Signal0,1[0],1[0],1[0],81,0_79
Hybridindex,17.8717[1.12613],17.8529[1.15298],17.8924[1.09551],82,0_79
Pref0,0.89725[0.215795],0.899236[0.213264],0.895068[0.21852],82,0_79
Signal0,1[0],1[0],1[0],82,0_79
Hybridindex,17.8618[1.09727],17.8894[1.11278],17.8338[1.0807],83,0_79
Pref0,0.90525[0.20892],0.907869[0.203867],0.90261[0.21386],83,0_79
Signal0,1[0],1[0],1[0],83,0_79
Hybridindex,17.8678[1.08715],17.8913[1.08399],17.8457[1.08962],84,0_79
Pref0,0.91075[0.202261],0.902692[0.211846],0.918279[0.192571],84,0_79
Signal0,1[0],1[0],1[0],84,0_79
Hybridindex,17.86[1.10098],17.8332[1.09678],17.8869[1.10451],85,0_79
Pref0,0.9075[0.205411],0.912587[0.200153],0.902402[0.210425],85,0_79
Signal0,1[0],1[0],1[0],85,0_79
Hybridindex,17.8588[1.06814],17.867[1.06981],17.8502[1.06634],86,0_79
Pref0,0.916[0.197975],0.913641[0.205184],0.918451[0.190166],86,0_79
Signal0,1[0],1[0],1[0],86,0_79
Hybridindex,17.8583[1.03852],17.87[1.03252],17.8465[1.04436],87,0_79
Pref0,0.91525[0.1935],0.9175[0.192208],0.913[0.194759],87,0_79
Signal0,1[0],1[0],1[0],87,0_79
Hybridindex,17.8768[1.05543],17.8539[1.02671],17.901[1.08457],88,0_79
Pref0,0.9225[0.188398],0.924757[0.186742],0.920103[0.190111],88,0_79
Signal0,1[0],1[0],1[0],88,0_79
Hybridindex,17.8622[1.06743],17.8635[1.08839],17.8609[1.04539],89,0_79
Pref0,0.9255[0.186949],0.924138[0.187434],0.926904[0.186436],89,0_79
Signal0,1[0],1[0],1[0],89,0_79
Hybridindex,17.8337[1.07749],17.8348[1.10128],17.8326[1.05121],90,0_79
Pref0,0.9295[0.181052],0.929672[0.179289],0.929314[0.182934],90,0_79
Signal0,1[0],1[0],1[0],90,0_79
Hybridindex,17.8397[1.0692],17.8264[1.05908],17.8533[1.07923],91,0_79
Pref0,0.9345[0.175954],0.933532[0.178304],0.935484[0.173528],91,0_79
Signal0,1[0],1[0],1[0],91,0_79
Hybridindex,17.8427[1.07257],17.8437[1.08212],17.8419[1.06321],92,0_79
Pref0,0.93375[0.173885],0.932487[0.175275],0.934975[0.172517],92,0_79
Signal0,1[0],1[0],1[0],92,0_79
Hybridindex,17.8888[1.07657],17.9072[1.08001],17.8716[1.07307],93,0_79
Pref0,0.93275[0.174936],0.931017[0.176887],0.934363[0.173084],93,0_79
Signal0,1[0],1[0],1[0],93,0_79
Hybridindex,17.9333[1.05365],17.9132[1.04057],17.9529[1.06597],94,0_79
Pref0,0.93275[0.176359],0.92886[0.180353],0.936571[0.17226],94,0_79
Signal0,1[0],1[0],1[0],94,0_79
Hybridindex,17.9013[1.0786],17.9189[1.04384],17.8843[1.11071],95,0_79
Pref0,0.93725[0.171573],0.938776[0.171508],0.935784[0.171624],95,0_79
Signal0,1[0],1[0],1[0],95,0_79
Hybridindex,17.878[1.06413],17.8241[1.05296],17.9335[1.07269],96,0_79
Pref0,0.93675[0.170659],0.928079[0.180993],0.945685[0.158816],96,0_79
Signal0,1[0],1[0],1[0],96,0_79
Hybridindex,17.901[1.06299],17.8683[1.06218],17.9331[1.06281],97,0_79
Pref0,0.94475[0.16147],0.946519[0.159355],0.943013[0.163501],97,0_79
Signal0,1[0],1[0],1[0],97,0_79
Hybridindex,17.897[1.06906],17.8696[1.1035],17.9242[1.03298],98,0_79
Pref0,0.94525[0.160865],0.950351[0.151198],0.940179[0.169777],98,0_79
Signal0,1[0],1[0],1[0],98,0_79
Hybridindex,17.8818[1.07],17.8937[1.06031],17.8696[1.07959],99,0_79
Pref0,0.9475[0.157301],0.957299[0.143249],0.937563[0.169796],99,0_79
Signal0,1[0],1[0],1[0],99,0_79
Hybridindex,17.8987[1.09207],17.8542[1.10492],17.9419[1.07772],100,0_79
Pref0,0.9525[0.15409],0.95376[0.150021],0.95128[0.157922],100,0_79
Signal0,1[0],1[0],1[0],100,0_79
Hybridindex,12.215[8.26098],11.9612[8.40934],12.4845[8.09176],1,0_8
Pref0,0.61075[0.413049],0.598058[0.420467],0.624227[0.404588],1,0_8
Signal0,0.61075[0.413049],0.598058[0.420467],0.624227[0.404588],1,0_8
Hybridindex,15.1345[6.04999],14.9639[6.26384],15.3044[5.82424],2,0_8
Pref0,0.76075[0.332242],0.752004[0.341474],0.769461[0.322548],2,0_8
Signal0,0.7575[0.331578],0.742485[0.342861],0.772455[0.319243],2,0_8
Hybridindex,16.8945[3.71499],16.7945[3.87452],16.9921[3.54961],3,0_8
Pref0,0.8425[0.261618],0.832996[0.271717],0.851779[0.251019],3,0_8
Signal0,0.8715[0.242874],0.861336[0.25152],0.881423[0.233699],3,0_8
Hybridindex,17.4947[2.48533],17.5054[2.46037],17.4838[2.51074],4,0_8
Pref0,0.875[0.236379],0.874877[0.233013],0.875127[0.239798],4,0_8
Signal0,0.94[0.164773],0.935961[0.171454],0.944162[0.157483],4,0_8
Hybridindex,17.6105[1.97928],17.6357[1.9973],17.5846[1.96027],5,0_8
Pref0,0.88575[0.223208],0.88845[0.215158],0.882979[0.231146],5,0_8
Signal0,0.97225[0.115564],0.969398[0.119852],0.975177[0.110913],5,0_8
Hybridindex,17.6292[1.72051],17.6283[1.6803],17.6302[1.76148],6,0_8
Pref0,0.88425[0.226334],0.883448[0.227041],0.885087[0.22559],6,0_8
Signal0,0.9865[0.0810417],0.986288[0.0816578],0.986721[0.0803934],6,0_8
Hybridindex,17.624[1.5443],17.5919[1.60916],17.6595[1.46847],7,0_8
Pref0,0.89275[0.219937],0.895714[0.216752],0.889474[0.223359],7,0_8
Signal0,0.99275[0.0597699],0.99381[0.0552894],0.991579[0.0643398],7,0_8
Hybridindex,17.6273[1.48768],17.598[1.53206],17.6579[1.4389],8,0_8
Pref0,0.895[0.21616],0.893171[0.213112],0.896923[0.219301],8,0_8
Signal0,0.995[0.0497494],0.99561[0.046646],0.994359[0.0528081],8,0_8
Hybridindex,17.6995[1.40933],17.7144[1.38263],17.6846[1.43552],9,0_8
Pref0,0.89675[0.213809],0.890329[0.218616],0.90321[0.208663],9,0_8
Signal0,0.999[0.0223383],0.998504[0.0273042],0.999498[0.0158272],9,0_8
Hybridindex,17.722[1.34915],17.7147[1.36368],17.7298[1.33339],10,0_8
Pref0,0.8965[0.221445],0.89265[0.224436],0.900621[0.218122],10,0_8
Signal0,0.9995[0.0158035],0.999516[0.0155417],0.999482[0.0160789],10,0_8
Hybridindex,17.7297[1.31286],17.7595[1.30645],17.6985[1.31884],11,0_8
Pref0,0.895[0.216737],0.896585[0.214221],0.893333[0.219339],11,0_8
Signal0,0.99975[0.0111775],0.999512[0.0156098],1[0],11,0_8
Hybridindex,17.747[1.29035],17.7313[1.31378],17.7632[1.26548],12,0_8
Pref0,0.8885[0.225428],0.891732[0.22204],0.885163[0.228826],12,0_8
Signal0,1[0],1[0],1[0],12,0_8
Hybridindex,17.746[1.29112],17.7694[1.30234],17.7217[1.27891],13,0_8
Pref0,0.88325[0.223594],0.876349[0.225725],0.890418[0.221131],13,0_8
Signal0,1[0],1[0],1[0],13,0_8
Hybridindex,17.731[1.26694],17.7624[1.29835],17.7003[1.23467],14,0_8
Pref0,0.88025[0.228112],0.875632[0.234106],0.884768[0.221998],14,0_8
Signal0,1[0],1[0],1[0],14,0_8
Hybridindex,17.7[1.23136],17.7063[1.22873],17.6939[1.23387],15,0_8
Pref0,0.87775[0.228976],0.872459[0.235868],0.882874[0.221977],15,0_8
Signal0,1[0],1[0],1[0],15,0_8
Hybridindex,17.7293[1.24271],17.7495[1.21367],17.7101[1.26925],16,0_8
Pref0,0.88725[0.220596],0.885288[0.217448],0.889105[0.223515],16,0_8
Signal0,1[0],1[0],1[0],16,0_8
Hybridindex,17.704[1.24243],17.6416[1.2292],17.7654[1.25228],17,0_8
Pref0,0.89025[0.218701],0.89869[0.211962],0.881944[0.224827],17,0_8
Signal0,1[0],1[0],1[0],17,0_8
Hybridindex,17.7362[1.2214],17.7523[1.23773],17.7207[1.2052],18,0_8
Pref0,0.892[0.216416],0.892675[0.217325],0.891347[0.215532],18,0_8
Signal0,1[0],1[0],1[0],18,0_8
Hybridindex,17.6992[1.23194],17.734[1.21479],17.6633[1.24841],19,0_8
Pref0,0.885[0.225887],0.883481[0.224906],0.886572[0.226887],19,0_8
Signal0,1[0],1[0],1[0],19,0_8
Hybridindex,17.6335[1.25416],17.645[1.26342],17.6216[1.24441],20,0_8
Pref0,0.896[0.220077],0.897247[0.223963],0.89471[0.215976],20,0_8
Signal0,1[0],1[0],1[0],20,0_8
Hybridindex,17.625[1.25414],17.5974[1.25908],17.6502[1.24908],21,0_8
Pref0,0.88925[0.220475],0.898953[0.214644],0.880383[0.225308],21,0_8
Signal0,1[0],1[0],1[0],21,0_8
Hybridindex,17.6642[1.21959],17.6685[1.22873],17.6599[1.2102],22,0_8
Pref0,0.8875[0.223816],0.88999[0.21763],0.884965[0.229917],22,0_8
Signal0,1[0],1[0],1[0],22,0_8
Hybridindex,17.7168[1.20578],17.7425[1.20517],17.691[1.20583],23,0_8
Pref0,0.8835[0.227877],0.8885[0.226534],0.8785[0.229102],23,0_8
Signal0,1[0],1[0],1[0],23,0_8
Hybridindex,17.716[1.20969],17.6886[1.23504],17.7444[1.18216],24,0_8
Pref0,0.886[0.221932],0.881139[0.222986],0.891039[0.220722],24,0_8
Signal0,1[0],1[0],1[0],24,0_8
Hybridindex,17.676[1.18829],17.7257[1.15961],17.6264[1.2142],25,0_8
Pref0,0.89125[0.2192],0.88989[0.220083],0.892607[0.218306],25,0_8
Signal0,1[0],1[0],1[0],25,0_8
Hybridindex,17.6208[1.20615],17.6502[1.20163],17.5934[1.20968],26,0_8
Pref0,0.888[0.221824],0.882017[0.231058],0.893545[0.21276],26,0_8
Signal0,1[0],1[0],1[0],26,0_8
Hybridindex,17.6202[1.2034],17.6083[1.20008],17.6318[1.20648],27,0_8
Pref0,0.88325[0.225265],0.890132[0.216638],0.876598[0.233108],27,0_8
Signal0,1[0],1[0],1[0],27,0_8
Hybridindex,17.6438[1.1745],17.6285[1.20343],17.659[1.14465],28,0_8
Pref0,0.88375[0.22718],0.88[0.231517],0.8875[0.222697],28,0_8
Signal0,1[0],1[0],1[0],28,0_8
Hybridindex,17.627[1.18548],17.6632[1.17775],17.5932[1.19166],29,0_8
Pref0,0.88825[0.225027],0.888083[0.228564],0.888406[0.221678],29,0_8
Signal0,1[0],1[0],1[0],29,0_8
Hybridindex,17.6358[1.20797],17.6207[1.19311],17.6497[1.22139],30,0_8
Pref0,0.87575[0.233852],0.879292[0.23149],0.872474[0.235969],30,0_8
Signal0,1[0],1[0],1[0],30,0_8
Hybridindex,17.5907[1.22531],17.6004[1.23097],17.5817[1.21994],31,0_8
Pref0,0.876[0.228854],0.88147[0.226775],0.87089[0.230662],31,0_8
Signal0,1[0],1[0],1[0],31,0_8
Hybridindex,17.6365[1.18474],17.6276[1.19119],17.6451[1.17845],32,0_8
Pref0,0.87375[0.234917],0.872959[0.234593],0.87451[0.235225],32,0_8
Signal0,1[0],1[0],1[0],32,0_8
Hybridindex,17.6283[1.21344],17.6016[1.23342],17.656[1.19169],33,0_8
Pref0,0.87425[0.240441],0.875368[0.243002],0.873089[0.237747],33,0_8
Signal0,1[0],1[0],1[0],33,0_8
Hybridindex,17.621[1.17009],17.6302[1.14906],17.6116[1.19126],34,0_8
Pref0,0.86375[0.24761],0.862919[0.244154],0.864604[0.251113],34,0_8
Signal0,1[0],1[0],1[0],34,0_8
Hybridindex,17.6178[1.16147],17.6372[1.15733],17.5989[1.16516],35,0_8
Pref0,0.85975[0.246384],0.867886[0.236044],0.85187[0.255754],35,0_8
Signal0,1[0],1[0],1[0],35,0_8
Hybridindex,17.5825[1.16863],17.5349[1.14203],17.6277[1.19158],36,0_8
Pref0,0.864[0.240321],0.859343[0.247638],0.868421[0.233076],36,0_8
Signal0,1[0],1[0],1[0],36,0_8
Hybridindex,17.5963[1.1586],17.6327[1.10771],17.5615[1.20409],37,0_8
Pref0,0.866[0.235678],0.86168[0.238091],0.870117[0.23328],37,0_8
Signal0,1[0],1[0],1[0],37,0_8
Hybridindex,17.5985[1.18577],17.6215[1.19583],17.5757[1.17525],38,0_8
Pref0,0.8695[0.241288],0.870984[0.240631],0.868028[0.241929],38,0_8
Signal0,1[0],1[0],1[0],38,0_8
Hybridindex,17.6013[1.18126],17.5553[1.17484],17.6493[1.18602],39,0_8
Pref0,0.86725[0.241873],0.864971[0.243036],0.869632[0.240628],39,0_8
Signal0,1[0],1[0],1[0],39,0_8
Hybridindex,17.6208[1.17411],17.6094[1.20114],17.6323[1.14577],40,0_8
Pref0,0.867[0.244051],0.866832[0.242387],0.867172[0.245738],40,0_8
Signal0,1[0],1[0],1[0],40,0_8
Hybridindex,17.5995[1.17743],17.6044[1.19911],17.5941[1.15303],41,0_8
Pref0,0.8805[0.229608],0.880839[0.231266],0.880126[0.227764],41,0_8
Signal0,1[0],1[0],1[0],41,0_8
Hybridindex,17.609[1.15244],17.5977[1.16351],17.6195[1.14199],42,0_8
Pref0,0.88125[0.232967],0.883056[0.230461],0.879576[0.235253],42,0_8
Signal0,1[0],1[0],1[0],42,0_8
Hybridindex,17.5792[1.17371],17.5404[1.17838],17.6163[1.16802],43,0_8
Pref0,0.885[0.225887],0.892016[0.217828],0.878299[0.233127],43,0_8
Signal0,1[0],1[0],1[0],43,0_8
Hybridindex,17.5425[1.18097],17.5217[1.17778],17.5629[1.18374],44,0_8
Pref0,0.887[0.227993],0.888889[0.230892],0.885149[0.225101],44,0_8
Signal0,1[0],1[0],1[0],44,0_8
Hybridindex,17.5497[1.14996],17.5313[1.12267],17.5678[1.17576],45,0_8
Pref0,0.891[0.220497],0.886754[0.22217],0.895153[0.218769],45,0_8
Signal0,1[0],1[0],1[0],45,0_8
Hybridindex,17.545[1.18289],17.5504[1.17418],17.5398[1.19122],46,0_8
Pref0,0.8985[0.212009],0.897253[0.211862],0.899705[0.212143],46,0_8
Signal0,1[0],1[0],1[0],46,0_8
Hybridindex,17.4785[1.20625],17.4975[1.20281],17.4587[1.20949],47,0_8
Pref0,0.898[0.215281],0.892542[0.221475],0.90367[0.208501],47,0_8
Signal0,1[0],1[0],1[0],47,0_8
Hybridindex,17.4237[1.17975],17.3815[1.17907],17.4671[1.17888],48,0_8
Pref0,0.90575[0.212113],0.902764[0.211169],0.908815[0.213034],48,0_8
Signal0,1[0],1[0],1[0],48,0_8
Hybridindex,17.4748[1.17377],17.4787[1.1772],17.4705[1.17008],49,0_8
Pref0,0.90775[0.203997],0.909003[0.200305],0.906412[0.207861],49,0_8
Signal0,1[0],1[0],1[0],49,0_8
Hybridindex,17.4672[1.17369],17.473[1.17745],17.4615[1.16989],50,0_8
Pref0,0.909[0.202408],0.905095[0.204798],0.912913[0.199908],50,0_8
Signal0,1[0],1[0],1[0],50,0_8
Hybridindex,17.448[1.18313],17.38[1.2012],17.51[1.16294],51,0_8
Pref0,0.9055[0.205718],0.908281[0.200169],0.902964[0.210619],51,0_8
Signal0,1[0],1[0],1[0],51,0_8
Hybridindex,17.4565[1.19441],17.4327[1.20718],17.4801[1.18115],52,0_8
Pref0,0.90975[0.207918],0.90804[0.211089],0.911443[0.204717],52,0_8
Signal0,1[0],1[0],1[0],52,0_8
Hybridindex,17.4525[1.16415],17.4181[1.15575],17.4866[1.17141],53,0_8
Pref0,0.9095[0.200773],0.90804[0.206273],0.910945[0.195164],53,0_8
Signal0,1[0],1[0],1[0],53,0_8
Hybridindex,17.4935[1.17578],17.4665[1.17369],17.5182[1.17715],54,0_8
Pref0,0.898[0.212946],0.895921[0.210583],0.899904[0.215069],54,0_8
Signal0,1[0],1[0],1[0],54,0_8
Hybridindex,17.4657[1.18235],17.4576[1.16368],17.4747[1.20258],55,0_8
Pref0,0.89575[0.219105],0.900476[0.215693],0.890526[0.222698],55,0_8
Signal0,1[0],1[0],1[0],55,0_8
Hybridindex,17.467[1.18138],17.5189[1.16052],17.4198[1.19807],56,0_8
Pref0,0.90375[0.21062],0.909139[0.204699],0.898855[0.215742],56,0_8
Signal0,1[0],1[0],1[0],56,0_8
Hybridindex,17.4247[1.19047],17.4121[1.18627],17.4367[1.19431],57,0_8
Pref0,0.91[0.207726],0.914697[0.205074],0.90555[0.21011],57,0_8
Signal0,1[0],1[0],1[0],57,0_8
Hybridindex,17.4002[1.20059],17.3767[1.17703],17.423[1.22242],58,0_8
Pref0,0.902[0.211296],0.902141[0.213236],0.901865[0.209412],58,0_8
Signal0,1[0],1[0],1[0],58,0_8
Hybridindex,17.446[1.18821],17.4419[1.17348],17.45[1.20242],59,0_8
Pref0,0.90125[0.207059],0.897877[0.208964],0.90455[0.205125],59,0_8
Signal0,1[0],1[0],1[0],59,0_8
Hybridindex,17.4402[1.16493],17.4717[1.16005],17.4074[1.1691],60,0_8
Pref0,0.90325[0.20619],0.899804[0.208518],0.906858[0.203662],60,0_8
Signal0,1[0],1[0],1[0],60,0_8
Hybridindex,17.4763[1.12719],17.5393[1.12433],17.4125[1.1265],61,0_8
Pref0,0.91325[0.194549],0.917992[0.191739],0.908451[0.197237],61,0_8
Signal0,1[0],1[0],1[0],61,0_8
Hybridindex,17.4465[1.13033],17.4565[1.11336],17.436[1.14776],62,0_8
Pref0,0.91225[0.200437],0.906738[0.205737],0.918033[0.194553],62,0_8
Signal0,1[0],1[0],1[0],62,0_8
Hybridindex,17.4172[1.14183],17.3999[1.11759],17.4376[1.16926],63,0_8
Pref0,0.9175[0.192208],0.916126[0.190505],0.91911[0.19417],63,0_8
Signal0,1[0],1[0],1[0],63,0_8
Hybridindex,17.452[1.15377],17.3953[1.1227],17.5118[1.18274],64,0_8
Pref0,0.91275[0.199405],0.912853[0.202108],0.912641[0.196513],64,0_8
Signal0,1[0],1[0],1[0],64,0_8
Hybridindex,17.4477[1.14821],17.4188[1.17758],17.4762[1.11789],65,0_8
Pref0,0.91025[0.202039],0.91221[0.19675],0.908325[0.207085],65,0_8
Signal0,1[0],1[0],1[0],65,0_8
Hybridindex,17.4505[1.15056],17.4275[1.16327],17.4751[1.13626],66,0_8
Pref0,0.91975[0.194769],0.919807[0.193728],0.919689[0.19588],66,0_8
Signal0,1[0],1[0],1[0],66,0_8
Hybridindex,17.464[1.14682],17.4906[1.17536],17.4368[1.11625],67,0_8
Pref0,0.92125[0.188874],0.916914[0.190062],0.925683[0.187549],67,0_8
Signal0,1[0],1[0],1[0],67,0_8
Hybridindex,17.4535[1.15492],17.4508[1.18929],17.456[1.12192],68,0_8
Pref0,0.9245[0.188546],0.918653[0.195452],0.929952[0.181703],68,0_8
Signal0,1[0],1[0],1[0],68,0_8
Hybridindex,17.4818[1.16406],17.4604[1.16137],17.5035[1.1664],69,0_8
Pref0,0.92525[0.183132],0.922696[0.184832],0.927851[0.181349],69,0_8
Signal0,1[0],1[0],1[0],69,0_8
Hybridindex,17.452[1.17779],17.483[1.15774],17.4209[1.19674],70,0_8
Pref0,0.92375[0.188576],0.922577[0.188982],0.924925[0.188162],70,0_8
Signal0,1[0],1[0],1[0],70,0_8
Hybridindex,17.4337[1.1635],17.4846[1.15563],17.3851[1.1689],71,0_8
Pref0,0.92825[0.182967],0.92784[0.184237],0.928641[0.181745],71,0_8
Signal0,1[0],1[0],1[0],71,0_8
Hybridindex,17.381[1.16869],17.3714[1.18128],17.3908[1.15559],72,0_8
Pref0,0.92825[0.182967],0.929773[0.179332],0.926694[0.186597],72,0_8
Signal0,1[0],1[0],1[0],72,0_8
Hybridindex,17.3493[1.15202],17.334[1.16951],17.3642[1.13438],73,0_8
Pref0,0.93225[0.183125],0.92886[0.184502],0.93558[0.181702],73,0_8
Signal0,1[0],1[0],1[0],73,0_8
Hybridindex,17.3845[1.18085],17.4342[1.16552],17.3337[1.19418],74,0_8
Pref0,0.9305[0.180055],0.931256[0.176437],0.929727[0.183677],74,0_8
Signal0,1[0],1[0],1[0],74,0_8
Hybridindex,17.389[1.14812],17.4238[1.16587],17.3511[1.12724],75,0_8
Pref0,0.93325[0.177959],0.942474[0.168316],0.923197[0.18739],75,0_8
Signal0,1[0],1[0],1[0],75,0_8
Hybridindex,17.4093[1.14199],17.4143[1.14311],17.4042[1.14084],76,0_8
Pref0,0.93775[0.171026],0.937188[0.170165],0.938315[0.171887],76,0_8
Signal0,1[0],1[0],1[0],76,0_8
Hybridindex,17.4115[1.14331],17.4177[1.12495],17.405[1.16212],77,0_8
Pref0,0.9365[0.172388],0.933888[0.176447],0.939224[0.168008],77,0_8
Signal0,1[0],1[0],1[0],77,0_8
Hybridindex,17.3917[1.1353],17.4018[1.15021],17.3808[1.11869],78,0_8
Pref0,0.93225[0.178983],0.936303[0.177828],0.927824[0.180132],78,0_8
Signal0,1[0],1[0],1[0],78,0_8
Hybridindex,17.3577[1.13892],17.3365[1.12664],17.3797[1.15103],79,0_8
Pref0,0.938[0.170018],0.936453[0.172353],0.939594[0.167562],79,0_8
Signal0,1[0],1[0],1[0],79,0_8
Hybridindex,17.3605[1.14271],17.3401[1.15689],17.3812[1.12778],80,0_8
Pref0,0.943[0.16432],0.939921[0.170038],0.946123[0.158249],80,0_8
Signal0,1[0],1[0],1[0],80,0_8
Hybridindex,17.363[1.14738],17.3693[1.15179],17.357[1.1431],81,0_8
Pref0,0.94075[0.167674],0.939734[0.165898],0.941724[0.169353],81,0_8
Signal0,1[0],1[0],1[0],81,0_8
Hybridindex,17.3878[1.14903],17.383[1.11925],17.3923[1.17659],82,0_8
Pref0,0.94125[0.164844],0.945585[0.155713],0.937135[0.172966],82,0_8
Signal0,1[0],1[0],1[0],82,0_8
Hybridindex,17.3953[1.14353],17.3399[1.19357],17.4495[1.08952],83,0_8
Pref0,0.9475[0.154899],0.945455[0.157488],0.949505[0.152292],83,0_8
Signal0,1[0],1[0],1[0],83,0_8
Hybridindex,17.381[1.13813],17.3887[1.11632],17.3734[1.15918],84,0_8
Pref0,0.94825[0.155554],0.947633[0.157961],0.948858[0.153141],84,0_8
Signal0,1[0],1[0],1[0],84,0_8
Hybridindex,17.4273[1.14109],17.4134[1.13028],17.4411[1.15161],85,0_8
Pref0,0.95675[0.142318],0.958959[0.140844],0.954545[0.14374],85,0_8
Signal0,1[0],1[0],1[0],85,0_8
Hybridindex,17.4168[1.10417],17.4366[1.07898],17.3961[1.12932],86,0_8
Pref0,0.95175[0.150987],0.953831[0.149754],0.949593[0.152223],86,0_8
Signal0,1[0],1[0],1[0],86,0_8
Hybridindex,17.445[1.08719],17.4338[1.11949],17.4558[1.05498],87,0_8
Pref0,0.94925[0.155883],0.948065[0.155848],0.950393[0.155908],87,0_8
Signal0,1[0],1[0],1[0],87,0_8
Hybridindex,17.4722[1.10096],17.4966[1.10852],17.4472[1.09255],88,0_8
Pref0,0.95125[0.148319],0.948276[0.152272],0.954315[0.144068],88,0_8
Signal0,1[0],1[0],1[0],88,0_8
Hybridindex,17.4468[1.11391],17.4531[1.13237],17.4401[1.09421],89,0_8
Pref0,0.95075[0.151491],0.954057[0.144433],0.947288[0.158471],89,0_8
Signal0,1[0],1[0],1[0],89,0_8
Hybridindex,17.4265[1.1164],17.4364[1.10941],17.4168[1.12312],90,0_8
Pref0,0.9505[0.157479],0.943939[0.164036],0.956931[0.150499],90,0_8
Signal0,1[0],1[0],1[0],90,0_8
Hybridindex,17.417[1.1136],17.3933[1.09248],17.4393[1.13268],91,0_8
Pref0,0.94725[0.156021],0.95[0.151708],0.94466[0.159932],91,0_8
Signal0,1[0],1[0],1[0],91,0_8
Hybridindex,17.4258[1.12043],17.4535[1.09441],17.3961[1.14682],92,0_8
Pref0,0.94875[0.155719],0.952081[0.150437],0.945191[0.161095],92,0_8
Signal0,1[0],1[0],1[0],92,0_8
Hybridindex,17.4297[1.09462],17.402[1.13701],17.4553[1.05341],93,0_8
Pref0,0.95275[0.148803],0.95464[0.147191],0.951009[0.150253],93,0_8
Signal0,1[0],1[0],1[0],93,0_8
Hybridindex,17.458[1.08501],17.4501[1.09932],17.4664[1.06947],94,0_8
Pref0,0.954[0.147085],0.953004[0.14756],0.955062[0.14657],94,0_8
Signal0,1[0],1[0],1[0],94,0_8
Hybridindex,17.4155[1.08909],17.4095[1.08815],17.4213[1.08996],95,0_8
Pref0,0.95025[0.153785],0.94354[0.162997],0.956735[0.144027],95,0_8
Signal0,1[0],1[0],1[0],95,0_8
Hybridindex,17.392[1.10424],17.4573[1.09099],17.3287[1.11327],96,0_8
Pref0,0.94825[0.157946],0.948679[0.156688],0.947835[0.159154],96,0_8
Signal0,1[0],1[0],1[0],96,0_8
Hybridindex,17.4285[1.11069],17.4045[1.1208],17.4515[1.10042],97,0_8
Pref0,0.94925[0.155079],0.947906[0.157688],0.950539[0.152524],97,0_8
Signal0,1[0],1[0],1[0],97,0_8
Hybridindex,17.4348[1.11125],17.4395[1.07986],17.4297[1.14329],98,0_8
Pref0,0.95275[0.151302],0.952195[0.151923],0.953333[0.150645],98,0_8
Signal0,1[0],1[0],1[0],98,0_8
Hybridindex,17.4735[1.09204],17.4662[1.08777],17.4811[1.09642],99,0_8
Pref0,0.9535[0.146928],0.955436[0.144173],0.951481[0.14972],99,0_8
Signal0,1[0],1[0],1[0],99,0_8
Hybridindex,17.4735[1.1336],17.4885[1.16351],17.4585[1.10261],100,0_8
Pref0,0.9545[0.14724],0.962038[0.136158],0.946947[0.157203],100,0_8
Signal0,1[0],1[0],1[0],100,0_8
Hybridindex,12.605[8.23796],12.7105[8.20955],12.5049[8.2636],1,0_80
Pref0,0.63025[0.411898],0.635524[0.410477],0.625244[0.41318],1,0_80
Signal0,0.63025[0.411898],0.635524[0.410477],0.625244[0.41318],1,0_80
Hybridindex,15.0813[6.04121],15.1305[5.98203],15.0324[6.09897],2,0_80
Pref0,0.76275[0.327242],0.76255[0.325603],0.762948[0.32886],2,0_80
Signal0,0.74975[0.333916],0.750502[0.33195],0.749004[0.335854],2,0_80
Hybridindex,16.9017[3.77342],16.9649[3.6677],16.8372[3.87746],3,0_80
Pref0,0.84375[0.2578],0.847676[0.253642],0.839737[0.261922],3,0_80
Signal0,0.86325[0.243771],0.861523[0.241806],0.865015[0.245752],3,0_80
Hybridindex,17.449[2.56635],17.3967[2.59957],17.5046[2.52934],4,0_80
Pref0,0.867[0.243538],0.862755[0.240896],0.871517[0.246239],4,0_80
Signal0,0.92425[0.182721],0.919981[0.187247],0.928793[0.177666],4,0_80
Hybridindex,17.7112[1.97908],17.6319[1.97434],17.7895[1.98063],5,0_80
Pref0,0.876[0.237432],0.874622[0.23883],0.877358[0.236038],5,0_80
Signal0,0.96075[0.138146],0.959215[0.138682],0.962264[0.137599],5,0_80
Hybridindex,17.765[1.68561],17.7063[1.72431],17.8213[1.64568],6,0_80
Pref0,0.8835[0.223445],0.883044[0.219942],0.883937[0.226753],6,0_80
Signal0,0.97725[0.104199],0.978039[0.102461],0.976494[0.105833],6,0_80
Hybridindex,17.7435[1.49982],17.7178[1.47768],17.7685[1.52066],7,0_80
Pref0,0.8825[0.226812],0.892097[0.216489],0.873149[0.236062],7,0_80
Signal0,0.9845[0.0866588],0.985816[0.0830121],0.983218[0.0900516],7,0_80
Hybridindex,17.7318[1.46019],17.7565[1.46774],17.7069[1.45215],8,0_80
Pref0,0.87275[0.233843],0.872754[0.230044],0.872745[0.237595],8,0_80
Signal0,0.99375[0.0555512],0.994511[0.0520997],0.992986[0.0588032],8,0_80
Hybridindex,17.794[1.31313],17.7869[1.29539],17.8009[1.33019],9,0_80
Pref0,0.87275[0.238081],0.876518[0.236872],0.869071[0.239197],9,0_80
Signal0,0.9955[0.0472202],0.994939[0.0500475],0.996047[0.0442794],9,0_80
Hybridindex,17.781[1.33736],17.7849[1.34398],17.7771[1.33067],10,0_80
Pref0,0.86925[0.239853],0.872754[0.235405],0.865731[0.244187],10,0_80
Signal0,0.9985[0.027345],0.998503[0.0273178],0.998497[0.0273723],10,0_80
Hybridindex,17.8182[1.28456],17.8109[1.29949],17.8255[1.2695],11,0_80
Pref0,0.8635[0.24722],0.861585[0.251173],0.865404[0.243212],11,0_80
Signal0,0.99975[0.0111775],1[0],0.999501[0.0157799],11,0_80
Hybridindex,17.8562[1.26549],17.8933[1.26554],17.8194[1.26436],12,0_80
Pref0,0.8595[0.250519],0.868236[0.245037],0.850798[0.255566],12,0_80
Signal0,1[0],1[0],1[0],12,0_80
Hybridindex,17.845[1.25368],17.8384[1.26186],17.8519[1.24501],13,0_80
Pref0,0.863[0.243374],0.861816[0.243463],0.864242[0.243274],13,0_80
Signal0,1[0],1[0],1[0],13,0_80
Hybridindex,17.8585[1.26885],17.8687[1.26822],17.8481[1.26941],14,0_80
Pref0,0.86325[0.244284],0.865709[0.243963],0.860747[0.244584],14,0_80
Signal0,1[0],1[0],1[0],14,0_80
Hybridindex,17.859[1.23405],17.841[1.23982],17.8779[1.22766],15,0_80
Pref0,0.868[0.24047],0.863902[0.246467],0.872308[0.233924],15,0_80
Signal0,1[0],1[0],1[0],15,0_80
Hybridindex,17.8955[1.22488],17.9082[1.23285],17.8829[1.21678],16,0_80
Pref0,0.8695[0.239207],0.868104[0.244099],0.870887[0.234233],16,0_80
Signal0,1[0],1[0],1[0],16,0_80
Hybridindex,17.896[1.22165],17.879[1.2307],17.9133[1.21215],17,0_80
Pref0,0.867[0.243025],0.871528[0.240108],0.862399[0.245868],17,0_80
Signal0,1[0],1[0],1[0],17,0_80
Hybridindex,17.893[1.18851],17.8595[1.20755],17.9277[1.16743],18,0_80
Pref0,0.8605[0.248575],0.859037[0.24683],0.862016[0.250363],18,0_80
Signal0,1[0],1[0],1[0],18,0_80
Hybridindex,17.9552[1.17457],17.967[1.20818],17.9432[1.13885],19,0_80
Pref0,0.863[0.243887],0.860454[0.244272],0.865619[0.243463],19,0_80
Signal0,1[0],1[0],1[0],19,0_80
Hybridindex,17.963[1.14155],18.0112[1.10964],17.9164[1.16967],20,0_80
Pref0,0.86075[0.245427],0.865717[0.24556],0.855949[0.245203],20,0_80
Signal0,1[0],1[0],1[0],20,0_80
Hybridindex,17.9428[1.13802],17.9585[1.14609],17.927[1.12968],21,0_80
Pref0,0.875[0.236907],0.877[0.233176],0.873[0.240564],21,0_80
Signal0,1[0],1[0],1[0],21,0_80
Hybridindex,17.972[1.15876],18.039[1.12792],17.9116[1.1826],22,0_80
Pref0,0.88325[0.22471],0.890823[0.217752],0.876426[0.230587],22,0_80
Signal0,1[0],1[0],1[0],22,0_80
Hybridindex,18.0312[1.13706],18.0198[1.12925],18.0435[1.14524],23,0_80
Pref0,0.88875[0.226381],0.895652[0.222481],0.881347[0.230261],23,0_80
Signal0,1[0],1[0],1[0],23,0_80
Hybridindex,18.0218[1.15278],17.9855[1.13445],18.0581[1.16977],24,0_80
Pref0,0.8885[0.222638],0.892216[0.218549],0.88477[0.226608],24,0_80
Signal0,1[0],1[0],1[0],24,0_80
Hybridindex,18.026[1.12742],18.0748[1.09388],17.9807[1.15579],25,0_80
Pref0,0.88725[0.225638],0.885655[0.227803],0.888728[0.223603],25,0_80
Signal0,1[0],1[0],1[0],25,0_80
Hybridindex,18.0398[1.12885],18.0822[1.09723],17.999[1.15689],26,0_80
Pref0,0.88725[0.221726],0.884065[0.222786],0.890304[0.220661],26,0_80
Signal0,1[0],1[0],1[0],26,0_80
Hybridindex,18.0658[1.12763],18.0505[1.09965],18.0823[1.15695],27,0_80
Pref0,0.88725[0.22397],0.879808[0.233032],0.895312[0.213427],27,0_80
Signal0,1[0],1[0],1[0],27,0_80
Hybridindex,18.0572[1.13912],18.0473[1.15547],18.067[1.12268],28,0_80
Pref0,0.895[0.215],0.882175[0.222624],0.907646[0.206429],28,0_80
Signal0,1[0],1[0],1[0],28,0_80
Hybridindex,18.0523[1.08],18.0408[1.04823],18.0636[1.11032],29,0_80
Pref0,0.896[0.220077],0.905841[0.207964],0.886296[0.230992],29,0_80
Signal0,1[0],1[0],1[0],29,0_80
Hybridindex,18.025[1.12311],17.9914[1.15238],18.0581[1.09247],30,0_80
Pref0,0.89825[0.213359],0.903323[0.206196],0.893247[0.22008],30,0_80
Signal0,1[0],1[0],1[0],30,0_80
Hybridindex,18.0078[1.1184],17.99[1.1431],18.0256[1.09264],31,0_80
Pref0,0.89725[0.215215],0.900398[0.209438],0.894076[0.22084],31,0_80
Signal0,1[0],1[0],1[0],31,0_80
Hybridindex,17.9718[1.12897],17.9152[1.14543],18.0335[1.10742],32,0_80
Pref0,0.8965[0.219175],0.895115[0.221595],0.898013[0.216491],32,0_80
Signal0,1[0],1[0],1[0],32,0_80
Hybridindex,18.0072[1.10773],18.0083[1.09182],18.0063[1.12245],33,0_80
Pref0,0.89625[0.214735],0.895661[0.213108],0.896802[0.216248],33,0_80
Signal0,1[0],1[0],1[0],33,0_80
Hybridindex,17.9665[1.13275],17.9553[1.16238],17.9786[1.09963],34,0_80
Pref0,0.8965[0.215726],0.903365[0.208101],0.889062[0.223456],34,0_80
Signal0,1[0],1[0],1[0],34,0_80
Hybridindex,17.9857[1.1397],17.9608[1.14016],18.0124[1.13861],35,0_80
Pref0,0.902[0.210704],0.902805[0.206242],0.901139[0.215374],35,0_80
Signal0,1[0],1[0],1[0],35,0_80
Hybridindex,18.0105[1.13991],17.934[1.16069],18.0858[1.11396],36,0_80
Pref0,0.89525[0.219437],0.895161[0.220192],0.895337[0.21869],36,0_80
Signal0,1[0],1[0],1[0],36,0_80
Hybridindex,18.0023[1.12844],18.0312[1.13414],17.9717[1.12158],37,0_80
Pref0,0.90025[0.214884],0.907011[0.205498],0.893114[0.224144],37,0_80
Signal0,1[0],1[0],1[0],37,0_80
Hybridindex,17.9875[1.13813],17.9799[1.15865],17.995[1.11735],38,0_80
Pref0,0.89425[0.220662],0.89508[0.219038],0.893426[0.222259],38,0_80
Signal0,1[0],1[0],1[0],38,0_80
Hybridindex,17.983[1.12081],17.9514[1.14207],18.0138[1.09878],39,0_80
Pref0,0.89625[0.217051],0.88917[0.225217],0.903162[0.208538],39,0_80
Signal0,1[0],1[0],1[0],39,0_80
Hybridindex,17.9662[1.13313],17.9594[1.14754],17.9732[1.11817],40,0_80
Pref0,0.89425[0.221793],0.893175[0.224518],0.895349[0.218966],40,0_80
Signal0,1[0],1[0],1[0],40,0_80
Hybridindex,17.938[1.10427],17.9048[1.11893],17.9694[1.08929],41,0_80
Pref0,0.8995[0.215406],0.895576[0.223724],0.90321[0.207166],41,0_80
Signal0,1[0],1[0],1[0],41,0_80
Hybridindex,17.9235[1.10709],17.9185[1.12241],17.9284[1.0919],42,0_80
Pref0,0.898[0.217016],0.898279[0.222761],0.897727[0.211256],42,0_80
Signal0,1[0],1[0],1[0],42,0_80
Hybridindex,17.9498[1.12031],17.9303[1.13649],17.9688[1.10389],43,0_80
Pref0,0.90975[0.206107],0.909091[0.210382],0.910396[0.201825],43,0_80
Signal0,1[0],1[0],1[0],43,0_80
Hybridindex,17.932[1.10369],17.9418[1.14642],17.9221[1.05869],44,0_80
Pref0,0.91375[0.198585],0.914925[0.198191],0.912563[0.198975],44,0_80
Signal0,1[0],1[0],1[0],44,0_80
Hybridindex,17.963[1.10154],17.9845[1.11849],17.9415[1.08389],45,0_80
Pref0,0.917[0.19329],0.9145[0.197332],0.9195[0.189129],45,0_80
Signal0,1[0],1[0],1[0],45,0_80
Hybridindex,17.9565[1.11192],17.977[1.09844],17.9368[1.12433],46,0_80
Pref0,0.92225[0.187963],0.923391[0.189764],0.921156[0.186212],46,0_80
Signal0,1[0],1[0],1[0],46,0_80
Hybridindex,17.9692[1.1189],17.929[1.10438],18.0118[1.13249],47,0_80
Pref0,0.9285[0.184764],0.934825[0.179529],0.921811[0.189914],47,0_80
Signal0,1[0],1[0],1[0],47,0_80
Hybridindex,17.9773[1.09561],18.004[1.0992],17.9508[1.09141],48,0_80
Pref0,0.929[0.177367],0.93008[0.179118],0.927932[0.175613],48,0_80
Signal0,1[0],1[0],1[0],48,0_80
Hybridindex,17.9655[1.09957],17.9916[1.08505],17.9385[1.11372],49,0_80
Pref0,0.9355[0.173464],0.934055[0.170634],0.936992[0.176326],49,0_80
Signal0,1[0],1[0],1[0],49,0_80
Hybridindex,17.9398[1.09224],17.9635[1.09996],17.916[1.08395],50,0_80
Pref0,0.933[0.176099],0.935[0.172554],0.931[0.179552],50,0_80
Signal0,1[0],1[0],1[0],50,0_80
Hybridindex,17.9378[1.09305],17.9206[1.12204],17.9543[1.06407],51,0_80
Pref0,0.93275[0.173501],0.939409[0.164722],0.926326[0.181336],51,0_80
Signal0,1[0],1[0],1[0],51,0_80
Hybridindex,17.9282[1.07225],17.9265[1.09046],17.9301[1.0527],52,0_80
Pref0,0.9325[0.178027],0.930867[0.179504],0.934224[0.176439],52,0_80
Signal0,1[0],1[0],1[0],52,0_80
Hybridindex,17.9295[1.0811],17.8982[1.09513],17.9603[1.06622],53,0_80
Pref0,0.9325[0.179426],0.94254[0.171641],0.922619[0.186244],53,0_80
Signal0,1[0],1[0],1[0],53,0_80
Hybridindex,17.9333[1.11352],17.9252[1.15156],17.9416[1.07275],54,0_80
Pref0,0.92875[0.180412],0.922244[0.189169],0.935467[0.17064],54,0_80
Signal0,1[0],1[0],1[0],54,0_80
Hybridindex,17.9315[1.08504],17.9068[1.07524],17.9561[1.09415],55,0_80
Pref0,0.93075[0.179107],0.930862[0.176896],0.930639[0.181283],55,0_80
Signal0,1[0],1[0],1[0],55,0_80
Hybridindex,17.934[1.06155],17.8951[1.07024],17.9757[1.05057],56,0_80
Pref0,0.93[0.179861],0.935687[0.170257],0.923913[0.189413],56,0_80
Signal0,1[0],1[0],1[0],56,0_80
Hybridindex,17.9187[1.07553],17.9448[1.05124],17.8914[1.09978],57,0_80
Pref0,0.928[0.185246],0.928223[0.18481],0.927766[0.185702],57,0_80
Signal0,1[0],1[0],1[0],57,0_80
Hybridindex,17.9217[1.08247],17.9216[1.05355],17.9219[1.11219],58,0_80
Pref0,0.93175[0.175974],0.935735[0.171648],0.927544[0.180333],58,0_80
Signal0,1[0],1[0],1[0],58,0_80
Hybridindex,17.925[1.08518],17.9876[1.05102],17.8613[1.11529],59,0_80
Pref0,0.93575[0.172473],0.930624[0.178485],0.940969[0.165966],59,0_80
Signal0,1[0],1[0],1[0],59,0_80
Hybridindex,17.9423[1.09409],17.957[1.10016],17.9276[1.0878],60,0_80
Pref0,0.94[0.166283],0.943443[0.159938],0.936563[0.172314],60,0_80
Signal0,1[0],1[0],1[0],60,0_80
Hybridindex,17.9222[1.06493],17.909[1.0748],17.9359[1.05445],61,0_80
Pref0,0.94425[0.161298],0.943953[0.160828],0.944557[0.161782],61,0_80
Signal0,1[0],1[0],1[0],61,0_80
Hybridindex,17.896[1.07886],17.9052[1.11717],17.8869[1.03969],62,0_80
Pref0,0.948[0.159047],0.948085[0.158992],0.947917[0.159101],62,0_80
Signal0,1[0],1[0],1[0],62,0_80
Hybridindex,17.9582[1.08772],17.9675[1.0688],17.9491[1.1062],63,0_80
Pref0,0.947[0.156336],0.951952[0.14905],0.942058[0.163134],63,0_80
Signal0,1[0],1[0],1[0],63,0_80
Hybridindex,17.9363[1.05371],17.9274[1.07456],17.9455[1.03153],64,0_80
Pref0,0.94575[0.157899],0.943572[0.16128],0.948012[0.154275],64,0_80
Signal0,1[0],1[0],1[0],64,0_80
Hybridindex,17.9445[1.0605],17.9498[1.07034],17.9395[1.05119],65,0_80
Pref0,0.953[0.151793],0.948294[0.15726],0.957406[0.146352],65,0_80
Signal0,1[0],1[0],1[0],65,0_80
Hybridindex,17.9872[1.04305],17.9915[1.03795],17.983[1.0481],66,0_80
Pref0,0.947[0.157134],0.955411[0.144248],0.938623[0.168578],66,0_80
Signal0,1[0],1[0],1[0],66,0_80
Hybridindex,18.0085[1.03896],17.9598[1.0694],18.0579[1.00473],67,0_80
Pref0,0.95525[0.146193],0.955809[0.143663],0.954683[0.148713],67,0_80
Signal0,1[0],1[0],1[0],67,0_80
Hybridindex,17.984[1.08189],17.9682[1.08592],18[1.07756],68,0_80
Pref0,0.9545[0.144671],0.948361[0.15216],0.960725[0.136376],68,0_80
Signal0,1[0],1[0],1[0],68,0_80
Hybridindex,18.0063[1.05574],18.0363[1.05998],17.9767[1.0507],69,0_80
Pref0,0.947[0.161836],0.945619[0.165089],0.948361[0.158552],69,0_80
Signal0,1[0],1[0],1[0],69,0_80
Hybridindex,17.9937[1.04347],18.0545[1.05478],17.9341[1.02876],70,0_80
Pref0,0.9475[0.157301],0.95005[0.156518],0.944995[0.158027],70,0_80
Signal0,1[0],1[0],1[0],70,0_80
Hybridindex,17.959[1.07579],17.9659[1.07068],17.9517[1.0811],71,0_80
Pref0,0.94575[0.159474],0.948393[0.156846],0.94296[0.162155],71,0_80
Signal0,1[0],1[0],1[0],71,0_80
Hybridindex,17.9252[1.1148],17.9438[1.0994],17.9069[1.12957],72,0_80
Pref0,0.9395[0.169823],0.936245[0.172687],0.942729[0.16687],72,0_80
Signal0,1[0],1[0],1[0],72,0_80
Hybridindex,17.9595[1.06799],17.953[1.06372],17.9659[1.07211],73,0_80
Pref0,0.93525[0.172286],0.935288[0.173754],0.935213[0.170837],73,0_80
Signal0,1[0],1[0],1[0],73,0_80
Hybridindex,18.0065[1.05414],18.0113[1.04164],18.0015[1.06695],74,0_80
Pref0,0.933[0.175388],0.935721[0.173119],0.930173[0.17767],74,0_80
Signal0,1[0],1[0],1[0],74,0_80
Hybridindex,17.9862[1.0591],17.9524[1.08874],18.02[1.02761],75,0_80
Pref0,0.9335[0.174865],0.938377[0.16738],0.928643[0.181884],75,0_80
Signal0,1[0],1[0],1[0],75,0_80
Hybridindex,17.975[1.05445],17.9491[1.06311],18.0015[1.04487],76,0_80
Pref0,0.93675[0.170659],0.93274[0.176308],0.940849[0.164583],76,0_80
Signal0,1[0],1[0],1[0],76,0_80
Hybridindex,17.9507[1.0851],17.9715[1.08502],17.9299[1.08479],77,0_80
Pref0,0.93275[0.178473],0.928072[0.183813],0.937437[0.172829],77,0_80
Signal0,1[0],1[0],1[0],77,0_80
Hybridindex,17.9902[1.03515],17.9909[1.02744],17.9896[1.0426],78,0_80
Pref0,0.93775[0.168077],0.933637[0.17551],0.941757[0.160403],78,0_80
Signal0,1[0],1[0],1[0],78,0_80
Hybridindex,18.0147[1.05222],17.9832[1.06329],18.0451[1.04056],79,0_80
Pref0,0.936[0.172203],0.937245[0.1687],0.934804[0.175495],79,0_80
Signal0,1[0],1[0],1[0],79,0_80
Hybridindex,18.0173[1.07148],18.0179[1.08595],18.0166[1.05667],80,0_80
Pref0,0.9355[0.174183],0.944279[0.163542],0.926633[0.183884],80,0_80
Signal0,1[0],1[0],1[0],80,0_80
Hybridindex,18.067[1.04941],18.0911[1.05716],18.0442[1.04153],81,0_80
Pref0,0.92975[0.178017],0.925335[0.181073],0.933916[0.174981],81,0_80
Signal0,1[0],1[0],1[0],81,0_80
Hybridindex,18.013[1.05574],17.9889[1.03462],18.0367[1.07559],82,0_80
Pref0,0.9185[0.192634],0.91381[0.195413],0.923115[0.189746],82,0_80
Signal0,1[0],1[0],1[0],82,0_80
Hybridindex,17.97[1.05965],17.9411[1.07419],17.998[1.04457],83,0_80
Pref0,0.915[0.196278],0.922843[0.188868],0.907389[0.202921],83,0_80
Signal0,1[0],1[0],1[0],83,0_80
Hybridindex,17.9758[1.07577],17.9985[1.09965],17.9524[1.05024],84,0_80
Pref0,0.91825[0.192203],0.916996[0.193847],0.919534[0.190495],84,0_80
Signal0,1[0],1[0],1[0],84,0_80
Hybridindex,18.006[1.06582],17.993[1.05407],18.019[1.07726],85,0_80
Pref0,0.921[0.195599],0.915916[0.20243],0.926074[0.188398],85,0_80
Signal0,1[0],1[0],1[0],85,0_80
Hybridindex,18.005[1.0385],18.0362[1.0371],17.9724[1.03895],86,0_80
Pref0,0.919[0.19089],0.9143[0.193557],0.923902[0.187943],86,0_80
Signal0,1[0],1[0],1[0],86,0_80
Hybridindex,17.9695[1.06938],17.986[1.06175],17.953[1.0767],87,0_80
Pref0,0.91175[0.198335],0.918[0.190463],0.9055[0.205718],87,0_80
Signal0,1[0],1[0],1[0],87,0_80
Hybridindex,17.9518[1.05525],17.9784[1.06115],17.9254[1.04872],88,0_80
Pref0,0.91725[0.191774],0.918511[0.192671],0.916004[0.190876],88,0_80
Signal0,1[0],1[0],1[0],88,0_80
Hybridindex,17.9277[1.05305],17.9249[1.03824],17.9308[1.0686],89,0_80
Pref0,0.92075[0.193247],0.92781[0.185135],0.913223[0.201263],89,0_80
Signal0,1[0],1[0],1[0],89,0_80
Hybridindex,17.908[1.04608],17.92[1.03542],17.8956[1.05677],90,0_80
Pref0,0.91525[0.19923],0.919546[0.192897],0.910841[0.205433],90,0_80
Signal0,1[0],1[0],1[0],90,0_80
Hybridindex,17.906[1.04889],17.8952[1.0681],17.9172[1.02856],91,0_80
Pref0,0.91275[0.196882],0.910433[0.200515],0.915142[0.19303],91,0_80
Signal0,1[0],1[0],1[0],91,0_80
Hybridindex,17.9157[1.08859],17.9159[1.07396],17.9156[1.10367],92,0_80
Pref0,0.91675[0.190248],0.918297[0.187495],0.915133[0.19307],92,0_80
Signal0,1[0],1[0],1[0],92,0_80
Hybridindex,17.8835[1.07514],17.9129[1.07625],17.8545[1.07325],93,0_80
Pref0,0.9235[0.187477],0.92145[0.188739],0.925521[0.186203],93,0_80
Signal0,1[0],1[0],1[0],93,0_80
Hybridindex,17.8792[1.04537],17.8859[1.04434],17.8725[1.04636],94,0_80
Pref0,0.92975[0.181494],0.926091[0.189621],0.933468[0.172765],94,0_80
Signal0,1[0],1[0],1[0],94,0_80
Hybridindex,17.9022[1.07718],17.8807[1.07755],17.923[1.07642],95,0_80
Pref0,0.931[0.176746],0.931702[0.176106],0.930324[0.177357],95,0_80
Signal0,1[0],1[0],1[0],95,0_80
Hybridindex,17.89[1.06261],17.8662[1.06885],17.9134[1.05594],96,0_80
Pref0,0.93675[0.173564],0.933333[0.180067],0.940099[0.166876],96,0_80
Signal0,1[0],1[0],1[0],96,0_80
Hybridindex,17.89[1.08127],17.8767[1.08132],17.9024[1.08108],97,0_80
Pref0,0.9435[0.162965],0.943005[0.163717],0.943961[0.16226],97,0_80
Signal0,1[0],1[0],1[0],97,0_80
Hybridindex,17.9015[1.05477],17.8958[1.08672],17.907[1.02285],98,0_80
Pref0,0.949[0.155399],0.948171[0.154067],0.949803[0.156675],98,0_80
Signal0,1[0],1[0],1[0],98,0_80
Hybridindex,17.907[1.07417],17.8811[1.07171],17.9323[1.07597],99,0_80
Pref0,0.949[0.155399],0.947874[0.157683],0.950099[0.153129],99,0_80
Signal0,1[0],1[0],1[0],99,0_80
Hybridindex,17.9575[1.05437],17.9616[1.05567],17.9534[1.05305],100,0_80
Pref0,0.955[0.147394],0.954636[0.150393],0.955366[0.144313],100,0_80
Signal0,1[0],1[0],1[0],100,0_80
Hybridindex,12.67[8.22624],12.5338[8.29587],12.8157[8.14854],1,0_81
Pref0,0.6335[0.411312],0.626692[0.414793],0.640787[0.407427],1,0_81
Signal0,0.6335[0.411312],0.626692[0.414793],0.640787[0.407427],1,0_81
Hybridindex,15.5355[5.86596],15.5346[5.76242],15.5363[5.96413],2,0_81
Pref0,0.7765[0.323338],0.781568[0.318148],0.771611[0.328193],2,0_81
Signal0,0.78275[0.322378],0.787678[0.319082],0.777996[0.325454],2,0_81
Hybridindex,16.9533[3.74796],16.8665[3.75796],17.0393[3.73602],3,0_81
Pref0,0.847[0.261421],0.846888[0.2611],0.847112[0.26174],3,0_81
Signal0,0.87175[0.24068],0.875[0.235391],0.868526[0.245772],3,0_81
Hybridindex,17.595[2.5146],17.5271[2.57876],17.6622[2.44757],4,0_81
Pref0,0.886[0.229138],0.882412[0.23775],0.889552[0.220222],4,0_81
Signal0,0.93[0.178466],0.924623[0.184436],0.935323[0.172185],4,0_81
Hybridindex,17.8152[1.90879],17.7989[1.91243],17.8315[1.90503],5,0_81
Pref0,0.89225[0.219693],0.892177[0.220919],0.892323[0.218467],5,0_81
Signal0,0.9685[0.121481],0.961384[0.133479],0.975573[0.107781],5,0_81
Hybridindex,17.8855[1.58513],17.9254[1.5964],17.8468[1.57315],6,0_81
Pref0,0.90125[0.21301],0.896447[0.219454],0.905911[0.206459],6,0_81
Signal0,0.9895[0.071692],0.986802[0.0801548],0.992118[0.0622797],6,0_81
Hybridindex,17.9307[1.43216],17.9507[1.41829],17.9114[1.4452],7,0_81
Pref0,0.9025[0.20915],0.912602[0.200314],0.892717[0.216918],7,0_81
Signal0,0.997[0.0386135],0.997967[0.031814],0.996063[0.0441928],7,0_81
Hybridindex,17.9707[1.30596],17.9549[1.28549],17.9869[1.32624],8,0_81
Pref0,0.91175[0.202082],0.909722[0.206022],0.91381[0.197976],8,0_81
Signal0,0.9985[0.027345],0.998016[0.0314345],0.998992[0.022428],8,0_81
Hybridindex,17.9605[1.26013],17.9743[1.2693],17.9458[1.25014],9,0_81
Pref0,0.9095[0.203862],0.909311[0.207218],0.909701[0.200229],9,0_81
Signal0,0.99825[0.0295286],0.997575[0.0347352],0.998968[0.0226921],9,0_81
Hybridindex,17.91[1.27805],17.8914[1.29917],17.9289[1.25593],10,0_81
Pref0,0.91275[0.200655],0.917659[0.193305],0.907762[0.207739],10,0_81
Signal0,0.99925[0.0193504],0.999504[0.0157407],0.998992[0.022428],10,0_81
Hybridindex,17.9115[1.28498],17.9335[1.24234],17.8898[1.32532],11,0_81
Pref0,0.91375[0.201708],0.920947[0.193146],0.906653[0.209566],11,0_81
Signal0,1[0],1[0],1[0],11,0_81
Hybridindex,17.922[1.25933],17.9114[1.23558],17.9331[1.28354],12,0_81
Pref0,0.90825[0.206051],0.909892[0.202119],0.906537[0.210059],12,0_81
Signal0,1[0],1[0],1[0],12,0_81
Hybridindex,17.9312[1.22725],17.9286[1.20734],17.9337[1.24535],13,0_81
Pref0,0.9105[0.20369],0.915104[0.20241],0.90625[0.204773],13,0_81
Signal0,1[0],1[0],1[0],13,0_81
Hybridindex,17.9007[1.2335],17.938[1.20571],17.8629[1.25998],14,0_81
Pref0,0.91675[0.197343],0.927083[0.187376],0.90625[0.206452],14,0_81
Signal0,1[0],1[0],1[0],14,0_81
Hybridindex,17.9465[1.19755],17.9835[1.19101],17.9074[1.20321],15,0_81
Pref0,0.92225[0.184608],0.922665[0.186097],0.921811[0.183018],15,0_81
Signal0,1[0],1[0],1[0],15,0_81
Hybridindex,17.9355[1.21875],17.9391[1.21436],17.9322[1.22277],16,0_81
Pref0,0.91575[0.198184],0.911979[0.203645],0.919231[0.192941],16,0_81
Signal0,1[0],1[0],1[0],16,0_81
Hybridindex,17.9307[1.20263],17.9184[1.20883],17.9439[1.1959],17,0_81
Pref0,0.913[0.199201],0.909135[0.202641],0.917096[0.195406],17,0_81
Signal0,1[0],1[0],1[0],17,0_81
Hybridindex,17.9632[1.21944],17.9521[1.20883],17.9744[1.22989],18,0_81
Pref0,0.91325[0.197736],0.909681[0.203699],0.916834[0.191496],18,0_81
Signal0,1[0],1[0],1[0],18,0_81
Hybridindex,17.9565[1.20337],17.9266[1.20968],17.9873[1.19606],19,0_81
Pref0,0.9165[0.195647],0.910345[0.204244],0.922843[0.186161],19,0_81
Signal0,1[0],1[0],1[0],19,0_81
Hybridindex,17.9185[1.21957],17.9195[1.19222],17.9174[1.24735],20,0_81
Pref0,0.9115[0.197908],0.916094[0.19203],0.906728[0.203726],20,0_81
Signal0,1[0],1[0],1[0],20,0_81
Hybridindex,17.9165[1.19657],17.9259[1.22577],17.9071[1.16662],21,0_81
Pref0,0.91125[0.203097],0.919419[0.191833],0.903097[0.213436],21,0_81
Signal0,1[0],1[0],1[0],21,0_81
Hybridindex,17.9175[1.21468],17.9237[1.2206],17.9115[1.20882],22,0_81
Pref0,0.90175[0.213242],0.899899[0.214702],0.903561[0.211787],22,0_81
Signal0,1[0],1[0],1[0],22,0_81
Hybridindex,17.9365[1.18868],17.9097[1.20532],17.9625[1.17169],23,0_81
Pref0,0.89675[0.211458],0.902637[0.203053],0.891026[0.219171],23,0_81
Signal0,1[0],1[0],1[0],23,0_81
Hybridindex,17.9067[1.17832],17.8315[1.1614],17.9838[1.19048],24,0_81
Pref0,0.89[0.221698],0.883893[0.225822],0.896255[0.217215],24,0_81
Signal0,1[0],1[0],1[0],24,0_81
Hybridindex,17.9542[1.15338],17.9491[1.14684],17.9597[1.16014],25,0_81
Pref0,0.88775[0.22198],0.887365[0.220291],0.888151[0.223727],25,0_81
Signal0,1[0],1[0],1[0],25,0_81
Hybridindex,17.9352[1.17449],17.8894[1.19011],17.9836[1.15584],26,0_81
Pref0,0.88075[0.227825],0.880117[0.226754],0.881417[0.228946],26,0_81
Signal0,1[0],1[0],1[0],26,0_81
Hybridindex,17.9157[1.17048],17.9168[1.19586],17.9147[1.14433],27,0_81
Pref0,0.87775[0.230065],0.886454[0.227702],0.868976[0.232092],27,0_81
Signal0,1[0],1[0],1[0],27,0_81
Hybridindex,17.9312[1.15808],17.9372[1.1568],17.9253[1.15932],28,0_81
Pref0,0.883[0.228169],0.888052[0.224655],0.877988[0.231493],28,0_81
Signal0,1[0],1[0],1[0],28,0_81
Hybridindex,17.9275[1.15228],17.8965[1.17678],17.9588[1.12612],29,0_81
Pref0,0.88925[0.22552],0.89602[0.221672],0.882412[0.229139],29,0_81
Signal0,1[0],1[0],1[0],29,0_81
Hybridindex,17.9545[1.16873],17.9661[1.12826],17.9435[1.20579],30,0_81
Pref0,0.88475[0.22714],0.88347[0.226626],0.885965[0.22762],30,0_81
Signal0,1[0],1[0],1[0],30,0_81
Hybridindex,17.9623[1.1319],17.9254[1.12815],18.001[1.13454],31,0_81
Pref0,0.8875[0.227692],0.887805[0.225448],0.887179[0.230027],31,0_81
Signal0,1[0],1[0],1[0],31,0_81
Hybridindex,17.952[1.1257],17.9699[1.1043],17.9343[1.14626],32,0_81
Pref0,0.883[0.22707],0.884538[0.225667],0.881474[0.228444],32,0_81
Signal0,1[0],1[0],1[0],32,0_81
Hybridindex,17.967[1.11508],17.9806[1.12345],17.9517[1.10541],33,0_81
Pref0,0.88075[0.230552],0.884688[0.226821],0.876327[0.234593],33,0_81
Signal0,1[0],1[0],1[0],33,0_81
Hybridindex,18.008[1.09302],18.0125[1.0787],18.0035[1.10713],34,0_81
Pref0,0.876[0.237958],0.867[0.248618],0.885[0.22644],34,0_81
Signal0,1[0],1[0],1[0],34,0_81
Hybridindex,18.0165[1.12238],18.0779[1.09879],17.9595[1.14089],35,0_81
Pref0,0.88775[0.218575],0.892004[0.215612],0.883799[0.221217],35,0_81
Signal0,1[0],1[0],1[0],35,0_81
Hybridindex,18.0182[1.10297],18.0209[1.10844],18.0156[1.09742],36,0_81
Pref0,0.8895[0.221449],0.889442[0.223669],0.889558[0.219188],36,0_81
Signal0,1[0],1[0],1[0],36,0_81
Hybridindex,18.05[1.10928],18.0488[1.08358],18.0511[1.13262],37,0_81
Pref0,0.88825[0.223354],0.883178[0.229242],0.89296[0.217637],37,0_81
Signal0,1[0],1[0],1[0],37,0_81
Hybridindex,18.052[1.0689],18.0631[1.06906],18.0407[1.06862],38,0_81
Pref0,0.8785[0.228008],0.883201[0.225215],0.873742[0.230703],38,0_81
Signal0,1[0],1[0],1[0],38,0_81
Hybridindex,18.0577[1.091],18.0069[1.07254],18.11[1.10724],39,0_81
Pref0,0.87725[0.234643],0.889053[0.229201],0.865112[0.239506],39,0_81
Signal0,1[0],1[0],1[0],39,0_81
Hybridindex,18.0362[1.1032],18.0246[1.10465],18.0478[1.10165],40,0_81
Pref0,0.87375[0.235979],0.872864[0.235467],0.874627[0.236481],40,0_81
Signal0,1[0],1[0],1[0],40,0_81
Hybridindex,18.0312[1.11328],18.0217[1.14296],18.0406[1.08333],41,0_81
Pref0,0.8755[0.235584],0.889394[0.22392],0.861881[0.245721],41,0_81
Signal0,1[0],1[0],1[0],41,0_81
Hybridindex,18.05[1.1068],18.0474[1.10682],18.0528[1.10677],42,0_81
Pref0,0.88275[0.227217],0.888184[0.224146],0.877049[0.230257],42,0_81
Signal0,1[0],1[0],1[0],42,0_81
Hybridindex,18.08[1.09241],18.0323[1.09718],18.1269[1.08566],43,0_81
Pref0,0.879[0.228821],0.874369[0.231498],0.883548[0.226068],43,0_81
Signal0,1[0],1[0],1[0],43,0_81
Hybridindex,18.1035[1.08006],18.1165[1.0882],18.0905[1.07171],44,0_81
Pref0,0.872[0.2353],0.871[0.236345],0.873[0.234246],44,0_81
Signal0,1[0],1[0],1[0],44,0_81
Hybridindex,18.11[1.08554],18.1166[1.11285],18.1036[1.05828],45,0_81
Pref0,0.87825[0.232491],0.88641[0.223557],0.870316[0.240595],45,0_81
Signal0,1[0],1[0],1[0],45,0_81
Hybridindex,18.1373[1.07461],18.1489[1.09412],18.126[1.05525],46,0_81
Pref0,0.8785[0.236617],0.884654[0.230231],0.872539[0.242493],46,0_81
Signal0,1[0],1[0],1[0],46,0_81
Hybridindex,18.1435[1.07861],18.1049[1.08227],18.1822[1.07354],47,0_81
Pref0,0.8805[0.230152],0.879121[0.234134],0.881882[0.226082],47,0_81
Signal0,1[0],1[0],1[0],47,0_81
Hybridindex,18.1148[1.08026],18.1657[1.06769],18.0633[1.09039],48,0_81
Pref0,0.877[0.226652],0.88408[0.22136],0.869849[0.231654],48,0_81
Signal0,1[0],1[0],1[0],48,0_81
Hybridindex,18.1118[1.06261],18.1397[1.05567],18.0835[1.06884],49,0_81
Pref0,0.8765[0.233982],0.872763[0.236386],0.880282[0.231463],49,0_81
Signal0,1[0],1[0],1[0],49,0_81
Hybridindex,18.1085[1.05355],18.066[1.05049],18.1517[1.0549],50,0_81
Pref0,0.8725[0.238734],0.87252[0.237524],0.87248[0.239957],50,0_81
Signal0,1[0],1[0],1[0],50,0_81
Hybridindex,18.0725[1.09373],18.059[1.07325],18.0863[1.11402],51,0_81
Pref0,0.872[0.23636],0.869177[0.241262],0.874874[0.231226],51,0_81
Signal0,1[0],1[0],1[0],51,0_81
Hybridindex,18.0978[1.08527],18.0791[1.07898],18.1169[1.09135],52,0_81
Pref0,0.879[0.228274],0.880435[0.22235],0.87753[0.234178],52,0_81
Signal0,1[0],1[0],1[0],52,0_81
Hybridindex,18.1137[1.07932],18.1616[1.06732],18.0642[1.08941],53,0_81
Pref0,0.875[0.236379],0.873281[0.233814],0.876782[0.238995],53,0_81
Signal0,1[0],1[0],1[0],53,0_81
Hybridindex,18.072[1.06879],18.0707[1.07081],18.0734[1.06669],54,0_81
Pref0,0.87375[0.231162],0.873405[0.231625],0.874108[0.23068],54,0_81
Signal0,1[0],1[0],1[0],54,0_81
Hybridindex,18.0652[1.06495],18.108[1.0597],18.0237[1.06839],55,0_81
Pref0,0.86425[0.243304],0.864097[0.238932],0.864398[0.247482],55,0_81
Signal0,1[0],1[0],1[0],55,0_81
Hybridindex,18.0792[1.02766],18.1021[1.03582],18.0576[1.01938],56,0_81
Pref0,0.8675[0.238104],0.864615[0.238863],0.870244[0.237348],56,0_81
Signal0,1[0],1[0],1[0],56,0_81
Hybridindex,18.0792[1.01469],18.044[1.02936],18.1154[0.998149],57,0_81
Pref0,0.86875[0.238009],0.868083[0.241739],0.869433[0.234125],57,0_81
Signal0,1[0],1[0],1[0],57,0_81
Hybridindex,18.0795[1.02795],18.0806[1.04148],18.0783[1.01303],58,0_81
Pref0,0.8655[0.241163],0.858925[0.246398],0.872651[0.235129],58,0_81
Signal0,1[0],1[0],1[0],58,0_81
Hybridindex,18.0667[1.02295],18.0603[1.02853],18.0733[1.01725],59,0_81
Pref0,0.8615[0.244577],0.86504[0.243364],0.857932[0.245742],59,0_81
Signal0,1[0],1[0],1[0],59,0_81
Hybridindex,18.0502[1.04252],18.0087[1.06576],18.0896[1.01846],60,0_81
Pref0,0.859[0.242629],0.863309[0.237363],0.854917[0.247446],60,0_81
Signal0,1[0],1[0],1[0],60,0_81
Hybridindex,18.0622[1.03851],18.0778[1.04623],18.0468[1.03056],61,0_81
Pref0,0.86375[0.240439],0.865462[0.235997],0.862052[0.244754],61,0_81
Signal0,1[0],1[0],1[0],61,0_81
Hybridindex,18.129[1.05207],18.1039[1.08322],18.1536[1.01996],62,0_81
Pref0,0.8605[0.246048],0.858729[0.249565],0.86224[0.242532],62,0_81
Signal0,1[0],1[0],1[0],62,0_81
Hybridindex,18.1462[1.03343],18.1658[1.00438],18.128[1.05948],63,0_81
Pref0,0.8675[0.238104],0.863212[0.245042],0.871498[0.231377],63,0_81
Signal0,1[0],1[0],1[0],63,0_81
Hybridindex,18.1333[1.05101],18.1394[1.05664],18.1269[1.04508],64,0_81
Pref0,0.87025[0.23883],0.86948[0.238866],0.87105[0.238791],64,0_81
Signal0,1[0],1[0],1[0],64,0_81
Hybridindex,18.1232[1.04496],18.0958[1.07257],18.1494[1.01725],65,0_81
Pref0,0.88025[0.2248],0.880635[0.22485],0.879883[0.224752],65,0_81
Signal0,1[0],1[0],1[0],65,0_81
Hybridindex,18.152[1.0714],18.1492[1.07637],18.1549[1.06628],66,0_81
Pref0,0.87025[0.236199],0.871047[0.23612],0.869433[0.236277],66,0_81
Signal0,1[0],1[0],1[0],66,0_81
Hybridindex,18.151[1.06099],18.1533[1.06798],18.1488[1.05402],67,0_81
Pref0,0.87425[0.236246],0.876884[0.233325],0.871642[0.239073],67,0_81
Signal0,1[0],1[0],1[0],67,0_81
Hybridindex,18.1895[1.04156],18.1793[1.02835],18.2001[1.05497],68,0_81
Pref0,0.87575[0.233317],0.876719[0.235124],0.874745[0.231425],68,0_81
Signal0,1[0],1[0],1[0],68,0_81
Hybridindex,18.1878[1.05018],18.1751[1.04417],18.2001[1.05587],69,0_81
Pref0,0.8795[0.225787],0.876518[0.230374],0.882411[0.221178],69,0_81
Signal0,1[0],1[0],1[0],69,0_81
Hybridindex,18.1627[1.04098],18.1359[1.03919],18.1889[1.04206],70,0_81
Pref0,0.87275[0.237028],0.876775[0.235703],0.868836[0.238245],70,0_81
Signal0,1[0],1[0],1[0],70,0_81
Hybridindex,18.192[1.03833],18.1855[1.04384],18.1988[1.03248],71,0_81
Pref0,0.87525[0.231436],0.872559[0.236178],0.878074[0.226318],71,0_81
Signal0,1[0],1[0],1[0],71,0_81
Hybridindex,18.173[1.02094],18.1631[1.01419],18.1834[1.02788],72,0_81
Pref0,0.87625[0.233583],0.876953[0.230692],0.875512[0.236576],72,0_81
Signal0,1[0],1[0],1[0],72,0_81
Hybridindex,18.1752[1.04877],18.1999[1.03029],18.1509[1.06611],73,0_81
Pref0,0.87075[0.23328],0.874119[0.231604],0.867428[0.234873],73,0_81
Signal0,1[0],1[0],1[0],73,0_81
Hybridindex,18.1678[1.05011],18.1655[1.04056],18.17[1.05929],74,0_81
Pref0,0.8765[0.230212],0.880711[0.229175],0.872414[0.231141],74,0_81
Signal0,1[0],1[0],1[0],74,0_81
Hybridindex,18.167[1.02047],18.1925[1.01039],18.1405[1.03015],75,0_81
Pref0,0.87075[0.236473],0.871807[0.23563],0.869654[0.237339],75,0_81
Signal0,1[0],1[0],1[0],75,0_81
Hybridindex,18.1645[1.03014],18.153[1.04474],18.1757[1.0155],76,0_81
Pref0,0.8745[0.229673],0.874747[0.22801],0.874257[0.231291],76,0_81
Signal0,1[0],1[0],1[0],76,0_81
Hybridindex,18.1642[1.01175],18.1588[1.00667],18.1699[1.01696],77,0_81
Pref0,0.8735[0.232374],0.87414[0.231259],0.872838[0.23352],77,0_81
Signal0,1[0],1[0],1[0],77,0_81
Hybridindex,18.1955[0.992109],18.2178[0.975499],18.1721[1.00871],78,0_81
Pref0,0.8735[0.23611],0.876953[0.233845],0.869877[0.238408],78,0_81
Signal0,1[0],1[0],1[0],78,0_81
Hybridindex,18.1833[1.01466],18.1849[1.00405],18.1816[1.02553],79,0_81
Pref0,0.8765[0.232911],0.877581[0.231512],0.875381[0.234346],79,0_81
Signal0,1[0],1[0],1[0],79,0_81
Hybridindex,18.1612[1.01187],18.1466[1.01426],18.1758[1.00928],80,0_81
Pref0,0.86825[0.241385],0.86998[0.234804],0.866534[0.24773],80,0_81
Signal0,1[0],1[0],1[0],80,0_81
Hybridindex,18.165[0.974436],18.1291[0.973436],18.1989[0.974165],81,0_81
Pref0,0.882[0.223777],0.876029[0.228638],0.887646[0.218932],81,0_81
Signal0,1[0],1[0],1[0],81,0_81
Hybridindex,18.1883[0.992566],18.1744[1.00333],18.2026[0.98107],82,0_81
Pref0,0.8765[0.234516],0.875737[0.237726],0.877291[0.231139],82,0_81
Signal0,1[0],1[0],1[0],82,0_81
Hybridindex,18.1328[1.00088],18.1396[1.02485],18.1254[0.974455],83,0_81
Pref0,0.87475[0.231165],0.872947[0.232696],0.876684[0.229497],83,0_81
Signal0,1[0],1[0],1[0],83,0_81
Hybridindex,18.1285[1.00087],18.1313[1.00207],18.1257[0.999674],84,0_81
Pref0,0.8795[0.234478],0.882294[0.231408],0.87674[0.237439],84,0_81
Signal0,1[0],1[0],1[0],84,0_81
Hybridindex,18.121[1.01716],18.1195[1.01509],18.1226[1.01934],85,0_81
Pref0,0.88225[0.228057],0.880952[0.232589],0.883625[0.223145],85,0_81
Signal0,1[0],1[0],1[0],85,0_81
Hybridindex,18.114[1.00735],18.1134[1.0239],18.1146[0.990789],86,0_81
Pref0,0.87625[0.234651],0.882056[0.228293],0.870536[0.240607],86,0_81
Signal0,1[0],1[0],1[0],86,0_81
Hybridindex,18.166[1.01965],18.1578[1.02427],18.1747[1.01465],87,0_81
Pref0,0.8795[0.229085],0.879126[0.224043],0.879897[0.234318],87,0_81
Signal0,1[0],1[0],1[0],87,0_81
Hybridindex,18.1543[1.02058],18.1583[1.04004],18.1503[1.00155],88,0_81
Pref0,0.8785[0.231274],0.883555[0.22537],0.873653[0.236695],88,0_81
Signal0,1[0],1[0],1[0],88,0_81
Hybridindex,18.1475[1.02054],18.1531[0.992081],18.1422[1.04712],89,0_81
Pref0,0.883[0.223184],0.883673[0.218386],0.882353[0.227696],89,0_81
Signal0,1[0],1[0],1[0],89,0_81
Hybridindex,18.128[0.986466],18.1133[0.977887],18.1431[0.994934],90,0_81
Pref0,0.882[0.224891],0.879822[0.229282],0.884226[0.22029],90,0_81
Signal0,1[0],1[0],1[0],90,0_81
Hybridindex,18.1423[0.994681],18.1382[0.994617],18.1462[0.994727],91,0_81
Pref0,0.887[0.222443],0.891194[0.217069],0.882905[0.227493],91,0_81
Signal0,1[0],1[0],1[0],91,0_81
Hybridindex,18.1545[0.981264],18.1815[0.97426],18.127[0.987572],92,0_81
Pref0,0.889[0.226228],0.893849[0.221919],0.884073[0.230419],92,0_81
Signal0,1[0],1[0],1[0],92,0_81
Hybridindex,18.1695[0.970448],18.1968[0.960792],18.1424[0.979182],93,0_81
Pref0,0.88325[0.225265],0.885542[0.226178],0.880976[0.224333],93,0_81
Signal0,1[0],1[0],1[0],93,0_81
Hybridindex,18.1528[1.02007],18.1157[1.01702],18.1887[1.02174],94,0_81
Pref0,0.876[0.234785],0.876142[0.237135],0.875862[0.232482],94,0_81
Signal0,1[0],1[0],1[0],94,0_81
Hybridindex,18.1537[1.00759],18.1198[1.00543],18.1865[1.00859],95,0_81
Pref0,0.8735[0.237693],0.878695[0.232578],0.868499[0.242409],95,0_81
Signal0,1[0],1[0],1[0],95,0_81
Hybridindex,18.1288[1.0024],18.1243[1.00084],18.1334[1.004],96,0_81
Pref0,0.86725[0.243931],0.862524[0.249137],0.872188[0.23827],96,0_81
Signal0,1[0],1[0],1[0],96,0_81
Hybridindex,18.1358[0.986887],18.1306[0.975937],18.1406[0.997188],97,0_81
Pref0,0.87575[0.234919],0.882172[0.226226],0.869629[0.242757],97,0_81
Signal0,1[0],1[0],1[0],97,0_81
Hybridindex,18.15[0.984759],18.1618[0.976886],18.1391[0.99186],98,0_81
Pref0,0.8805[0.230152],0.873049[0.238168],0.887392[0.222257],98,0_81
Signal0,1[0],1[0],1[0],98,0_81
Hybridindex,18.1635[1.00026],18.1871[0.981319],18.1405[1.01792],99,0_81
Pref0,0.876[0.233182],0.875126[0.233296],0.876855[0.233068],99,0_81
Signal0,1[0],1[0],1[0],99,0_81
Hybridindex,18.1313[0.986736],18.1518[1.00307],18.1096[0.968687],100,0_81
Pref0,0.88[0.229891],0.889105[0.21912],0.87037[0.240384],100,0_81
Signal0,1[0],1[0],1[0],100,0_81
Hybridindex,12.23[8.22965],12.1557[8.30697],12.3046[8.1506],1,0_82
Pref0,0.6115[0.411482],0.607784[0.415348],0.61523[0.40753],1,0_82
Signal0,0.6115[0.411482],0.607784[0.415348],0.61523[0.40753],1,0_82
Hybridindex,15.1218[6.13537],15.0461[6.2179],15.1894[6.05984],2,0_82
Pref0,0.755[0.335373],0.748411[0.341355],0.76089[0.329823],2,0_82
Signal0,0.7545[0.339823],0.748941[0.345214],0.75947[0.334853],2,0_82
Hybridindex,16.7755[3.92337],16.9002[3.85324],16.6552[3.98616],3,0_82
Pref0,0.83925[0.265112],0.844196[0.262492],0.834479[0.267528],3,0_82
Signal0,0.8645[0.246251],0.86558[0.247712],0.863458[0.24483],3,0_82
Hybridindex,17.4468[2.52147],17.334[2.58809],17.5622[2.44596],4,0_82
Pref0,0.86625[0.237141],0.867095[0.237065],0.865385[0.237216],4,0_82
Signal0,0.9295[0.176861],0.924407[0.183206],0.934717[0.169958],4,0_82
Hybridindex,17.5763[1.95827],17.5839[1.97207],17.5682[1.94362],5,0_82
Pref0,0.87225[0.237813],0.874146[0.234292],0.870256[0.241443],5,0_82
Signal0,0.96825[0.12193],0.966829[0.124439],0.969744[0.119217],5,0_82
Hybridindex,17.6442[1.6755],17.6946[1.67412],17.5899[1.6753],6,0_82
Pref0,0.88275[0.228314],0.882948[0.230247],0.882536[0.22621],6,0_82
Signal0,0.9835[0.0893183],0.985549[0.0837652],0.981289[0.0948968],6,0_82
Hybridindex,17.702[1.46499],17.686[1.50119],17.7173[1.42946],7,0_82
Pref0,0.88675[0.227595],0.893443[0.219253],0.880371[0.235094],7,0_82
Signal0,0.99125[0.0655625],0.991803[0.0634915],0.990723[0.067473],7,0_82
Hybridindex,17.7015[1.37918],17.7162[1.35725],17.6873[1.39991],8,0_82
Pref0,0.891[0.217644],0.883011[0.225636],0.898722[0.20934],8,0_82
Signal0,0.9945[0.0521512],0.992879[0.0592437],0.996067[0.0441712],8,0_82
Hybridindex,17.6717[1.3656],17.6465[1.38031],17.6966[1.35048],9,0_82
Pref0,0.897[0.211284],0.907855[0.198987],0.886296[0.222228],9,0_82
Signal0,0.9985[0.027345],0.999496[0.015859],0.997517[0.0351447],9,0_82
Hybridindex,17.6552[1.32364],17.5852[1.34149],17.7203[1.30347],10,0_82
Pref0,0.895[0.219602],0.891485[0.225365],0.898264[0.21406],10,0_82
Signal0,0.9985[0.027345],0.997923[0.0321576],0.999036[0.021937],10,0_82
Hybridindex,17.6625[1.3196],17.6889[1.30584],17.6366[1.33244],11,0_82
Pref0,0.89525[0.215992],0.885859[0.226082],0.904455[0.205204],11,0_82
Signal0,0.9995[0.0158035],0.999495[0.015883],0.999505[0.0157251],11,0_82
Hybridindex,17.6265[1.35028],17.6145[1.36727],17.6388[1.3325],12,0_82
Pref0,0.9015[0.208681],0.89388[0.218453],0.909321[0.197846],12,0_82
Signal0,0.99975[0.0111775],0.999506[0.0157018],1[0],12,0_82
Hybridindex,17.64[1.35919],17.6562[1.34837],17.6241[1.3695],13,0_82
Pref0,0.90875[0.200121],0.911527[0.196039],0.906034[0.203999],13,0_82
Signal0,1[0],1[0],1[0],13,0_82
Hybridindex,17.631[1.30665],17.6505[1.34515],17.612[1.26773],14,0_82
Pref0,0.9095[0.204474],0.907801[0.204087],0.911155[0.204838],14,0_82
Signal0,1[0],1[0],1[0],14,0_82
Hybridindex,17.6253[1.29805],17.6425[1.29639],17.6075[1.29952],15,0_82
Pref0,0.91325[0.197736],0.913215[0.200745],0.913286[0.194592],15,0_82
Signal0,1[0],1[0],1[0],15,0_82
Hybridindex,17.62[1.28825],17.5941[1.26154],17.6461[1.31412],16,0_82
Pref0,0.91875[0.191111],0.912351[0.197814],0.925201[0.183882],16,0_82
Signal0,1[0],1[0],1[0],16,0_82
Hybridindex,17.6773[1.25716],17.6764[1.24156],17.6781[1.27233],17,0_82
Pref0,0.91675[0.195434],0.914315[0.197557],0.919147[0.193291],17,0_82
Signal0,1[0],1[0],1[0],17,0_82
Hybridindex,17.6515[1.24892],17.6486[1.26508],17.6544[1.23234],18,0_82
Pref0,0.92025[0.188454],0.92495[0.182711],0.915493[0.193977],18,0_82
Signal0,1[0],1[0],1[0],18,0_82
Hybridindex,17.689[1.29963],17.6621[1.32593],17.7156[1.27243],19,0_82
Pref0,0.9285[0.182038],0.937249[0.175931],0.919821[0.187497],19,0_82
Signal0,1[0],1[0],1[0],19,0_82
Hybridindex,17.6917[1.27097],17.7167[1.27362],17.6662[1.26773],20,0_82
Pref0,0.931[0.181629],0.931392[0.181802],0.930598[0.18145],20,0_82
Signal0,1[0],1[0],1[0],20,0_82
Hybridindex,17.7248[1.24914],17.7269[1.25501],17.7227[1.24332],21,0_82
Pref0,0.9295[0.178269],0.932093[0.172758],0.926938[0.183515],21,0_82
Signal0,1[0],1[0],1[0],21,0_82
Hybridindex,17.6938[1.25073],17.6917[1.20671],17.6959[1.29496],22,0_82
Pref0,0.92825[0.181596],0.934804[0.171254],0.921429[0.19153],22,0_82
Signal0,1[0],1[0],1[0],22,0_82
Hybridindex,17.7398[1.22949],17.7538[1.21424],17.7259[1.24419],23,0_82
Pref0,0.92675[0.183737],0.933535[0.174142],0.92006[0.192498],23,0_82
Signal0,1[0],1[0],1[0],23,0_82
Hybridindex,17.7605[1.20878],17.7655[1.21919],17.7555[1.19821],24,0_82
Pref0,0.92425[0.18678],0.922655[0.188903],0.925852[0.184611],24,0_82
Signal0,1[0],1[0],1[0],24,0_82
Hybridindex,17.7922[1.20175],17.8065[1.19413],17.7771[1.20963],25,0_82
Pref0,0.9185[0.196489],0.925315[0.187508],0.911249[0.205365],25,0_82
Signal0,1[0],1[0],1[0],25,0_82
Hybridindex,17.798[1.2154],17.7827[1.20738],17.8135[1.2233],26,0_82
Pref0,0.92175[0.189742],0.928571[0.181913],0.914819[0.197137],26,0_82
Signal0,1[0],1[0],1[0],26,0_82
Hybridindex,17.7928[1.19443],17.8256[1.18988],17.7587[1.19818],27,0_82
Pref0,0.9265[0.184656],0.933694[0.179429],0.919043[0.189634],27,0_82
Signal0,1[0],1[0],1[0],27,0_82
Hybridindex,17.7413[1.17534],17.7865[1.15708],17.6941[1.19226],28,0_82
Pref0,0.92725[0.187303],0.923604[0.190471],0.931052[0.183864],28,0_82
Signal0,1[0],1[0],1[0],28,0_82
Hybridindex,17.7123[1.19377],17.7478[1.16235],17.6744[1.22518],29,0_82
Pref0,0.928[0.181152],0.92871[0.181625],0.927245[0.180644],29,0_82
Signal0,1[0],1[0],1[0],29,0_82
Hybridindex,17.727[1.21808],17.7246[1.23144],17.7295[1.20451],30,0_82
Pref0,0.9265[0.185331],0.926647[0.183823],0.926353[0.186833],30,0_82
Signal0,1[0],1[0],1[0],30,0_82
Hybridindex,17.7503[1.22505],17.7446[1.23357],17.7556[1.21696],31,0_82
Pref0,0.9255[0.188944],0.924665[0.190053],0.926285[0.187892],31,0_82
Signal0,1[0],1[0],1[0],31,0_82
Hybridindex,17.7557[1.16939],17.7228[1.15473],17.7883[1.1828],32,0_82
Pref0,0.9275[0.180952],0.923541[0.18546],0.931412[0.176298],32,0_82
Signal0,1[0],1[0],1[0],32,0_82
Hybridindex,17.7458[1.14988],17.7266[1.14222],17.7635[1.15665],33,0_82
Pref0,0.9265[0.186005],0.926715[0.185446],0.926301[0.186521],33,0_82
Signal0,1[0],1[0],1[0],33,0_82
Hybridindex,17.7155[1.16707],17.6708[1.17809],17.7608[1.15402],34,0_82
Pref0,0.925[0.185405],0.924528[0.184461],0.925478[0.186356],34,0_82
Signal0,1[0],1[0],1[0],34,0_82
Hybridindex,17.7345[1.15716],17.7275[1.17768],17.7417[1.13575],35,0_82
Pref0,0.93425[0.173355],0.936202[0.172647],0.932255[0.174053],35,0_82
Signal0,1[0],1[0],1[0],35,0_82
Hybridindex,17.7013[1.18517],17.7197[1.20908],17.6825[1.16006],36,0_82
Pref0,0.9345[0.17381],0.933036[0.174602],0.935988[0.172987],36,0_82
Signal0,1[0],1[0],1[0],36,0_82
Hybridindex,17.6755[1.18224],17.7171[1.18399],17.6367[1.17929],37,0_82
Pref0,0.936[0.171476],0.939378[0.1679],0.93285[0.174686],37,0_82
Signal0,1[0],1[0],1[0],37,0_82
Hybridindex,17.6717[1.16496],17.6722[1.14053],17.6713[1.1898],38,0_82
Pref0,0.93875[0.166203],0.936703[0.169185],0.940877[0.163021],38,0_82
Signal0,1[0],1[0],1[0],38,0_82
Hybridindex,17.6567[1.19103],17.6565[1.17318],17.657[1.21061],39,0_82
Pref0,0.9415[0.164553],0.942125[0.161438],0.940803[0.167953],39,0_82
Signal0,1[0],1[0],1[0],39,0_82
Hybridindex,17.6513[1.1931],17.6353[1.19969],17.6682[1.18582],40,0_82
Pref0,0.93975[0.170279],0.938894[0.173821],0.94066[0.166423],40,0_82
Signal0,1[0],1[0],1[0],40,0_82
Hybridindex,17.662[1.18174],17.6273[1.16754],17.6949[1.19413],41,0_82
Pref0,0.944[0.167672],0.942505[0.171897],0.945419[0.163548],41,0_82
Signal0,1[0],1[0],1[0],41,0_82
Hybridindex,17.656[1.19097],17.6109[1.23819],17.7007[1.14044],42,0_82
Pref0,0.948[0.155068],0.957329[0.139695],0.938745[0.168432],42,0_82
Signal0,1[0],1[0],1[0],42,0_82
Hybridindex,17.6348[1.18013],17.5744[1.1996],17.697[1.15644],43,0_82
Pref0,0.94225[0.165952],0.941379[0.169793],0.943147[0.161893],43,0_82
Signal0,1[0],1[0],1[0],43,0_82
Hybridindex,17.6247[1.13878],17.6539[1.1218],17.5976[1.15371],44,0_82
Pref0,0.9445[0.164072],0.949741[0.160351],0.939614[0.16732],44,0_82
Signal0,1[0],1[0],1[0],44,0_82
Hybridindex,17.6318[1.15099],17.657[1.12221],17.6065[1.17852],45,0_82
Pref0,0.94275[0.163852],0.936[0.172928],0.9495[0.153947],45,0_82
Signal0,1[0],1[0],1[0],45,0_82
Hybridindex,17.648[1.19618],17.6434[1.20159],17.6524[1.19091],46,0_82
Pref0,0.94275[0.164613],0.945575[0.16055],0.94002[0.168402],46,0_82
Signal0,1[0],1[0],1[0],46,0_82
Hybridindex,17.6435[1.18064],17.6082[1.20191],17.6761[1.15966],47,0_82
Pref0,0.938[0.173655],0.940687[0.167987],0.935515[0.178701],47,0_82
Signal0,1[0],1[0],1[0],47,0_82
Hybridindex,17.66[1.17533],17.6159[1.15911],17.7045[1.18984],48,0_82
Pref0,0.94075[0.166176],0.945771[0.157071],0.935678[0.174746],48,0_82
Signal0,1[0],1[0],1[0],48,0_82
Hybridindex,17.646[1.19663],17.6847[1.18921],17.6037[1.20328],49,0_82
Pref0,0.94725[0.15682],0.946411[0.154669],0.948168[0.159135],49,0_82
Signal0,1[0],1[0],1[0],49,0_82
Hybridindex,17.661[1.16601],17.6725[1.15426],17.6489[1.17813],50,0_82
Pref0,0.95275[0.147114],0.955166[0.144549],0.950205[0.149726],50,0_82
Signal0,1[0],1[0],1[0],50,0_82
Hybridindex,17.717[1.13772],17.7244[1.09837],17.7097[1.17541],51,0_82
Pref0,0.95625[0.14564],0.953815[0.149885],0.958665[0.141261],51,0_82
Signal0,1[0],1[0],1[0],51,0_82
Hybridindex,17.7142[1.14509],17.6772[1.12872],17.7531[1.16074],52,0_82
Pref0,0.9595[0.140035],0.95752[0.146249],0.961578[0.133172],52,0_82
Signal0,1[0],1[0],1[0],52,0_82
Hybridindex,17.735[1.14914],17.728[1.18411],17.7425[1.11036],53,0_82
Pref0,0.957[0.142832],0.956039[0.144963],0.958031[0.140503],53,0_82
Signal0,1[0],1[0],1[0],53,0_82
Hybridindex,17.6965[1.17692],17.6762[1.17036],17.7165[1.18301],54,0_82
Pref0,0.95775[0.142618],0.95569[0.145598],0.959782[0.139588],54,0_82
Signal0,1[0],1[0],1[0],54,0_82
Hybridindex,17.696[1.14808],17.6814[1.14045],17.71[1.15513],55,0_82
Pref0,0.96075[0.139048],0.957992[0.14414],0.963379[0.133963],55,0_82
Signal0,1[0],1[0],1[0],55,0_82
Hybridindex,17.7067[1.14788],17.7304[1.16226],17.6834[1.13301],56,0_82
Pref0,0.96075[0.137239],0.95674[0.144099],0.964712[0.129984],56,0_82
Signal0,1[0],1[0],1[0],56,0_82
Hybridindex,17.7048[1.14464],17.7087[1.15921],17.7011[1.13093],57,0_82
Pref0,0.96025[0.140694],0.958463[0.14353],0.961909[0.137989],57,0_82
Signal0,1[0],1[0],1[0],57,0_82
Hybridindex,17.7072[1.13112],17.671[1.13863],17.7433[1.12244],58,0_82
Pref0,0.96325[0.133321],0.962889[0.132966],0.963609[0.133672],58,0_82
Signal0,1[0],1[0],1[0],58,0_82
Hybridindex,17.6852[1.1472],17.6624[1.14843],17.7087[1.14545],59,0_82
Pref0,0.96425[0.128829],0.966436[0.125121],0.962006[0.132489],59,0_82
Signal0,1[0],1[0],1[0],59,0_82
Hybridindex,17.7188[1.14303],17.7217[1.11046],17.7157[1.17564],60,0_82
Pref0,0.9615[0.13608],0.958128[0.142014],0.964975[0.12959],60,0_82
Signal0,1[0],1[0],1[0],60,0_82
Hybridindex,17.7615[1.13341],17.7662[1.14067],17.7569[1.12623],61,0_82
Pref0,0.968[0.124403],0.966162[0.12759],0.969802[0.12117],61,0_82
Signal0,1[0],1[0],1[0],61,0_82
Hybridindex,17.8553[1.10382],17.8804[1.07704],17.8312[1.12833],62,0_82
Pref0,0.9695[0.121736],0.970859[0.1193],0.9682[0.124009],62,0_82
Signal0,1[0],1[0],1[0],62,0_82
Hybridindex,17.8642[1.13938],17.8286[1.14613],17.8971[1.13213],63,0_82
Pref0,0.96975[0.121285],0.971354[0.1162],0.968269[0.125778],63,0_82
Signal0,1[0],1[0],1[0],63,0_82
Hybridindex,17.8545[1.10287],17.8462[1.11541],17.8638[1.08869],64,0_82
Pref0,0.97175[0.11652],0.969136[0.122288],0.974657[0.109678],64,0_82
Signal0,1[0],1[0],1[0],64,0_82
Hybridindex,17.879[1.09035],17.8733[1.095],17.8851[1.08527],65,0_82
Pref0,0.9725[0.115081],0.97158[0.11783],0.973493[0.112031],65,0_82
Signal0,1[0],1[0],1[0],65,0_82
Hybridindex,17.8865[1.08541],17.8913[1.11651],17.8816[1.05259],66,0_82
Pref0,0.96775[0.122821],0.969368[0.119908],0.966093[0.125713],66,0_82
Signal0,1[0],1[0],1[0],66,0_82
Hybridindex,17.9103[1.07253],17.9499[1.05978],17.8722[1.08325],67,0_82
Pref0,0.96625[0.126436],0.969867[0.121116],0.962782[0.13124],67,0_82
Signal0,1[0],1[0],1[0],67,0_82
Hybridindex,17.9352[1.05579],17.9534[1.0421],17.9155[1.0701],68,0_82
Pref0,0.96575[0.129236],0.966378[0.129],0.965068[0.129488],68,0_82
Signal0,1[0],1[0],1[0],68,0_82
Hybridindex,17.9288[1.06691],17.9294[1.04825],17.9281[1.08471],69,0_82
Pref0,0.96125[0.136468],0.960406[0.138725],0.962069[0.134236],69,0_82
Signal0,1[0],1[0],1[0],69,0_82
Hybridindex,17.917[1.0497],17.9001[1.0631],17.9333[1.03637],70,0_82
Pref0,0.9625[0.131696],0.964322[0.128709],0.960746[0.134485],70,0_82
Signal0,1[0],1[0],1[0],70,0_82
Hybridindex,17.9307[1.08343],17.9116[1.05515],17.9502[1.11105],71,0_82
Pref0,0.95925[0.140408],0.958292[0.141801],0.960222[0.138975],71,0_82
Signal0,1[0],1[0],1[0],71,0_82
Hybridindex,17.9035[1.06416],17.8537[1.10133],17.9538[1.02279],72,0_82
Pref0,0.95825[0.141887],0.956716[0.142358],0.959799[0.141393],72,0_82
Signal0,1[0],1[0],1[0],72,0_82
Hybridindex,17.9157[1.08916],17.8987[1.10656],17.9318[1.07238],73,0_82
Pref0,0.959[0.139889],0.959152[0.140675],0.958858[0.139149],73,0_82
Signal0,1[0],1[0],1[0],73,0_82
Hybridindex,17.9037[1.08966],17.947[1.08152],17.8605[1.09603],74,0_82
Pref0,0.9585[0.143275],0.9585[0.141519],0.9585[0.145009],74,0_82
Signal0,1[0],1[0],1[0],74,0_82
Hybridindex,17.8897[1.13588],17.9641[1.12657],17.8168[1.14022],75,0_82
Pref0,0.95675[0.143194],0.960606[0.138402],0.95297[0.147642],75,0_82
Signal0,1[0],1[0],1[0],75,0_82
Hybridindex,17.8945[1.11663],17.9163[1.12539],17.8718[1.10698],76,0_82
Pref0,0.9655[0.12771],0.966699[0.126614],0.964249[0.12883],76,0_82
Signal0,1[0],1[0],1[0],76,0_82
Hybridindex,17.9085[1.08519],17.9068[1.085],17.9102[1.08536],77,0_82
Pref0,0.9655[0.126727],0.960993[0.134097],0.969891[0.118944],77,0_82
Signal0,1[0],1[0],1[0],77,0_82
Hybridindex,17.879[1.09058],17.8616[1.09135],17.8951[1.08962],78,0_82
Pref0,0.961[0.136854],0.952133[0.152325],0.969201[0.120212],78,0_82
Signal0,1[0],1[0],1[0],78,0_82
Hybridindex,17.8845[1.09734],17.9247[1.07599],17.8442[1.11692],79,0_82
Pref0,0.96325[0.133321],0.961577[0.133174],0.96493[0.133447],79,0_82
Signal0,1[0],1[0],1[0],79,0_82
Hybridindex,17.9017[1.06851],17.9064[1.06777],17.8971[1.06924],80,0_82
Pref0,0.96275[0.136885],0.963147[0.134403],0.962349[0.13934],80,0_82
Signal0,1[0],1[0],1[0],80,0_82
Hybridindex,17.8837[1.0947],17.909[1.12212],17.8591[1.06661],81,0_82
Pref0,0.9695[0.120705],0.96815[0.124162],0.970821[0.11721],81,0_82
Signal0,1[0],1[0],1[0],81,0_82
Hybridindex,17.897[1.09802],17.8939[1.0728],17.9001[1.12261],82,0_82
Pref0,0.968[0.125403],0.97047[0.119972],0.965534[0.130552],82,0_82
Signal0,1[0],1[0],1[0],82,0_82
Hybridindex,17.8965[1.10885],17.9266[1.08797],17.8664[1.12858],83,0_82
Pref0,0.9695[0.120705],0.965534[0.128625],0.973473[0.11207],83,0_82
Signal0,1[0],1[0],1[0],83,0_82
Hybridindex,17.8573[1.09316],17.8495[1.08911],17.8646[1.09696],84,0_82
Pref0,0.96625[0.126436],0.967758[0.122806],0.964809[0.129791],84,0_82
Signal0,1[0],1[0],1[0],84,0_82
Hybridindex,17.888[1.10644],17.9272[1.11392],17.8513[1.0981],85,0_82
Pref0,0.9655[0.128685],0.962293[0.135884],0.968508[0.121468],85,0_82
Signal0,1[0],1[0],1[0],85,0_82
Hybridindex,17.8968[1.09189],17.8989[1.07465],17.8946[1.10899],86,0_82
Pref0,0.96425[0.133592],0.963645[0.13361],0.964859[0.133572],86,0_82
Signal0,1[0],1[0],1[0],86,0_82
Hybridindex,17.902[1.05967],17.9087[1.06143],17.8947[1.0577],87,0_82
Pref0,0.96575[0.128265],0.964938[0.131387],0.966632[0.124782],87,0_82
Signal0,1[0],1[0],1[0],87,0_82
Hybridindex,17.929[1.05556],17.9158[1.0478],17.9418[1.0629],88,0_82
Pref0,0.96975[0.121285],0.96856[0.125482],0.970907[0.117047],88,0_82
Signal0,1[0],1[0],1[0],88,0_82
Hybridindex,17.9305[1.0496],17.936[1.04932],17.9252[1.04985],89,0_82
Pref0,0.96925[0.125218],0.974923[0.113724],0.963832[0.135064],89,0_82
Signal0,1[0],1[0],1[0],89,0_82
Hybridindex,17.9495[1.03535],17.9762[1.02119],17.9244[1.04784],90,0_82
Pref0,0.97[0.12083],0.965393[0.128929],0.974322[0.112536],90,0_82
Signal0,1[0],1[0],1[0],90,0_82
Hybridindex,17.9468[1.06878],17.9985[1.04331],17.8916[1.09253],91,0_82
Pref0,0.97275[0.115682],0.971387[0.12024],0.9742[0.110609],91,0_82
Signal0,1[0],1[0],1[0],91,0_82
Hybridindex,17.9163[1.03228],17.9197[1.01894],17.9129[1.04518],92,0_82
Pref0,0.976[0.108046],0.981313[0.0948379],0.970792[0.119356],92,0_82
Signal0,1[0],1[0],1[0],92,0_82
Hybridindex,17.9408[1.04421],17.9797[1.03791],17.903[1.0489],93,0_82
Pref0,0.975[0.108972],0.974619[0.109755],0.975369[0.108206],93,0_82
Signal0,1[0],1[0],1[0],93,0_82
Hybridindex,17.9605[1.04352],17.98[1.06956],17.9399[1.01491],94,0_82
Pref0,0.9755[0.107934],0.974684[0.109623],0.976362[0.106115],94,0_82
Signal0,1[0],1[0],1[0],94,0_82
Hybridindex,17.9913[1.03757],17.995[1.0239],17.9875[1.0511],95,0_82
Pref0,0.976[0.109197],0.979042[0.102659],0.972946[0.115309],95,0_82
Signal0,1[0],1[0],1[0],95,0_82
Hybridindex,17.991[1.02527],17.9929[1.02804],17.9892[1.02257],96,0_82
Pref0,0.9785[0.102654],0.980183[0.0975491],0.97687[0.107341],96,0_82
Signal0,1[0],1[0],1[0],96,0_82
Hybridindex,18.0182[1.05109],18.0248[1.05989],18.0118[1.04242],97,0_82
Pref0,0.9775[0.104851],0.972617[0.113762],0.982249[0.095151],97,0_82
Signal0,1[0],1[0],1[0],97,0_82
Hybridindex,18.0167[1.01407],17.9876[1.02137],18.0464[1.00572],98,0_82
Pref0,0.97775[0.104307],0.975719[0.109757],0.979818[0.0984049],98,0_82
Signal0,1[0],1[0],1[0],98,0_82
Hybridindex,18.0108[1.02908],17.9801[1.02216],18.0402[1.03483],99,0_82
Pref0,0.9765[0.105819],0.972932[0.113144],0.979922[0.0981633],99,0_82
Signal0,1[0],1[0],1[0],99,0_82
Hybridindex,18.0583[1.035],18.0457[1.05343],18.0706[1.01628],100,0_82
Pref0,0.97675[0.107631],0.976884[0.104993],0.976617[0.110181],100,0_82
Signal0,1[0],1[0],1[0],100,0_82
Hybridindex,12.23[8.25997],12.5617[8.13475],11.9163[8.36455],1,0_83
Pref0,0.6115[0.412998],0.628086[0.406738],0.595817[0.418228],1,0_83
Signal0,0.6115[0.412998],0.628086[0.406738],0.595817[0.418228],1,0_83
Hybridindex,14.7957[6.06557],14.8086[5.99887],14.7833[6.12958],2,0_83
Pref0,0.7405[0.335276],0.741117[0.332633],0.739901[0.33782],2,0_83
Signal0,0.742[0.33606],0.744162[0.3327],0.739901[0.339275],2,0_83
Hybridindex,16.45[4.07492],16.57[3.91792],16.3383[4.21269],3,0_83
Pref0,0.8265[0.280887],0.825207[0.284082],0.827703[0.277876],3,0_83
Signal0,0.84775[0.261142],0.862552[0.248519],0.833977[0.271639],3,0_83
Hybridindex,17.0415[2.74577],17.0743[2.75087],17.009[2.74033],4,0_83
Pref0,0.8585[0.246937],0.850402[0.247903],0.866534[0.245711],4,0_83
Signal0,0.91475[0.191331],0.917169[0.191214],0.912351[0.191417],4,0_83
Hybridindex,17.2838[2.04092],17.3539[1.9672],17.2103[2.11287],5,0_83
Pref0,0.8705[0.23818],0.874878[0.238077],0.865916[0.238202],5,0_83
Signal0,0.95925[0.136801],0.956989[0.140198],0.961617[0.13311],5,0_83
Hybridindex,17.2695[1.79698],17.2458[1.81694],17.2935[1.77626],6,0_83
Pref0,0.872[0.238466],0.866667[0.24154],0.877387[0.235197],6,0_83
Signal0,0.98075[0.0962],0.982587[0.0916693],0.978894[0.100535],6,0_83
Hybridindex,17.2598[1.63398],17.2666[1.65482],17.253[1.61302],7,0_83
Pref0,0.8695[0.239207],0.870984[0.238535],0.868028[0.239862],7,0_83
Signal0,0.988[0.0765245],0.989458[0.0718328],0.986554[0.0808845],7,0_83
Hybridindex,17.3143[1.57301],17.3039[1.60638],17.3248[1.53837],8,0_83
Pref0,0.87725[0.23411],0.869911[0.239907],0.884693[0.227839],8,0_83
Signal0,0.99475[0.0509651],0.992552[0.0605678],0.996979[0.0387485],8,0_83
Hybridindex,17.3133[1.4861],17.3252[1.49321],17.3006[1.47846],9,0_83
Pref0,0.87825[0.233564],0.874391[0.238252],0.882323[0.22844],9,0_83
Signal0,0.999[0.0223383],0.998539[0.0269842],0.999486[0.016021],9,0_83
Hybridindex,17.3107[1.44622],17.2721[1.44812],17.3483[1.44339],10,0_83
Pref0,0.88025[0.22975],0.882741[0.229116],0.877833[0.230338],10,0_83
Signal0,1[0],1[0],1[0],10,0_83
Hybridindex,17.308[1.44183],17.2813[1.43493],17.3345[1.44818],11,0_83
Pref0,0.8825[0.22404],0.881645[0.225136],0.88335[0.222941],11,0_83
Signal0,1[0],1[0],1[0],11,0_83
Hybridindex,17.2903[1.43226],17.2953[1.47243],17.2852[1.391],12,0_83
Pref0,0.87575[0.233317],0.873874[0.239093],0.877622[0.227392],12,0_83
Signal0,1[0],1[0],1[0],12,0_83
Hybridindex,17.3128[1.41785],17.3423[1.38246],17.2829[1.45212],13,0_83
Pref0,0.8685[0.240744],0.875622[0.23277],0.861307[0.248332],13,0_83
Signal0,1[0],1[0],1[0],13,0_83
Hybridindex,17.3475[1.37386],17.3899[1.34839],17.3067[1.39673],14,0_83
Pref0,0.88025[0.22975],0.88634[0.230403],0.874387[0.228966],14,0_83
Signal0,1[0],1[0],1[0],14,0_83
Hybridindex,17.3502[1.33621],17.3676[1.3276],17.3335[1.34425],15,0_83
Pref0,0.87575[0.23545],0.874236[0.232795],0.87721[0.237975],15,0_83
Signal0,1[0],1[0],1[0],15,0_83
Hybridindex,17.3573[1.30948],17.3543[1.27337],17.3602[1.34427],16,0_83
Pref0,0.87775[0.232766],0.878392[0.229234],0.877114[0.236209],16,0_83
Signal0,1[0],1[0],1[0],16,0_83
Hybridindex,17.3637[1.30941],17.4246[1.28494],17.3019[1.33098],17,0_83
Pref0,0.885[0.22644],0.883433[0.228334],0.886593[0.224488],17,0_83
Signal0,1[0],1[0],1[0],17,0_83
Hybridindex,17.339[1.34678],17.3546[1.34482],17.3233[1.34858],18,0_83
Pref0,0.87775[0.228429],0.87749[0.22743],0.878012[0.229432],18,0_83
Signal0,1[0],1[0],1[0],18,0_83
Hybridindex,17.3328[1.31145],17.3132[1.32781],17.3517[1.2951],19,0_83
Pref0,0.88625[0.221779],0.881218[0.228885],0.891133[0.214545],19,0_83
Signal0,1[0],1[0],1[0],19,0_83
Hybridindex,17.3317[1.28911],17.3039[1.29501],17.3585[1.28286],20,0_83
Pref0,0.88575[0.225437],0.882022[0.226271],0.889324[0.224576],20,0_83
Signal0,1[0],1[0],1[0],20,0_83
Hybridindex,17.353[1.27706],17.3889[1.26931],17.318[1.28359],21,0_83
Pref0,0.87825[0.231413],0.889452[0.2262],0.867357[0.235862],21,0_83
Signal0,1[0],1[0],1[0],21,0_83
Hybridindex,17.328[1.25565],17.3559[1.23833],17.2995[1.27245],22,0_83
Pref0,0.874[0.233182],0.882673[0.226569],0.865152[0.239418],22,0_83
Signal0,1[0],1[0],1[0],22,0_83
Hybridindex,17.3777[1.28547],17.4134[1.26986],17.3414[1.3002],23,0_83
Pref0,0.87175[0.233296],0.867327[0.240094],0.876263[0.22606],23,0_83
Signal0,1[0],1[0],1[0],23,0_83
Hybridindex,17.395[1.30508],17.376[1.29871],17.4126[1.31072],24,0_83
Pref0,0.8655[0.240644],0.862033[0.244547],0.868726[0.23691],24,0_83
Signal0,1[0],1[0],1[0],24,0_83
Hybridindex,17.413[1.27796],17.3997[1.31539],17.4265[1.2387],25,0_83
Pref0,0.87875[0.227867],0.873386[0.233931],0.884189[0.221416],25,0_83
Signal0,1[0],1[0],1[0],25,0_83
Hybridindex,17.4183[1.28158],17.3917[1.2564],17.444[1.30494],26,0_83
Pref0,0.88725[0.224527],0.885554[0.22525],0.888889[0.223814],26,0_83
Signal0,1[0],1[0],1[0],26,0_83
Hybridindex,17.3897[1.30546],17.3995[1.29717],17.3793[1.31421],27,0_83
Pref0,0.89075[0.22009],0.889855[0.219669],0.89171[0.220536],27,0_83
Signal0,1[0],1[0],1[0],27,0_83
Hybridindex,12.65[8.23271],12.9285[8.08523],12.3596[8.37389],1,0_84
Pref0,0.6325[0.411635],0.646425[0.404262],0.617978[0.418694],1,0_84
Signal0,0.6325[0.411635],0.646425[0.404262],0.617978[0.418694],1,0_84
Hybridindex,15.3108[5.89831],15.3801[5.88259],15.2396[5.91356],2,0_84
Pref0,0.76675[0.324761],0.768016[0.325737],0.765451[0.323751],2,0_84
Signal0,0.76325[0.325307],0.770977[0.325559],0.755319[0.324856],2,0_84
Hybridindex,17.0362[3.7574],17.002[3.78589],17.0711[3.72784],3,0_84
Pref0,0.8515[0.257289],0.854311[0.257848],0.848638[0.256688],3,0_84
Signal0,0.8625[0.246665],0.860753[0.248256],0.864279[0.245022],3,0_84
Hybridindex,17.7067[2.41963],17.6025[2.4645],17.8142[2.36772],4,0_84
Pref0,0.88425[0.226334],0.880296[0.225703],0.888325[0.22691],4,0_84
Signal0,0.92425[0.182721],0.923645[0.183916],0.924873[0.181479],4,0_84
Hybridindex,17.937[1.82758],17.9471[1.84065],17.9265[1.81378],5,0_84
Pref0,0.89575[0.216811],0.894221[0.218121],0.897344[0.215424],5,0_84
Signal0,0.96275[0.131291],0.962292[0.132031],0.963228[0.130514],5,0_84
Hybridindex,18.0242[1.4935],18.0025[1.46514],18.0457[1.5207],6,0_84
Pref0,0.9[0.211542],0.898893[0.211797],0.901093[0.211284],6,0_84
Signal0,0.9815[0.0943809],0.9834[0.0895782],0.979622[0.0988616],6,0_84
Hybridindex,18.0312[1.36689],18.0122[1.36071],18.0496[1.37257],7,0_84
Pref0,0.8975[0.215044],0.892457[0.22098],0.902355[0.209055],7,0_84
Signal0,0.99125[0.0655625],0.988787[0.0740324],0.993621[0.0561134],7,0_84
Hybridindex,18.0195[1.27156],18.0511[1.25799],17.9874[1.28438],8,0_84
Pref0,0.8955[0.212908],0.900199[0.211909],0.890735[0.21381],8,0_84
Signal0,0.99775[0.0334655],0.997517[0.0351447],0.997986[0.0316701],8,0_84
Hybridindex,18.0093[1.23259],18.0025[1.22727],18.0161[1.23796],9,0_84
Pref0,0.889[0.224564],0.890486[0.221824],0.887487[0.22731],9,0_84
Signal0,0.99975[0.0111775],1[0],0.999495[0.015875],9,0_84
Hybridindex,18.038[1.24752],18.0757[1.26037],17.9974[1.23224],10,0_84
Pref0,0.88775[0.223663],0.894407[0.219993],0.880582[0.22733],10,0_84
Signal0,1[0],1[0],1[0],10,0_84
Hybridindex,18.0377[1.19329],18.0405[1.17572],18.0352[1.2098],11,0_84
Pref0,0.88375[0.229915],0.882172[0.23071],0.885254[0.229144],11,0_84
Signal0,1[0],1[0],1[0],11,0_84
Hybridindex,18.0368[1.20043],18.0686[1.18134],18.0068[1.21737],12,0_84
Pref0,0.87275[0.2365],0.879897[0.230995],0.866019[0.241377],12,0_84
Signal0,1[0],1[0],1[0],12,0_84
Hybridindex,18.017[1.21046],18.0467[1.19574],17.9869[1.22447],13,0_84
Pref0,0.8735[0.23558],0.874876[0.235259],0.872105[0.235896],13,0_84
Signal0,1[0],1[0],1[0],13,0_84
Hybridindex,17.9815[1.22215],17.9661[1.22317],17.9975[1.22089],14,0_84
Pref0,0.872[0.23899],0.87684[0.233994],0.866972[0.243969],14,0_84
Signal0,1[0],1[0],1[0],14,0_84
Hybridindex,17.9632[1.22975],17.9656[1.23677],17.9611[1.22325],15,0_84
Pref0,0.8785[0.229647],0.874217[0.229807],0.882438[0.229429],15,0_84
Signal0,1[0],1[0],1[0],15,0_84
Hybridindex,17.978[1.19583],17.9701[1.17472],17.986[1.21665],16,0_84
Pref0,0.87975[0.227299],0.879362[0.232895],0.88014[0.221527],16,0_84
Signal0,1[0],1[0],1[0],16,0_84
Hybridindex,18.0018[1.16581],18.0064[1.18107],17.9969[1.14967],17,0_84
Pref0,0.88475[0.23204],0.892752[0.226774],0.876404[0.23712],17,0_84
Signal0,1[0],1[0],1[0],17,0_84
Hybridindex,17.9688[1.15148],17.997[1.14673],17.9405[1.15551],18,0_84
Pref0,0.8765[0.230755],0.875[0.234254],0.878[0.227192],18,0_84
Signal0,1[0],1[0],1[0],18,0_84
Hybridindex,17.947[1.15356],17.8914[1.14785],18.0057[1.15665],19,0_84
Pref0,0.87375[0.234917],0.873418[0.238758],0.874101[0.230793],19,0_84
Signal0,1[0],1[0],1[0],19,0_84
Hybridindex,17.9608[1.14295],17.9604[1.13436],17.9611[1.15167],20,0_84
Pref0,0.87125[0.238324],0.863007[0.244173],0.879676[0.23189],20,0_84
Signal0,1[0],1[0],1[0],20,0_84
Hybridindex,17.9698[1.15994],17.9829[1.15638],17.9566[1.16332],21,0_84
Pref0,0.866[0.240923],0.866098[0.238841],0.865902[0.242975],21,0_84
Signal0,1[0],1[0],1[0],21,0_84
Hybridindex,17.993[1.12103],17.9759[1.11876],18.0107[1.12308],22,0_84
Pref0,0.86075[0.24695],0.855315[0.249471],0.866362[0.244194],22,0_84
Signal0,1[0],1[0],1[0],22,0_84
Hybridindex,18.0665[1.10106],18.0714[1.08296],18.0617[1.11867],23,0_84
Pref0,0.85775[0.247265],0.863317[0.245382],0.852239[0.248993],23,0_84
Signal0,1[0],1[0],1[0],23,0_84
Hybridindex,18.0783[1.13754],18.0633[1.15001],18.0926[1.12524],24,0_84
Pref0,0.8615[0.246613],0.860714[0.246894],0.862255[0.24634],24,0_84
Signal0,1[0],1[0],1[0],24,0_84
Hybridindex,18.029[1.16196],18.0088[1.12531],18.0501[1.19863],25,0_84
Pref0,0.8585[0.246937],0.870225[0.238455],0.846272[0.254909],25,0_84
Signal0,1[0],1[0],1[0],25,0_84
Hybridindex,18.0532[1.13888],18.0663[1.11961],18.0399[1.15805],26,0_84
Pref0,0.85875[0.247838],0.858416[0.246266],0.859091[0.24943],26,0_84
Signal0,1[0],1[0],1[0],26,0_84
Hybridindex,18.0487[1.10871],18.0679[1.09908],18.029[1.11823],27,0_84
Pref0,0.852[0.250192],0.858268[0.242182],0.845528[0.258042],27,0_84
Signal0,1[0],1[0],1[0],27,0_84
Hybridindex,18.0577[1.10263],18.0898[1.09736],18.029[1.10656],28,0_84
Pref0,0.847[0.255129],0.848469[0.256911],0.845679[0.253509],28,0_84
Signal0,1[0],1[0],1[0],28,0_84
Hybridindex,18.0482[1.09661],18.0567[1.09792],18.0407[1.09538],29,0_84
Pref0,0.83375[0.265492],0.840933[0.254628],0.827342[0.274663],29,0_84
Signal0,1[0],1[0],1[0],29,0_84
Hybridindex,18.0212[1.10144],18.0538[1.11115],17.9885[1.09058],30,0_84
Pref0,0.82725[0.266988],0.826195[0.274081],0.828313[0.259637],30,0_84
Signal0,1[0],1[0],1[0],30,0_84
Hybridindex,18.0212[1.14179],18.0086[1.11224],18.0337[1.17],31,0_84
Pref0,0.816[0.277298],0.813004[0.280521],0.818948[0.274057],31,0_84
Signal0,1[0],1[0],1[0],31,0_84
Hybridindex,18.0332[1.14533],18.0005[1.16658],18.0668[1.12214],32,0_84
Pref0,0.81325[0.267394],0.813241[0.264318],0.813259[0.270508],32,0_84
Signal0,1[0],1[0],1[0],32,0_84
Hybridindex,18.0512[1.13413],18.0169[1.12214],18.084[1.14448],33,0_84
Pref0,0.812[0.276416],0.807889[0.27578],0.815918[0.276965],33,0_84
Signal0,1[0],1[0],1[0],33,0_84
Hybridindex,18.023[1.15368],17.9701[1.1605],18.078[1.14396],34,0_84
Pref0,0.8065[0.280727],0.799804[0.288238],0.813456[0.272532],34,0_84
Signal0,1[0],1[0],1[0],34,0_84
Hybridindex,18.0485[1.14177],18.0489[1.13003],18.0481[1.15275],35,0_84
Pref0,0.817[0.272509],0.827497[0.26822],0.807094[0.276129],35,0_84
Signal0,1[0],1[0],1[0],35,0_84
Hybridindex,18.0467[1.13101],18.0403[1.09973],18.0525[1.15818],36,0_84
Pref0,0.81625[0.270852],0.819194[0.268381],0.813623[0.273012],36,0_84
Signal0,1[0],1[0],1[0],36,0_84
Hybridindex,18.0323[1.12153],18.0179[1.13899],18.0469[1.10332],37,0_84
Pref0,0.80425[0.28028],0.801091[0.283244],0.80746[0.277199],37,0_84
Signal0,1[0],1[0],1[0],37,0_84
Hybridindex,18.0443[1.12079],18.0275[1.14105],18.0617[1.09908],38,0_84
Pref0,0.817[0.27159],0.813543[0.272331],0.820591[0.270771],38,0_84
Signal0,1[0],1[0],1[0],38,0_84
Hybridindex,18.0708[1.11786],18.044[1.14609],18.0982[1.08751],39,0_84
Pref0,0.821[0.274243],0.83004[0.268149],0.811741[0.280044],39,0_84
Signal0,1[0],1[0],1[0],39,0_84
Hybridindex,18.081[1.09473],18.0822[1.08302],18.0799[1.10613],40,0_84
Pref0,0.82825[0.266227],0.829133[0.257524],0.827381[0.27452],40,0_84
Signal0,1[0],1[0],1[0],40,0_84
Hybridindex,18.1002[1.10751],18.1098[1.08608],18.0907[1.12853],41,0_84
Pref0,0.835[0.260816],0.84481[0.246974],0.82515[0.273658],41,0_84
Signal0,1[0],1[0],1[0],41,0_84
Hybridindex,18.1322[1.06414],18.1431[1.06553],18.1206[1.0625],42,0_84
Pref0,0.83925[0.255508],0.833333[0.256264],0.845634[0.254536],42,0_84
Signal0,1[0],1[0],1[0],42,0_84
Hybridindex,18.1457[1.07918],18.1621[1.06253],18.1299[1.09484],43,0_84
Pref0,0.841[0.2583],0.837398[0.262848],0.844488[0.253769],43,0_84
Signal0,1[0],1[0],1[0],43,0_84
Hybridindex,18.2018[1.03859],18.2185[1.04846],18.1852[1.0285],44,0_84
Pref0,0.85025[0.247891],0.852971[0.244854],0.847567[0.250821],44,0_84
Signal0,1[0],1[0],1[0],44,0_84
Hybridindex,18.1657[1.05707],18.1731[1.05721],18.1579[1.05687],45,0_84
Pref0,0.85275[0.246865],0.85451[0.24656],0.850877[0.247175],45,0_84
Signal0,1[0],1[0],1[0],45,0_84
Hybridindex,18.1693[1.03874],18.2135[1.03798],18.1262[1.03767],46,0_84
Pref0,0.85525[0.247331],0.851927[0.249505],0.858481[0.245154],46,0_84
Signal0,1[0],1[0],1[0],46,0_84
Hybridindex,18.1747[1.03445],18.2156[1.0136],18.1338[1.05338],47,0_84
Pref0,0.844[0.259642],0.851796[0.251228],0.836172[0.267596],47,0_84
Signal0,1[0],1[0],1[0],47,0_84
Hybridindex,18.1825[1.04017],18.1625[1.05629],18.2013[1.02443],48,0_84
Pref0,0.838[0.26078],0.836945[0.263417],0.838991[0.258273],48,0_84
Signal0,1[0],1[0],1[0],48,0_84
Hybridindex,18.165[1.06091],18.1454[1.07263],18.1838[1.04917],49,0_84
Pref0,0.837[0.258227],0.841327[0.255703],0.832843[0.260561],49,0_84
Signal0,1[0],1[0],1[0],49,0_84
Hybridindex,18.1708[1.0584],18.154[1.08103],18.1879[1.03453],50,0_84
Pref0,0.8365[0.266022],0.837624[0.269525],0.835354[0.262395],50,0_84
Signal0,1[0],1[0],1[0],50,0_84
Hybridindex,18.2055[1.06502],18.2503[1.04897],18.1615[1.07875],51,0_84
Pref0,0.84225[0.258824],0.836024[0.265021],0.848365[0.252441],51,0_84
Signal0,1[0],1[0],1[0],51,0_84
Hybridindex,18.18[1.05207],18.1897[1.07579],18.1707[1.02891],52,0_84
Pref0,0.84275[0.261529],0.847692[0.255468],0.838049[0.267082],52,0_84
Signal0,1[0],1[0],1[0],52,0_84
Hybridindex,18.187[1.06197],18.1324[1.08469],18.2413[1.03605],53,0_84
Pref0,0.8455[0.250259],0.845537[0.247784],0.845464[0.252696],53,0_84
Signal0,1[0],1[0],1[0],53,0_84
Hybridindex,18.1645[1.0221],18.1655[1.0074],18.1635[1.03659],54,0_84
Pref0,0.845[0.259278],0.8515[0.253373],0.8385[0.264892],54,0_84
Signal0,1[0],1[0],1[0],54,0_84
Hybridindex,18.2003[1.0343],18.2272[1.026],18.1721[1.04214],55,0_84
Pref0,0.83975[0.259702],0.853085[0.250294],0.825843[0.268458],55,0_84
Signal0,1[0],1[0],1[0],55,0_84
Hybridindex,18.1883[1.03691],18.1667[1.04849],18.2101[1.02462],56,0_84
Pref0,0.83675[0.259758],0.839801[0.261469],0.833668[0.257982],56,0_84
Signal0,1[0],1[0],1[0],56,0_84
Hybridindex,18.2065[1.01691],18.2047[1.0223],18.2082[1.01174],57,0_84
Pref0,0.83625[0.265633],0.834698[0.269678],0.837732[0.261703],57,0_84
Signal0,1[0],1[0],1[0],57,0_84
Hybridindex,18.2132[1.0244],18.2014[1.04062],18.226[1.00664],58,0_84
Pref0,0.841[0.25538],0.853824[0.245831],0.827301[0.264515],58,0_84
Signal0,1[0],1[0],1[0],58,0_84
Hybridindex,18.2072[0.986368],18.2347[0.970493],18.1809[1.00067],59,0_84
Pref0,0.83625[0.260405],0.833673[0.257319],0.838725[0.263313],59,0_84
Signal0,1[0],1[0],1[0],59,0_84
Hybridindex,18.1872[1.00825],18.2082[0.992749],18.1662[1.0232],60,0_84
Pref0,0.83575[0.261528],0.837151[0.26144],0.834337[0.261609],60,0_84
Signal0,1[0],1[0],1[0],60,0_84
Hybridindex,18.205[1.02016],18.2278[0.99747],18.1815[1.04246],61,0_84
Pref0,0.8435[0.255945],0.830868[0.26692],0.856491[0.243461],61,0_84
Signal0,1[0],1[0],1[0],61,0_84
Hybridindex,18.192[1.03544],18.1734[1.00211],18.2114[1.06875],62,0_84
Pref0,0.84425[0.252719],0.842801[0.250405],0.845761[0.255101],62,0_84
Signal0,1[0],1[0],1[0],62,0_84
Hybridindex,18.185[1.0286],18.2058[0.986728],18.1642[1.06851],63,0_84
Pref0,0.84675[0.256689],0.849151[0.251314],0.844344[0.261943],63,0_84
Signal0,1[0],1[0],1[0],63,0_84
Hybridindex,18.1743[0.989198],18.1683[0.984765],18.1807[0.993937],64,0_84
Pref0,0.843[0.255638],0.8375[0.263186],0.848958[0.247064],64,0_84
Signal0,1[0],1[0],1[0],64,0_84
Hybridindex,18.245[0.961626],18.2697[0.967393],18.2208[0.95532],65,0_84
Pref0,0.83375[0.256877],0.835354[0.259492],0.832178[0.254279],65,0_84
Signal0,1[0],1[0],1[0],65,0_84
Hybridindex,18.2248[0.95098],18.2231[0.939157],18.2264[0.962493],66,0_84
Pref0,0.8325[0.264469],0.833333[0.259107],0.831678[0.269649],66,0_84
Signal0,1[0],1[0],1[0],66,0_84
Hybridindex,18.1915[0.98111],18.1896[0.992283],18.1934[0.969874],67,0_84
Pref0,0.84025[0.261925],0.836008[0.269546],0.844467[0.254053],67,0_84
Signal0,1[0],1[0],1[0],67,0_84
Hybridindex,18.213[0.96999],18.2425[0.941058],18.1836[0.997107],68,0_84
Pref0,0.8395[0.262659],0.841182[0.258284],0.837824[0.266934],68,0_84
Signal0,1[0],1[0],1[0],68,0_84
Hybridindex,18.22[0.988357],18.2336[0.980375],18.2063[0.996152],69,0_84
Pref0,0.84575[0.25413],0.84512[0.252805],0.846386[0.255456],69,0_84
Signal0,1[0],1[0],1[0],69,0_84
Hybridindex,18.2153[1.00227],18.223[0.990785],18.2073[1.01381],70,0_84
Pref0,0.84[0.264858],0.838279[0.266509],0.841759[0.263148],70,0_84
Signal0,1[0],1[0],1[0],70,0_84
Hybridindex,18.2168[0.989391],18.24[0.991082],18.1924[0.987032],71,0_84
Pref0,0.8465[0.256783],0.855816[0.246149],0.836745[0.267118],71,0_84
Signal0,1[0],1[0],1[0],71,0_84
Hybridindex,18.2293[1.00452],18.2324[1.04953],18.2262[0.959379],72,0_84
Pref0,0.8555[0.251236],0.855975[0.25103],0.855044[0.251434],72,0_84
Signal0,1[0],1[0],1[0],72,0_84
Hybridindex,18.208[0.99611],18.1613[1.01802],18.2535[0.972179],73,0_84
Pref0,0.8555[0.251236],0.853955[0.253714],0.857002[0.248795],73,0_84
Signal0,1[0],1[0],1[0],73,0_84
Hybridindex,18.225[0.964171],18.1872[0.984442],18.2596[0.943903],74,0_84
Pref0,0.85[0.252982],0.845711[0.254648],0.853927[0.251383],74,0_84
Signal0,1[0],1[0],1[0],74,0_84
Hybridindex,18.2095[0.959614],18.2342[0.936437],18.1857[0.980863],75,0_84
Pref0,0.8465[0.253846],0.849796[0.249429],0.84332[0.257995],75,0_84
Signal0,1[0],1[0],1[0],75,0_84
Hybridindex,18.1735[0.996192],18.1998[0.976244],18.1474[1.01492],76,0_84
Pref0,0.8445[0.255577],0.843373[0.259491],0.845618[0.25163],76,0_84
Signal0,1[0],1[0],1[0],76,0_84
Hybridindex,18.1625[1.02584],18.2011[1.02372],18.1214[1.0265],77,0_84
Pref0,0.8495[0.253673],0.849806[0.253311],0.849174[0.254057],77,0_84
Signal0,1[0],1[0],1[0],77,0_84
Hybridindex,18.1608[0.992489],18.1865[0.964822],18.1366[1.01717],78,0_84
Pref0,0.85625[0.246903],0.847107[0.251795],0.864826[0.24191],78,0_84
Signal0,1[0],1[0],1[0],78,0_84
Hybridindex,18.1735[1.01582],18.1557[1.01183],18.1904[1.0193],79,0_84
Pref0,0.8605[0.246048],0.855601[0.250307],0.865141[0.241853],79,0_84
Signal0,1[0],1[0],1[0],79,0_84
Hybridindex,18.1663[0.996612],18.1173[1.00618],18.2138[0.984914],80,0_84
Pref0,0.858[0.242045],0.851269[0.248776],0.864532[0.235146],80,0_84
Signal0,1[0],1[0],1[0],80,0_84
Hybridindex,18.1755[1.01917],18.209[1.01438],18.1417[1.02286],81,0_84
Pref0,0.852[0.24361],0.857711[0.238471],0.846231[0.24856],81,0_84
Signal0,1[0],1[0],1[0],81,0_84
Hybridindex,18.2048[0.999726],18.1608[1.01979],18.2513[0.97586],82,0_84
Pref0,0.8535[0.252067],0.855199[0.252152],0.851699[0.251964],82,0_84
Signal0,1[0],1[0],1[0],82,0_84
Hybridindex,18.2135[1.02074],18.19[1.037],18.2401[1.00132],83,0_84
Pref0,0.84825[0.253667],0.844309[0.258411],0.852721[0.2481],83,0_84
Signal0,1[0],1[0],1[0],83,0_84
Hybridindex,18.2333[1.00136],18.2753[0.98938],18.1937[1.01092],84,0_84
Pref0,0.856[0.244467],0.861856[0.242386],0.850485[0.246283],84,0_84
Signal0,1[0],1[0],1[0],84,0_84
Hybridindex,18.2312[0.982038],18.2694[1.00025],18.1927[0.96172],85,0_84
Pref0,0.8615[0.245087],0.865805[0.248021],0.857143[0.242003],85,0_84
Signal0,1[0],1[0],1[0],85,0_84
Hybridindex,18.218[0.973769],18.2406[0.979731],18.1961[0.967443],86,0_84
Pref0,0.85175[0.254258],0.845685[0.259918],0.857635[0.2485],86,0_84
Signal0,1[0],1[0],1[0],86,0_84
Hybridindex,18.199[0.960026],18.1864[0.952293],18.2118[0.967621],87,0_84
Pref0,0.855[0.245917],0.853877[0.246284],0.856137[0.245539],87,0_84
Signal0,1[0],1[0],1[0],87,0_84
Hybridindex,18.1578[1.00386],18.1492[0.992122],18.1668[1.01608],88,0_84
Pref0,0.8555[0.242115],0.851312[0.24596],0.859938[0.237892],88,0_84
Signal0,1[0],1[0],1[0],88,0_84
Hybridindex,18.1713[1.0004],18.1929[0.993489],18.15[1.00667],89,0_84
Pref0,0.8495[0.258069],0.842929[0.260779],0.855941[0.255221],89,0_84
Signal0,1[0],1[0],1[0],89,0_84
Hybridindex,18.1388[1.04768],18.1991[1.02881],18.0757[1.06338],90,0_84
Pref0,0.83725[0.259109],0.841977[0.255524],0.832311[0.262712],90,0_84
Signal0,1[0],1[0],1[0],90,0_84
Hybridindex,18.1217[1.04669],18.1355[1.01679],18.1089[1.07376],91,0_84
Pref0,0.84825[0.255141],0.848501[0.258376],0.848015[0.252075],91,0_84
Signal0,1[0],1[0],1[0],91,0_84
Hybridindex,18.1205[1.01562],18.0918[1.03498],18.1472[0.99652],92,0_84
Pref0,0.85275[0.259215],0.842324[0.266632],0.862452[0.25173],92,0_84
Signal0,1[0],1[0],1[0],92,0_84
Hybridindex,18.1045[1.00465],18.1297[0.986902],18.0776[1.02259],93,0_84
Pref0,0.83725[0.264835],0.827202[0.270179],0.847983[0.258573],93,0_84
Signal0,1[0],1[0],1[0],93,0_84
Hybridindex,18.0835[1.03297],18.0915[1.02097],18.0755[1.04477],94,0_84
Pref0,0.8335[0.265571],0.841[0.264989],0.826[0.26594],94,0_84
Signal0,1[0],1[0],1[0],94,0_84
Hybridindex,18.092[1.01688],18.0866[0.986917],18.0972[1.04521],95,0_84
Pref0,0.82925[0.270129],0.83232[0.26631],0.826259[0.273765],95,0_84
Signal0,1[0],1[0],1[0],95,0_84
Hybridindex,18.0768[1.02408],18.0833[1.01435],18.0697[1.0343],96,0_84
Pref0,0.831[0.263987],0.826066[0.269634],0.83626[0.257726],96,0_84
Signal0,1[0],1[0],1[0],96,0_84
Hybridindex,18.0445[1.04212],18.0218[1.09163],18.0665[0.991223],97,0_84
Pref0,0.83575[0.265795],0.846701[0.255601],0.825123[0.27491],97,0_84
Signal0,1[0],1[0],1[0],97,0_84
Hybridindex,18.0787[1.0109],18.0421[1.02538],18.12[0.992779],98,0_84
Pref0,0.8475[0.248483],0.841682[0.252084],0.854034[0.24421],98,0_84
Signal0,1[0],1[0],1[0],98,0_84
Hybridindex,18.071[1.0041],18.0502[1.00425],18.0917[1.00351],99,0_84
Pref0,0.8465[0.252364],0.847041[0.250223],0.845962[0.254474],99,0_84
Signal0,1[0],1[0],1[0],99,0_84
Hybridindex,18.0697[0.993861],18.0586[0.987051],18.0808[1.00047],100,0_84
Pref0,0.84125[0.257242],0.844188[0.257203],0.838323[0.257247],100,0_84
Signal0,1[0],1[0],1[0],100,0_84
Hybridindex,12.68[8.21082],12.6725[8.17393],12.688[8.24974],1,0_85
Pref0,0.634[0.410541],0.633625[0.408696],0.634398[0.412487],1,0_85
Signal0,0.634[0.410541],0.633625[0.408696],0.634398[0.412487],1,0_85
Hybridindex,15.289[6.05644],15.1726[6.01758],15.4065[6.09319],2,0_85
Pref0,0.7645[0.335469],0.757711[0.335692],0.771357[0.335105],2,0_85
Signal0,0.76825[0.329647],0.764677[0.328718],0.771859[0.330543],2,0_85
Hybridindex,16.8433[3.93046],16.8463[3.94743],16.8401[3.9128],3,0_85
Pref0,0.8455[0.260537],0.843811[0.262536],0.847251[0.258437],3,0_85
Signal0,0.865[0.25005],0.865914[0.252584],0.864053[0.247392],3,0_85
Hybridindex,17.5335[2.53093],17.5062[2.60183],17.5636[2.45001],4,0_85
Pref0,0.88325[0.223035],0.882745[0.219579],0.883807[0.226783],4,0_85
Signal0,0.9285[0.179966],0.925167[0.184932],0.932177[0.17425],4,0_85
Hybridindex,17.7707[1.86817],17.7307[1.8787],17.8106[1.85679],5,0_85
Pref0,0.897[0.214805],0.898696[0.210717],0.895314[0.218779],5,0_85
Signal0,0.95925[0.136801],0.956871[0.140373],0.961615[0.133113],5,0_85
Hybridindex,17.8472[1.58313],17.8711[1.53642],17.8224[1.62995],6,0_85
Pref0,0.9065[0.213325],0.909804[0.20699],0.903061[0.219672],6,0_85
Signal0,0.9795[0.0991451],0.979902[0.0982094],0.979082[0.100108],6,0_85
Hybridindex,17.8822[1.43091],17.8521[1.44727],17.913[1.41333],7,0_85
Pref0,0.905[0.207906],0.895648[0.212704],0.91456[0.202438],7,0_85
Signal0,0.9885[0.0749517],0.990109[0.0696259],0.986855[0.079997],7,0_85
Hybridindex,17.8768[1.38967],17.8551[1.41024],17.8983[1.36858],8,0_85
Pref0,0.90925[0.203444],0.913741[0.201752],0.904786[0.205014],8,0_85
Signal0,0.9945[0.0521512],0.993982[0.0545235],0.995015[0.0496757],8,0_85
Hybridindex,17.92[1.31495],17.9072[1.31787],17.9322[1.31206],9,0_85
Pref0,0.913[0.198572],0.913333[0.197229],0.912683[0.199842],9,0_85
Signal0,0.9975[0.0352668],0.997949[0.0319599],0.997073[0.0381425],9,0_85
Hybridindex,17.941[1.2449],17.9318[1.26977],17.9507[1.21808],10,0_85
Pref0,0.919[0.19089],0.922027[0.190573],0.915811[0.191172],10,0_85
Signal0,0.99875[0.0249687],0.999025[0.022054],0.99846[0.0277065],10,0_85
Hybridindex,17.9385[1.21242],17.924[1.20259],17.953[1.222],11,0_85
Pref0,0.92175[0.185747],0.9195[0.186466],0.924[0.184997],11,0_85
Signal0,0.99975[0.0111775],0.9995[0.0158035],1[0],11,0_85
Hybridindex,17.8895[1.20656],17.8764[1.18806],17.9028[1.2249],12,0_85
Pref0,0.92175[0.191708],0.920556[0.193346],0.922961[0.190024],12,0_85
Signal0,1[0],1[0],1[0],12,0_85
Hybridindex,17.882[1.21514],17.8963[1.21563],17.8683[1.21452],13,0_85
Pref0,0.91825[0.193499],0.924413[0.188826],0.912341[0.197696],13,0_85
Signal0,1[0],1[0],1[0],13,0_85
Hybridindex,17.9028[1.18096],17.9105[1.19896],17.8945[1.16156],14,0_85
Pref0,0.92075[0.189985],0.920233[0.189611],0.921296[0.190379],14,0_85
Signal0,1[0],1[0],1[0],14,0_85
Hybridindex,17.91[1.18739],17.8975[1.20645],17.9228[1.16729],15,0_85
Pref0,0.9155[0.198393],0.912808[0.201065],0.918274[0.195563],15,0_85
Signal0,1[0],1[0],1[0],15,0_85
Hybridindex,17.871[1.18506],17.8697[1.18125],17.8723[1.18883],16,0_85
Pref0,0.908[0.204416],0.915331[0.196654],0.900699[0.211613],16,0_85
Signal0,1[0],1[0],1[0],16,0_85
Hybridindex,17.9067[1.21086],17.8809[1.22759],17.9334[1.19275],17,0_85
Pref0,0.9025[0.210342],0.908957[0.202903],0.895833[0.217555],17,0_85
Signal0,1[0],1[0],1[0],17,0_85
Hybridindex,17.9348[1.1785],17.9251[1.19397],17.9442[1.16313],18,0_85
Pref0,0.9[0.21095],0.909413[0.20282],0.89081[0.218204],18,0_85
Signal0,1[0],1[0],1[0],18,0_85
Hybridindex,17.9645[1.15455],18[1.12247],17.9303[1.18361],19,0_85
Pref0,0.89575[0.217387],0.891437[0.220481],0.899902[0.214284],19,0_85
Signal0,1[0],1[0],1[0],19,0_85
Hybridindex,18.0075[1.16991],18.0112[1.16645],18.0036[1.17353],20,0_85
Pref0,0.89025[0.219841],0.886829[0.226042],0.893846[0.213068],20,0_85
Signal0,1[0],1[0],1[0],20,0_85
Hybridindex,18.022[1.13689],17.9975[1.18122],18.0459[1.09153],21,0_85
Pref0,0.90175[0.212066],0.899087[0.211747],0.904339[0.212343],21,0_85
Signal0,1[0],1[0],1[0],21,0_85
Hybridindex,17.9653[1.12957],17.9625[1.13439],17.9683[1.12431],22,0_85
Pref0,0.895[0.216737],0.897016[0.210368],0.89282[0.223398],22,0_85
Signal0,1[0],1[0],1[0],22,0_85
Hybridindex,17.959[1.16031],17.9704[1.1427],17.948[1.17688],23,0_85
Pref0,0.89775[0.208974],0.894898[0.207449],0.90049[0.210391],23,0_85
Signal0,1[0],1[0],1[0],23,0_85
Hybridindex,17.9877[1.10859],18.0005[1.12656],17.9748[1.08995],24,0_85
Pref0,0.89925[0.212072],0.899105[0.207966],0.899396[0.216148],24,0_85
Signal0,1[0],1[0],1[0],24,0_85
Hybridindex,17.959[1.1424],17.9505[1.149],17.9668[1.13621],25,0_85
Pref0,0.892[0.22324],0.889062[0.22807],0.894712[0.218652],25,0_85
Signal0,1[0],1[0],1[0],25,0_85
Hybridindex,17.9842[1.14144],17.9705[1.13713],17.9963[1.14505],26,0_85
Pref0,0.8845[0.226185],0.877814[0.228164],0.890347[0.224278],26,0_85
Signal0,1[0],1[0],1[0],26,0_85
Hybridindex,17.9585[1.16384],17.9629[1.15783],17.9545[1.16931],27,0_85
Pref0,0.8755[0.230217],0.87931[0.223514],0.872004[0.236145],27,0_85
Signal0,1[0],1[0],1[0],27,0_85
Hybridindex,17.9545[1.10247],17.9425[1.118],17.9667[1.08629],28,0_85
Pref0,0.87125[0.23302],0.873142[0.232967],0.869324[0.233059],28,0_85
Signal0,1[0],1[0],1[0],28,0_85
Hybridindex,17.9722[1.1334],18.0055[1.14558],17.9391[1.12017],29,0_85
Pref0,0.87325[0.23571],0.867234[0.242438],0.879242[0.228656],29,0_85
Signal0,1[0],1[0],1[0],29,0_85
Hybridindex,17.9845[1.12783],17.9691[1.14102],18[1.11422],30,0_85
Pref0,0.87325[0.23571],0.873752[0.235941],0.872745[0.235477],30,0_85
Signal0,1[0],1[0],1[0],30,0_85
Hybridindex,18.0027[1.12065],18.001[1.11308],18.0045[1.12811],31,0_85
Pref0,0.872[0.233701],0.87249[0.231345],0.871514[0.236014],31,0_85
Signal0,1[0],1[0],1[0],31,0_85
Hybridindex,18.0252[1.12182],18.0478[1.09461],18.003[1.14764],32,0_85
Pref0,0.869[0.236303],0.860664[0.238312],0.877237[0.234009],32,0_85
Signal0,1[0],1[0],1[0],32,0_85
Hybridindex,18.0063[1.08862],17.9898[1.10617],18.0236[1.0695],33,0_85
Pref0,0.87175[0.24016],0.874878[0.243057],0.868448[0.237019],33,0_85
Signal0,1[0],1[0],1[0],33,0_85
Hybridindex,18.0448[1.12955],18.0658[1.12252],18.0226[1.13648],34,0_85
Pref0,0.869[0.238409],0.867934[0.237463],0.870123[0.239396],34,0_85
Signal0,1[0],1[0],1[0],34,0_85
Hybridindex,18.0325[1.1053],18.0792[1.05985],17.9842[1.14845],35,0_85
Pref0,0.86275[0.24349],0.869223[0.233832],0.856053[0.252921],35,0_85
Signal0,1[0],1[0],1[0],35,0_85
Hybridindex,18.0135[1.13658],18.026[1.12565],18.001[1.14725],36,0_85
Pref0,0.8675[0.239152],0.866366[0.242835],0.868631[0.235414],36,0_85
Signal0,1[0],1[0],1[0],36,0_85
Hybridindex,18.0093[1.11626],18.0063[1.12726],18.0123[1.1046],37,0_85
Pref0,0.87675[0.229531],0.877441[0.228294],0.876025[0.230819],37,0_85
Signal0,1[0],1[0],1[0],37,0_85
Hybridindex,17.9698[1.12292],17.9227[1.12895],18.0124[1.11572],38,0_85
Pref0,0.88175[0.226146],0.876446[0.230968],0.886559[0.221574],38,0_85
Signal0,1[0],1[0],1[0],38,0_85
Hybridindex,17.9715[1.11689],17.9707[1.13212],17.9722[1.10173],39,0_85
Pref0,0.88325[0.226924],0.881433[0.225334],0.885035[0.228461],39,0_85
Signal0,1[0],1[0],1[0],39,0_85
Hybridindex,17.9902[1.10974],17.9734[1.09455],18.007[1.12434],40,0_85
Pref0,0.8795[0.230716],0.88191[0.230521],0.877114[0.230883],40,0_85
Signal0,1[0],1[0],1[0],40,0_85
Hybridindex,17.8895[1.13095],17.923[1.15068],17.856[1.10985],41,0_85
Pref0,0.8815[0.229582],0.8835[0.229516],0.8795[0.22963],41,0_85
Signal0,1[0],1[0],1[0],41,0_85
Hybridindex,17.891[1.12288],17.9291[1.10494],17.8554[1.13824],42,0_85
Pref0,0.89[0.216564],0.891822[0.215702],0.888298[0.217353],42,0_85
Signal0,1[0],1[0],1[0],42,0_85
Hybridindex,17.8865[1.14318],17.8706[1.15636],17.9024[1.12961],43,0_85
Pref0,0.8865[0.218215],0.886613[0.216411],0.886386[0.220007],43,0_85
Signal0,1[0],1[0],1[0],43,0_85
Hybridindex,17.9142[1.14029],17.8936[1.1293],17.9348[1.15073],44,0_85
Pref0,0.881[0.229867],0.888052[0.224655],0.874004[0.234715],44,0_85
Signal0,1[0],1[0],1[0],44,0_85
Hybridindex,17.9265[1.12776],17.9438[1.12471],17.9099[1.13043],45,0_85
Pref0,0.882[0.224335],0.892237[0.21883],0.872184[0.229059],45,0_85
Signal0,1[0],1[0],1[0],45,0_85
Hybridindex,17.9222[1.12554],17.9418[1.14444],17.9039[1.10712],46,0_85
Pref0,0.877[0.232101],0.876804[0.229361],0.877184[0.234653],46,0_85
Signal0,1[0],1[0],1[0],46,0_85
Hybridindex,17.9148[1.10899],17.8829[1.11131],17.9458[1.10585],47,0_85
Pref0,0.87075[0.237001],0.86359[0.242333],0.877712[0.231487],47,0_85
Signal0,1[0],1[0],1[0],47,0_85
Hybridindex,17.927[1.11329],17.9528[1.10777],17.9009[1.11825],48,0_85
Pref0,0.85675[0.245671],0.857853[0.245583],0.855634[0.245756],48,0_85
Signal0,1[0],1[0],1[0],48,0_85
Hybridindex,17.9795[1.10299],17.9577[1.1315],18.0037[1.06994],49,0_85
Pref0,0.86225[0.243208],0.863118[0.236396],0.861287[0.250546],49,0_85
Signal0,1[0],1[0],1[0],49,0_85
Hybridindex,17.972[1.0843],18.0242[1.06306],17.9185[1.10308],50,0_85
Pref0,0.86775[0.243177],0.855237[0.252541],0.880567[0.232498],50,0_85
Signal0,1[0],1[0],1[0],50,0_85
Hybridindex,17.9513[1.1077],17.9434[1.1362],17.9595[1.07687],51,0_85
Pref0,0.8705[0.233944],0.876098[0.229026],0.864615[0.238863],51,0_85
Signal0,1[0],1[0],1[0],51,0_85
Hybridindex,17.974[1.10954],18.0131[1.088],17.9353[1.12912],52,0_85
Pref0,0.8685[0.240744],0.872362[0.233587],0.864677[0.247567],52,0_85
Signal0,1[0],1[0],1[0],52,0_85
Hybridindex,17.9833[1.08759],18.0222[1.06385],17.9431[1.11009],53,0_85
Pref0,0.8725[0.234507],0.873399[0.228471],0.871574[0.240566],53,0_85
Signal0,1[0],1[0],1[0],53,0_85
Hybridindex,17.9713[1.06656],17.9784[1.04464],17.9647[1.086],54,0_85
Pref0,0.86975[0.232723],0.87592[0.22782],0.864156[0.236942],54,0_85
Signal0,1[0],1[0],1[0],54,0_85
Hybridindex,17.9565[1.09982],17.9746[1.08378],17.9383[1.11543],55,0_85
Pref0,0.86675[0.245193],0.864905[0.24447],0.868606[0.245904],55,0_85
Signal0,1[0],1[0],1[0],55,0_85
Hybridindex,17.96[1.06391],17.9911[1.04929],17.928[1.0778],56,0_85
Pref0,0.87375[0.236508],0.871302[0.236999],0.876268[0.235975],56,0_85
Signal0,1[0],1[0],1[0],56,0_85
Hybridindex,17.9503[1.07105],17.9608[1.04684],17.94[1.09385],57,0_85
Pref0,0.871[0.236345],0.869786[0.234016],0.872173[0.238569],57,0_85
Signal0,1[0],1[0],1[0],57,0_85
Hybridindex,17.932[1.08634],17.9337[1.08305],17.9303[1.08958],58,0_85
Pref0,0.875[0.234254],0.868844[0.236461],0.881095[0.231888],58,0_85
Signal0,1[0],1[0],1[0],58,0_85
Hybridindex,17.9423[1.07298],17.9135[1.09056],17.9727[1.05318],59,0_85
Pref0,0.87125[0.233556],0.868805[0.234922],0.873841[0.232072],59,0_85
Signal0,1[0],1[0],1[0],59,0_85
Hybridindex,17.9062[1.05455],17.9059[1.06587],17.9066[1.04198],60,0_85
Pref0,0.8725[0.237158],0.868195[0.241],0.87723[0.232771],60,0_85
Signal0,1[0],1[0],1[0],60,0_85
Hybridindex,17.8938[1.07452],17.8599[1.12468],17.929[1.01838],61,0_85
Pref0,0.86575[0.243623],0.873653[0.233571],0.857508[0.253419],61,0_85
Signal0,1[0],1[0],1[0],61,0_85
Hybridindex,17.9277[1.06965],17.9091[1.08596],17.9458[1.05327],62,0_85
Pref0,0.86775[0.24163],0.870051[0.238154],0.865517[0.244935],62,0_85
Signal0,1[0],1[0],1[0],62,0_85
Hybridindex,17.9325[1.08106],17.9281[1.06524],17.9371[1.09711],63,0_85
Pref0,0.86175[0.246499],0.852217[0.251757],0.871574[0.240566],63,0_85
Signal0,1[0],1[0],1[0],63,0_85
Hybridindex,17.932[1.05718],17.9243[1.06135],17.9395[1.05301],64,0_85
Pref0,0.865[0.242951],0.865792[0.243276],0.864222[0.242629],64,0_85
Signal0,1[0],1[0],1[0],64,0_85
Hybridindex,17.8995[1.06285],17.9648[1.03398],17.8348[1.08682],65,0_85
Pref0,0.8705[0.239749],0.875879[0.236008],0.865174[0.24328],65,0_85
Signal0,1[0],1[0],1[0],65,0_85
Hybridindex,17.8803[1.02739],17.9122[1.01401],17.8482[1.03967],66,0_85
Pref0,0.87775[0.23755],0.871257[0.245503],0.884269[0.229103],66,0_85
Signal0,1[0],1[0],1[0],66,0_85
Hybridindex,17.8837[1.03507],17.8785[1.033],17.8897[1.03739],67,0_85
Pref0,0.8775[0.231287],0.875704[0.225655],0.87955[0.237536],67,0_85
Signal0,1[0],1[0],1[0],67,0_85
Hybridindex,17.9062[1.04467],17.8732[1.03917],17.9413[1.04933],68,0_85
Pref0,0.8725[0.239779],0.869291[0.244809],0.875901[0.234282],68,0_85
Signal0,1[0],1[0],1[0],68,0_85
Hybridindex,17.8968[1.03197],17.8622[1.04168],17.9299[1.02146],69,0_85
Pref0,0.8615[0.242524],0.870408[0.239135],0.852941[0.245431],69,0_85
Signal0,1[0],1[0],1[0],69,0_85
Hybridindex,17.8875[1.04479],17.9071[1.0175],17.868[1.07083],70,0_85
Pref0,0.8685[0.238658],0.869478[0.237186],0.86753[0.240106],70,0_85
Signal0,1[0],1[0],1[0],70,0_85
Hybridindex,17.9073[1.03309],17.9099[1.04593],17.9049[1.02161],71,0_85
Pref0,0.85975[0.247396],0.855011[0.243862],0.863936[0.250402],71,0_85
Signal0,1[0],1[0],1[0],71,0_85
Hybridindex,17.9172[1.04524],17.9808[1.01741],17.858[1.06713],72,0_85
Pref0,0.86675[0.235307],0.863212[0.237526],0.870048[0.233171],72,0_85
Signal0,1[0],1[0],1[0],72,0_85
Hybridindex,17.8995[1.03255],17.8792[1.04599],17.9187[1.01927],73,0_85
Pref0,0.861[0.240684],0.863309[0.241654],0.858812[0.239741],73,0_85
Signal0,1[0],1[0],1[0],73,0_85
Hybridindex,17.8418[1.09742],17.845[1.11146],17.8386[1.08356],74,0_85
Pref0,0.8485[0.252582],0.850557[0.249025],0.846496[0.255985],74,0_85
Signal0,1[0],1[0],1[0],74,0_85
Hybridindex,17.8485[1.09991],17.8611[1.09118],17.8367[1.10791],75,0_85
Pref0,0.84825[0.252184],0.842459[0.257581],0.853682[0.246892],75,0_85
Signal0,1[0],1[0],1[0],75,0_85
Hybridindex,17.9163[1.06553],17.9609[1.03004],17.8694[1.0996],76,0_85
Pref0,0.845[0.251942],0.847168[0.247708],0.842725[0.25629],76,0_85
Signal0,1[0],1[0],1[0],76,0_85
Hybridindex,17.9062[1.05704],17.9192[1.0601],17.8937[1.05392],77,0_85
Pref0,0.84375[0.260213],0.843496[0.263649],0.843996[0.256842],77,0_85
Signal0,1[0],1[0],1[0],77,0_85
Hybridindex,17.904[1.04441],17.9064[1.04895],17.9016[1.0398],78,0_85
Pref0,0.85175[0.252778],0.842629[0.261461],0.860944[0.243367],78,0_85
Signal0,1[0],1[0],1[0],78,0_85
Hybridindex,17.9265[1.03771],17.9084[1.04826],17.9444[1.02689],79,0_85
Pref0,0.85025[0.25387],0.859517[0.248161],0.841112[0.259052],79,0_85
Signal0,1[0],1[0],1[0],79,0_85
Hybridindex,17.931[1.04211],17.926[1.0475],17.9363[1.03636],80,0_85
Pref0,0.856[0.249528],0.859299[0.247517],0.852518[0.251586],80,0_85
Signal0,1[0],1[0],1[0],80,0_85
Hybridindex,17.9432[1.02355],17.9412[1.00766],17.9453[1.03903],81,0_85
Pref0,0.85075[0.249198],0.854271[0.247336],0.847264[0.250978],81,0_85
Signal0,1[0],1[0],1[0],81,0_85
Hybridindex,17.941[1.02884],17.9049[1.06569],17.9724[0.994576],82,0_85
Pref0,0.8455[0.257157],0.845865[0.259371],0.845182[0.255213],82,0_85
Signal0,1[0],1[0],1[0],82,0_85
Hybridindex,17.9758[1.04811],17.9714[1.02207],17.9799[1.07247],83,0_85
Pref0,0.85125[0.252979],0.854443[0.255697],0.848188[0.250307],83,0_85
Signal0,1[0],1[0],1[0],83,0_85
Hybridindex,17.992[1.02405],18.0005[1.02661],17.9834[1.02139],84,0_85
Pref0,0.84425[0.253213],0.841948[0.256854],0.846579[0.249453],84,0_85
Signal0,1[0],1[0],1[0],84,0_85
Hybridindex,17.9838[1.04552],17.9743[1.01874],17.993[1.07125],85,0_85
Pref0,0.83125[0.261531],0.832998[0.260161],0.829523[0.262866],85,0_85
Signal0,1[0],1[0],1[0],85,0_85
Hybridindex,17.9608[1.0681],17.9077[1.10286],18.0152[1.02836],86,0_85
Pref0,0.83125[0.262008],0.826259[0.264597],0.836373[0.259225],86,0_85
Signal0,1[0],1[0],1[0],86,0_85
Hybridindex,17.929[1.06182],17.923[1.03194],17.9351[1.0912],87,0_85
Pref0,0.8305[0.26414],0.836978[0.258579],0.823944[0.269492],87,0_85
Signal0,1[0],1[0],1[0],87,0_85
Hybridindex,17.916[1.0734],17.8942[1.09133],17.9369[1.05554],88,0_85
Pref0,0.83475[0.259937],0.836401[0.258445],0.83317[0.261348],88,0_85
Signal0,1[0],1[0],1[0],88,0_85
Hybridindex,17.9345[1.06382],17.9554[1.03145],17.9137[1.09471],89,0_85
Pref0,0.83625[0.257509],0.839178[0.252122],0.833333[0.262733],89,0_85
Signal0,1[0],1[0],1[0],89,0_85
Hybridindex,17.943[1.03959],17.9147[1.01902],17.9711[1.05886],90,0_85
Pref0,0.843[0.258072],0.838353[0.258344],0.84761[0.257718],90,0_85
Signal0,1[0],1[0],1[0],90,0_85
Hybridindex,17.96[1.03533],17.9741[1.00762],17.9463[1.06139],91,0_85
Pref0,0.8445[0.254597],0.85497[0.244121],0.83432[0.263989],91,0_85
Signal0,1[0],1[0],1[0],91,0_85
Hybridindex,17.9703[1.0603],17.9366[1.07868],18.004[1.04046],92,0_85
Pref0,0.85375[0.247964],0.856643[0.24519],0.850851[0.250678],92,0_85
Signal0,1[0],1[0],1[0],92,0_85
Hybridindex,17.99[1.05387],17.9866[1.03764],17.9932[1.06889],93,0_85
Pref0,0.85325[0.248675],0.851393[0.250079],0.854995[0.247336],93,0_85
Signal0,1[0],1[0],1[0],93,0_85
Hybridindex,17.9928[1.02996],17.9862[1.04082],17.9995[1.01868],94,0_85
Pref0,0.8505[0.251793],0.855731[0.251354],0.845142[0.25213],94,0_85
Signal0,1[0],1[0],1[0],94,0_85
Hybridindex,17.9672[1.0175],17.9806[1.02115],17.9539[1.01364],95,0_85
Pref0,0.84575[0.246641],0.838485[0.251287],0.853059[0.241658],95,0_85
Signal0,1[0],1[0],1[0],95,0_85
Hybridindex,18.0008[1.02133],18.0379[1.03152],17.9644[1.00995],96,0_85
Pref0,0.841[0.256844],0.836704[0.259067],0.845203[0.254581],96,0_85
Signal0,1[0],1[0],1[0],96,0_85
Hybridindex,18.028[1.00758],18.0162[1.02646],18.0401[0.987557],97,0_85
Pref0,0.8555[0.248736],0.860728[0.237985],0.850102[0.259259],97,0_85
Signal0,1[0],1[0],1[0],97,0_85
Hybridindex,18.0617[1.01849],18.0135[1.03637],18.11[0.997948],98,0_85
Pref0,0.858[0.246142],0.8635[0.242111],0.8525[0.249987],98,0_85
Signal0,1[0],1[0],1[0],98,0_85
Hybridindex,18.07[0.983921],18.1074[0.978901],18.0325[0.987506],99,0_85
Pref0,0.867[0.238874],0.882118[0.222577],0.851852[0.253255],99,0_85
Signal0,1[0],1[0],1[0],99,0_85
Hybridindex,18.0745[0.986255],18.0635[0.964392],18.0861[1.00855],100,0_85
Pref0,0.8695[0.234989],0.867676[0.229257],0.871414[0.240841],100,0_85
Signal0,1[0],1[0],1[0],100,0_85
Hybridindex,12.12[8.36096],12.2587[8.29678],11.971[8.42684],1,0_86
Pref0,0.606[0.418048],0.612934[0.414839],0.598548[0.421342],1,0_86
Signal0,0.606[0.418048],0.612934[0.414839],0.598548[0.421342],1,0_86
Hybridindex,14.7453[6.31225],14.902[6.37148],14.5931[6.25047],2,0_86
Pref0,0.73825[0.341119],0.747208[0.343991],0.729557[0.338081],2,0_86
Signal0,0.737[0.343629],0.750254[0.342523],0.724138[0.344211],2,0_86
Hybridindex,16.672[3.94274],16.8287[3.89537],16.4974[3.98759],3,0_86
Pref0,0.82425[0.277465],0.837761[0.26721],0.809197[0.287715],3,0_86
Signal0,0.84525[0.25725],0.847723[0.260108],0.842495[0.253999],3,0_86
Hybridindex,17.3972[2.54108],17.4203[2.49381],17.3744[2.587],4,0_86
Pref0,0.85025[0.252388],0.853059[0.249821],0.847458[0.254885],4,0_86
Signal0,0.91775[0.188706],0.920762[0.185319],0.914756[0.191966],4,0_86
Hybridindex,17.5778[1.89917],17.621[1.88291],17.5352[1.91408],5,0_86
Pref0,0.8585[0.244904],0.857359[0.250134],0.859623[0.23964],5,0_86
Signal0,0.9555[0.143247],0.955141[0.144641],0.955853[0.141861],5,0_86
Hybridindex,17.6025[1.65045],17.5199[1.65673],17.6822[1.64043],6,0_86
Pref0,0.8635[0.245698],0.862016[0.242091],0.864931[0.24912],6,0_86
Signal0,0.97875[0.100863],0.978615[0.101169],0.97888[0.100568],6,0_86
Hybridindex,17.678[1.49585],17.7422[1.50153],17.6112[1.48698],7,0_86
Pref0,0.86425[0.240722],0.87549[0.230488],0.852551[0.250395],7,0_86
Signal0,0.988[0.0781409],0.988725[0.0742303],0.987245[0.0820065],7,0_86
Hybridindex,17.6313[1.39469],17.6151[1.37888],17.6481[1.41079],8,0_86
Pref0,0.866[0.239883],0.858472[0.249974],0.873851[0.228622],8,0_86
Signal0,0.99025[0.0691371],0.988737[0.0741948],0.991828[0.0633958],8,0_86
Hybridindex,17.6112[1.35822],17.6274[1.36257],17.5958[1.35387],9,0_86
Pref0,0.86075[0.2408],0.855169[0.242083],0.86608[0.239446],9,0_86
Signal0,0.9945[0.0521512],0.996418[0.0421707],0.992669[0.0600994],9,0_86
Hybridindex,17.5955[1.34402],17.6288[1.32742],17.5636[1.35895],10,0_86
Pref0,0.86525[0.245392],0.866053[0.246557],0.864481[0.24427],10,0_86
Signal0,0.995[0.0497494],0.995399[0.0477435],0.994618[0.051593],10,0_86
Hybridindex,17.6065[1.31079],17.625[1.30088],17.5887[1.31999],11,0_86
Pref0,0.868[0.24047],0.878571[0.235931],0.857843[0.244322],11,0_86
Signal0,0.99675[0.0401801],0.997449[0.0356231],0.996078[0.0441068],11,0_86
Hybridindex,17.5915[1.34141],17.641[1.34121],17.5427[1.33981],12,0_86
Pref0,0.877[0.23531],0.872608[0.240917],0.881331[0.229565],12,0_86
Signal0,0.99725[0.0369789],0.996979[0.0387485],0.997517[0.0351447],12,0_86
Hybridindex,17.5575[1.28732],17.5141[1.27959],17.6006[1.2935],13,0_86
Pref0,0.8795[0.22634],0.876004[0.230541],0.882968[0.22204],13,0_86
Signal0,0.99875[0.0249687],0.998494[0.0273997],0.999004[0.0222939],13,0_86
Hybridindex,17.542[1.30747],17.5668[1.30651],17.5167[1.30797],14,0_86
Pref0,0.87925[0.227584],0.875371[0.231745],0.883215[0.22318],14,0_86
Signal0,0.99975[0.0111775],0.999505[0.0157174],1[0],14,0_86
Hybridindex,17.5523[1.26457],17.5732[1.24948],17.5305[1.27967],15,0_86
Pref0,0.88625[0.22569],0.888998[0.220414],0.883401[0.230998],15,0_86
Signal0,1[0],1[0],1[0],15,0_86
Hybridindex,17.5587[1.25097],17.5574[1.2853],17.5601[1.21428],16,0_86
Pref0,0.88475[0.223254],0.886654[0.221863],0.882773[0.224673],16,0_86
Signal0,1[0],1[0],1[0],16,0_86
Hybridindex,17.5565[1.27232],17.5873[1.28095],17.5256[1.26285],17,0_86
Pref0,0.87975[0.234339],0.890719[0.221778],0.868737[0.245816],17,0_86
Signal0,1[0],1[0],1[0],17,0_86
Hybridindex,17.584[1.26053],17.6404[1.24499],17.5259[1.27374],18,0_86
Pref0,0.8825[0.227912],0.88867[0.22398],0.876142[0.231721],18,0_86
Signal0,1[0],1[0],1[0],18,0_86
Hybridindex,17.617[1.25511],17.6177[1.25116],17.6163[1.25891],19,0_86
Pref0,0.8845[0.230021],0.888889[0.220944],0.880275[0.238357],19,0_86
Signal0,1[0],1[0],1[0],19,0_86
Hybridindex,17.6175[1.23903],17.6339[1.2322],17.6013[1.24552],20,0_86
Pref0,0.87775[0.233837],0.873615[0.234034],0.881827[0.233571],20,0_86
Signal0,1[0],1[0],1[0],20,0_86
Hybridindex,17.6268[1.21771],17.602[1.22412],17.6507[1.21097],21,0_86
Pref0,0.8645[0.243187],0.872589[0.242156],0.85665[0.243926],21,0_86
Signal0,1[0],1[0],1[0],21,0_86
Hybridindex,17.6477[1.21801],17.6689[1.25317],17.628[1.18395],22,0_86
Pref0,0.86825[0.239305],0.866839[0.239037],0.869565[0.239547],22,0_86
Signal0,1[0],1[0],1[0],22,0_86
Hybridindex,17.664[1.19869],17.6955[1.15744],17.6333[1.23678],23,0_86
Pref0,0.857[0.245563],0.860689[0.247776],0.853406[0.243333],23,0_86
Signal0,1[0],1[0],1[0],23,0_86
Hybridindex,17.7383[1.18136],17.7698[1.15519],17.7077[1.20538],24,0_86
Pref0,0.8545[0.247648],0.84502[0.254264],0.863681[0.240713],24,0_86
Signal0,1[0],1[0],1[0],24,0_86
Hybridindex,17.7312[1.21723],17.7556[1.20759],17.7055[1.22679],25,0_86
Pref0,0.85525[0.249845],0.855891[0.248994],0.854573[0.250738],25,0_86
Signal0,1[0],1[0],1[0],25,0_86
Hybridindex,17.8032[1.1432],17.8327[1.13877],17.7729[1.14697],26,0_86
Pref0,0.85175[0.253766],0.848917[0.254987],0.854675[0.252464],26,0_86
Signal0,1[0],1[0],1[0],26,0_86
Hybridindex,17.7958[1.12801],17.8024[1.12525],17.7896[1.13054],27,0_86
Pref0,0.8565[0.250814],0.852697[0.254794],0.860039[0.247001],27,0_86
Signal0,1[0],1[0],1[0],27,0_86
Hybridindex,17.8515[1.13499],17.8414[1.11119],17.8604[1.15532],28,0_86
Pref0,0.857[0.248095],0.86388[0.239937],0.850984[0.254862],28,0_86
Signal0,1[0],1[0],1[0],28,0_86
Hybridindex,17.8532[1.11886],17.8442[1.10936],17.8625[1.12841],29,0_86
Pref0,0.8625[0.241026],0.857567[0.243592],0.867543[0.23827],29,0_86
Signal0,1[0],1[0],1[0],29,0_86
Hybridindex,17.8655[1.14287],17.8745[1.13484],17.8568[1.15054],30,0_86
Pref0,0.8605[0.248072],0.864837[0.249029],0.856299[0.247069],30,0_86
Signal0,1[0],1[0],1[0],30,0_86
Hybridindex,17.8927[1.12266],17.9002[1.1197],17.885[1.12569],31,0_86
Pref0,0.8615[0.245597],0.864971[0.246037],0.857873[0.245083],31,0_86
Signal0,1[0],1[0],1[0],31,0_86
Hybridindex,17.881[1.08977],17.8773[1.0983],17.8847[1.08125],32,0_86
Pref0,0.858[0.248668],0.857646[0.248955],0.85835[0.248384],32,0_86
Signal0,1[0],1[0],1[0],32,0_86
Hybridindex,17.8863[1.1062],17.8671[1.10068],17.9057[1.11145],33,0_86
Pref0,0.8565[0.251809],0.855159[0.247714],0.857863[0.255896],33,0_86
Signal0,1[0],1[0],1[0],33,0_86
Hybridindex,17.8867[1.11984],17.9022[1.12368],17.8726[1.11613],34,0_86
Pref0,0.85925[0.24559],0.866109[0.236258],0.852969[0.253672],34,0_86
Signal0,1[0],1[0],1[0],34,0_86
Hybridindex,17.9245[1.07322],17.9271[1.06215],17.922[1.08362],35,0_86
Pref0,0.8575[0.246868],0.857803[0.246236],0.857212[0.247466],35,0_86
Signal0,1[0],1[0],1[0],35,0_86
Hybridindex,17.8953[1.08819],17.8958[1.07546],17.8947[1.10146],36,0_86
Pref0,0.8585[0.247947],0.865628[0.238579],0.850976[0.257252],36,0_86
Signal0,1[0],1[0],1[0],36,0_86
Hybridindex,17.9007[1.09317],17.933[1.06842],17.8685[1.11645],37,0_86
Pref0,0.86075[0.242352],0.863[0.236074],0.8585[0.248451],37,0_86
Signal0,1[0],1[0],1[0],37,0_86
Hybridindex,17.9297[1.07037],17.9787[1.0559],17.8819[1.08217],38,0_86
Pref0,0.86[0.244745],0.839069[0.26024],0.880435[0.22675],38,0_86
Signal0,1[0],1[0],1[0],38,0_86
Hybridindex,17.9528[1.05138],17.952[1.03042],17.9535[1.07189],39,0_86
Pref0,0.86325[0.240155],0.860861[0.245397],0.865634[0.234782],39,0_86
Signal0,1[0],1[0],1[0],39,0_86
Hybridindex,17.976[1.01879],17.9714[1.01254],17.9804[1.02472],40,0_86
Pref0,0.868[0.236275],0.864658[0.238777],0.871205[0.233806],40,0_86
Signal0,1[0],1[0],1[0],40,0_86
Hybridindex,17.965[1.06173],17.9786[1.08423],17.9512[1.03823],41,0_86
Pref0,0.86775[0.238506],0.870904[0.237325],0.864552[0.239654],41,0_86
Signal0,1[0],1[0],1[0],41,0_86
Hybridindex,17.9705[1.06096],17.9867[1.05594],17.9549[1.06553],42,0_86
Pref0,0.8695[0.23605],0.865953[0.237045],0.872915[0.235038],42,0_86
Signal0,1[0],1[0],1[0],42,0_86
Hybridindex,17.9952[1.07021],18.0257[1.0454],17.9664[1.09241],43,0_86
Pref0,0.8735[0.238742],0.874615[0.236023],0.872444[0.241285],43,0_86
Signal0,1[0],1[0],1[0],43,0_86
Hybridindex,17.9995[1.05155],17.9703[1.05798],18.0283[1.04437],44,0_86
Pref0,0.87[0.244131],0.863407[0.248466],0.876488[0.239611],44,0_86
Signal0,1[0],1[0],1[0],44,0_86
Hybridindex,17.9605[1.03002],17.9613[1.04334],17.9598[1.0177],45,0_86
Pref0,0.87025[0.229761],0.863874[0.231778],0.876077[0.227745],45,0_86
Signal0,1[0],1[0],1[0],45,0_86
Hybridindex,17.937[1.03358],17.9242[1.05948],17.9499[1.00674],46,0_86
Pref0,0.86275[0.244515],0.86976[0.239039],0.855711[0.249694],46,0_86
Signal0,1[0],1[0],1[0],46,0_86
Hybridindex,17.958[1.01734],17.9609[1.03567],17.9553[0.99973],47,0_86
Pref0,0.8675[0.242783],0.866632[0.248536],0.868319[0.237224],47,0_86
Signal0,1[0],1[0],1[0],47,0_86
Hybridindex,17.9383[1.0549],17.9343[1.05458],17.9418[1.05518],48,0_86
Pref0,0.865[0.242436],0.865405[0.238889],0.864633[0.245606],48,0_86
Signal0,1[0],1[0],1[0],48,0_86
Hybridindex,17.982[1.03787],17.9886[1.04858],17.9754[1.02688],49,0_86
Pref0,0.854[0.252357],0.852386[0.249909],0.855634[0.2548],49,0_86
Signal0,1[0],1[0],1[0],49,0_86
Hybridindex,18.0015[1.04031],17.9753[1.04729],18.0283[1.03244],50,0_86
Pref0,0.856[0.25301],0.856083[0.252211],0.855915[0.253824],50,0_86
Signal0,1[0],1[0],1[0],50,0_86
Hybridindex,18.003[1.05154],18.0265[1.04992],17.9786[1.05267],51,0_86
Pref0,0.848[0.257674],0.845437[0.260983],0.850663[0.254164],51,0_86
Signal0,1[0],1[0],1[0],51,0_86
Hybridindex,18.0248[1.06055],18.0293[1.08153],18.0201[1.03882],52,0_86
Pref0,0.8615[0.249134],0.855015[0.256654],0.868077[0.241091],52,0_86
Signal0,1[0],1[0],1[0],52,0_86
Hybridindex,18.0888[1.02652],18.084[0.980533],18.0935[1.07052],53,0_86
Pref0,0.86125[0.24571],0.862[0.245878],0.8605[0.24554],53,0_86
Signal0,1[0],1[0],1[0],53,0_86
Hybridindex,18.11[1.02122],18.108[1.03498],18.1121[1.00714],54,0_86
Pref0,0.85775[0.249279],0.854726[0.252923],0.860804[0.245505],54,0_86
Signal0,1[0],1[0],1[0],54,0_86
Hybridindex,18.0847[1.01029],18.0646[1.03294],18.1046[0.987142],55,0_86
Pref0,0.85425[0.250264],0.847629[0.255103],0.860753[0.245244],55,0_86
Signal0,1[0],1[0],1[0],55,0_86
Hybridindex,18.067[1.042],18.074[1.05243],18.0602[1.03171],56,0_86
Pref0,0.85175[0.251291],0.849391[0.252542],0.854043[0.250046],56,0_86
Signal0,1[0],1[0],1[0],56,0_86
Hybridindex,18.0452[1.06329],18.0809[1.04305],18.0091[1.08226],57,0_86
Pref0,0.8405[0.261361],0.836806[0.259549],0.844254[0.263137],57,0_86
Signal0,1[0],1[0],1[0],57,0_86
Hybridindex,18.046[1.04182],17.9931[1.05033],18.1007[1.03008],58,0_86
Pref0,0.8475[0.251483],0.848083[0.248454],0.846897[0.254578],58,0_86
Signal0,1[0],1[0],1[0],58,0_86
Hybridindex,18.033[1.05885],18.074[1.05288],17.9936[1.06306],59,0_86
Pref0,0.83925[0.263219],0.845408[0.257201],0.833333[0.268742],59,0_86
Signal0,1[0],1[0],1[0],59,0_86
Hybridindex,18.018[1.05874],18.0056[1.0685],18.0299[1.04915],60,0_86
Pref0,0.841[0.2583],0.843207[0.251009],0.838883[0.265086],60,0_86
Signal0,1[0],1[0],1[0],60,0_86
Hybridindex,18.0203[1.06511],18.0404[1.04304],17.9995[1.08704],61,0_86
Pref0,0.84425[0.253706],0.848425[0.247343],0.839939[0.260043],61,0_86
Signal0,1[0],1[0],1[0],61,0_86
Hybridindex,18.0505[1.0458],18.0389[1.03445],18.0625[1.05726],62,0_86
Pref0,0.841[0.257816],0.843996[0.255882],0.837907[0.259761],62,0_86
Signal0,1[0],1[0],1[0],62,0_86
Hybridindex,18.0335[1.05161],18.0319[1.05576],18.0351[1.04741],63,0_86
Pref0,0.83775[0.259904],0.8335[0.263602],0.842026[0.256058],63,0_86
Signal0,1[0],1[0],1[0],63,0_86
Hybridindex,18.0128[1.07771],18.0192[1.08787],18.0064[1.06762],64,0_86
Pref0,0.8395[0.25834],0.841414[0.254459],0.837624[0.262075],64,0_86
Signal0,1[0],1[0],1[0],64,0_86
Hybridindex,18.0167[1.05964],18.0281[1.04454],18.0059[1.07375],65,0_86
Pref0,0.844[0.251821],0.84391[0.250784],0.844086[0.252808],65,0_86
Signal0,1[0],1[0],1[0],65,0_86
Hybridindex,18.0263[1.05342],17.9975[1.08543],18.0546[1.02013],66,0_86
Pref0,0.834[0.260661],0.830141[0.261102],0.837798[0.26017],66,0_86
Signal0,1[0],1[0],1[0],66,0_86
Hybridindex,18.028[1.03789],17.9816[1.01901],18.0776[1.05544],67,0_86
Pref0,0.8315[0.261931],0.826234[0.26685],0.837125[0.256452],67,0_86
Signal0,1[0],1[0],1[0],67,0_86
Hybridindex,18.058[1.00804],18.0591[1.0137],18.057[1.00263],68,0_86
Pref0,0.83625[0.259925],0.841213[0.258896],0.831548[0.260809],68,0_86
Signal0,1[0],1[0],1[0],68,0_86
Hybridindex,18.0738[1.01572],18.1121[1.00652],18.0351[1.02345],69,0_86
Pref0,0.837[0.262547],0.835657[0.262882],0.838353[0.262202],69,0_86
Signal0,1[0],1[0],1[0],69,0_86
Hybridindex,18.0128[1.04796],17.9667[1.05567],18.058[1.03834],70,0_86
Pref0,0.83825[0.258287],0.847124[0.250306],0.829534[0.265603],70,0_86
Signal0,1[0],1[0],1[0],70,0_86
Hybridindex,18.0585[1.01984],18.0623[1.01254],18.0548[1.02689],71,0_86
Pref0,0.8385[0.263472],0.832827[0.265199],0.844028[0.261661],71,0_86
Signal0,1[0],1[0],1[0],71,0_86
Hybridindex,18.0562[1.00559],18[1.00691],18.1135[1.001],72,0_86
Pref0,0.83975[0.257284],0.847374[0.255748],0.831988[0.258608],72,0_86
Signal0,1[0],1[0],1[0],72,0_86
Hybridindex,18.0658[0.988839],18.0713[1.00356],18.0602[0.973773],73,0_86
Pref0,0.8505[0.248797],0.847458[0.249947],0.853561[0.247596],73,0_86
Signal0,1[0],1[0],1[0],73,0_86
Hybridindex,18.074[0.99135],18.0519[0.97859],18.097[1.00397],74,0_86
Pref0,0.845[0.259278],0.837904[0.26263],0.8524[0.255525],74,0_86
Signal0,1[0],1[0],1[0],74,0_86
Hybridindex,18.0433[1.02079],18.0159[1.01529],18.0692[1.02531],75,0_86
Pref0,0.852[0.248689],0.841376[0.249728],0.862086[0.247276],75,0_86
Signal0,1[0],1[0],1[0],75,0_86
Hybridindex,18.0448[1.00505],18.07[1.02088],18.0219[0.989948],76,0_86
Pref0,0.8575[0.254841],0.853684[0.260893],0.860952[0.249187],76,0_86
Signal0,1[0],1[0],1[0],76,0_86
Hybridindex,18.0008[0.996807],17.976[0.991191],18.0256[1.0018],77,0_86
Pref0,0.852[0.244123],0.845309[0.246782],0.858717[0.241238],77,0_86
Signal0,1[0],1[0],1[0],77,0_86
Hybridindex,18.0628[1.01928],18.062[1.03514],18.0635[1.00343],78,0_86
Pref0,0.858[0.246142],0.845262[0.254986],0.870536[0.236448],78,0_86
Signal0,1[0],1[0],1[0],78,0_86
Hybridindex,18.0493[0.993076],18.0401[0.987126],18.0588[0.999166],79,0_86
Pref0,0.84825[0.257579],0.858611[0.251841],0.837423[0.263006],79,0_86
Signal0,1[0],1[0],1[0],79,0_86
Hybridindex,18.0407[0.996476],18.0225[0.983449],18.0598[1.00953],80,0_86
Pref0,0.85175[0.253272],0.846229[0.259695],0.857508[0.246264],80,0_86
Signal0,1[0],1[0],1[0],80,0_86
Hybridindex,18.0355[1.0298],18.0187[1.03519],18.052[1.02422],81,0_86
Pref0,0.8495[0.252685],0.84697[0.258328],0.85198[0.247004],81,0_86
Signal0,1[0],1[0],1[0],81,0_86
Hybridindex,18.0285[1.05104],18.021[1.04712],18.036[1.0549],82,0_86
Pref0,0.85225[0.253071],0.855145[0.250865],0.849349[0.25523],82,0_86
Signal0,1[0],1[0],1[0],82,0_86
Hybridindex,18.044[1.04991],18.0477[1.05665],18.0404[1.04332],83,0_86
Pref0,0.8515[0.251888],0.852792[0.249171],0.850246[0.254492],83,0_86
Signal0,1[0],1[0],1[0],83,0_86
Hybridindex,18.054[0.996285],18.0264[1.00331],18.0828[0.988063],84,0_86
Pref0,0.8535[0.252562],0.854207[0.249808],0.852761[0.255407],84,0_86
Signal0,1[0],1[0],1[0],84,0_86
Hybridindex,18.049[0.999674],18.0301[0.984874],18.0677[1.0138],85,0_86
Pref0,0.8545[0.249158],0.856426[0.243322],0.85259[0.254801],85,0_86
Signal0,1[0],1[0],1[0],85,0_86
Hybridindex,18.043[1.01902],18.0532[1.01383],18.0333[1.02387],86,0_86
Pref0,0.85375[0.246447],0.845603[0.250125],0.861546[0.242619],86,0_86
Signal0,1[0],1[0],1[0],86,0_86
Hybridindex,18.0755[1.00002],18.0653[1.00559],18.086[0.994117],87,0_86
Pref0,0.85975[0.249409],0.854617[0.255554],0.865071[0.242761],87,0_86
Signal0,1[0],1[0],1[0],87,0_86
Hybridindex,18.0428[0.98135],18.0544[0.976667],18.0311[0.985891],88,0_86
Pref0,0.852[0.247681],0.846806[0.250219],0.857214[0.244996],88,0_86
Signal0,1[0],1[0],1[0],88,0_86
Hybridindex,18.0602[0.990073],18.0573[0.975986],18.063[1.0031],89,0_86
Pref0,0.8515[0.251392],0.84969[0.255881],0.853198[0.247094],89,0_86
Signal0,1[0],1[0],1[0],89,0_86
Hybridindex,18.065[0.997885],18.0751[1.00417],18.0545[0.991211],90,0_86
Pref0,0.857[0.250102],0.854269[0.253743],0.859837[0.246231],90,0_86
Signal0,1[0],1[0],1[0],90,0_86
Hybridindex,18.0712[1.0065],18.0622[1.03138],18.0805[0.980223],91,0_86
Pref0,0.855[0.249449],0.853899[0.249139],0.85613[0.249763],91,0_86
Signal0,1[0],1[0],1[0],91,0_86
Hybridindex,18.054[1.03433],18.0486[1.05221],18.0595[1.01576],92,0_86
Pref0,0.8495[0.255147],0.847869[0.258451],0.85116[0.251727],92,0_86
Signal0,1[0],1[0],1[0],92,0_86
Hybridindex,18.0557[1.04392],18.0394[1.04396],18.0718[1.04363],93,0_86
Pref0,0.84725[0.25356],0.85[0.250202],0.844554[0.256779],93,0_86
Signal0,1[0],1[0],1[0],93,0_86
Hybridindex,18.053[1.02662],18.0307[1.04549],18.0749[1.00721],94,0_86
Pref0,0.84825[0.250194],0.847278[0.250227],0.849206[0.250157],94,0_86
Signal0,1[0],1[0],1[0],94,0_86
Hybridindex,18.1133[0.972137],18.1202[0.997318],18.1064[0.946755],95,0_86
Pref0,0.847[0.252668],0.837879[0.256687],0.855941[0.24834],95,0_86
Signal0,1[0],1[0],1[0],95,0_86
Hybridindex,18.0912[0.998273],18.0854[0.983211],18.0973[1.01364],96,0_86
Pref0,0.83825[0.259734],0.850343[0.25047],0.825688[0.268443],96,0_86
Signal0,1[0],1[0],1[0],96,0_86
Hybridindex,18.0942[1.00697],18.1357[1.00628],18.0535[1.00598],97,0_86
Pref0,0.839[0.261876],0.834006[0.259908],0.843905[0.263703],97,0_86
Signal0,1[0],1[0],1[0],97,0_86
Hybridindex,18.0975[1.03332],18.0826[1.05618],18.112[1.01033],98,0_86
Pref0,0.83075[0.264063],0.836373[0.263105],0.825271[0.264879],98,0_86
Signal0,1[0],1[0],1[0],98,0_86
Hybridindex,18.1165[1.01596],18.0764[1.02238],18.1605[1.00702],99,0_86
Pref0,0.83375[0.257849],0.837631[0.254655],0.829486[0.261245],99,0_86
Signal0,1[0],1[0],1[0],99,0_86
Hybridindex,18.0972[1.00842],18.0876[1.00578],18.1069[1.01096],100,0_86
Pref0,0.829[0.270664],0.829329[0.271522],0.828671[0.269804],100,0_86
Signal0,1[0],1[0],1[0],100,0_86
Hybridindex,12.305[8.32088],12.4036[8.27682],12.2042[8.36447],1,0_87
Pref0,0.61525[0.416044],0.620178[0.413841],0.610212[0.418223],1,0_87
Signal0,0.61525[0.416044],0.620178[0.413841],0.610212[0.418223],1,0_87
Hybridindex,15.4068[6.07148],15.4053[6.04212],15.4081[6.0994],2,0_87
Pref0,0.7685[0.330012],0.769191[0.328924],0.76784[0.331046],2,0_87
Signal0,0.771[0.329862],0.767656[0.331335],0.774194[0.328417],2,0_87
Hybridindex,17.1[3.85058],17.281[3.71269],16.9222[3.97336],3,0_87
Pref0,0.85375[0.258333],0.859233[0.253359],0.848365[0.263016],3,0_87
Signal0,0.88025[0.237771],0.890515[0.228784],0.870168[0.245862],3,0_87
Hybridindex,17.682[2.54556],17.614[2.59562],17.7513[2.49165],4,0_87
Pref0,0.881[0.230952],0.876115[0.234562],0.885974[0.227111],4,0_87
Signal0,0.929[0.178771],0.927651[0.181445],0.930373[0.175996],4,0_87
Hybridindex,17.9415[1.86496],17.9425[1.88507],17.9405[1.84393],5,0_87
Pref0,0.8895[0.221449],0.893314[0.217645],0.885554[0.22525],5,0_87
Signal0,0.95875[0.137562],0.95821[0.138378],0.959308[0.136712],5,0_87
Hybridindex,18.0207[1.57803],18.0375[1.5609],18.0035[1.59525],6,0_87
Pref0,0.89725[0.215795],0.903258[0.20727],0.891084[0.22404],6,0_87
Signal0,0.978[0.102548],0.979269[0.099677],0.976697[0.105397],6,0_87
Hybridindex,17.9617[1.46643],17.9901[1.4357],17.9357[1.49365],7,0_87
Pref0,0.8985[0.213185],0.895094[0.216025],0.901631[0.210491],7,0_87
Signal0,0.98775[0.0772977],0.990605[0.0678898],0.985125[0.0849491],7,0_87
Hybridindex,17.93[1.33701],17.8978[1.35914],17.9621[1.31381],8,0_87
Pref0,0.8965[0.214564],0.90481[0.208672],0.888224[0.219964],8,0_87
Signal0,0.9925[0.0607762],0.991483[0.0646991],0.993513[0.0565812],8,0_87
Hybridindex,17.9275[1.29131],17.9212[1.27971],17.9343[1.30359],9,0_87
Pref0,0.89075[0.221223],0.895551[0.217066],0.885611[0.225474],9,0_87
Signal0,0.99625[0.0431386],0.995164[0.0489327],0.997412[0.0358789],9,0_87
Hybridindex,17.912[1.26373],17.9128[1.2494],17.9113[1.27734],10,0_87
Pref0,0.89375[0.218142],0.90051[0.213211],0.887255[0.222584],10,0_87
Signal0,0.99975[0.0111775],0.99949[0.0159638],1[0],10,0_87
Hybridindex,17.921[1.27456],17.8819[1.27334],17.9624[1.27455],11,0_87
Pref0,0.88725[0.224527],0.889213[0.217929],0.88517[0.231296],11,0_87
Signal0,1[0],1[0],1[0],11,0_87
Hybridindex,17.949[1.25246],17.9396[1.28387],17.9586[1.2195],12,0_87
Pref0,0.88625[0.228989],0.89505[0.21998],0.877273[0.237492],12,0_87
Signal0,1[0],1[0],1[0],12,0_87
Hybridindex,17.935[1.2464],17.9227[1.24118],17.9477[1.25165],13,0_87
Pref0,0.885[0.226991],0.884843[0.228455],0.885163[0.22547],13,0_87
Signal0,1[0],1[0],1[0],13,0_87
Hybridindex,17.909[1.21613],17.8665[1.22037],17.95[1.21062],14,0_87
Pref0,0.892[0.220989],0.892966[0.217158],0.89107[0.224611],14,0_87
Signal0,1[0],1[0],1[0],14,0_87
Hybridindex,17.8693[1.2178],17.8683[1.21116],17.8702[1.22399],15,0_87
Pref0,0.89325[0.212672],0.899277[0.204367],0.887597[0.220027],15,0_87
Signal0,1[0],1[0],1[0],15,0_87
Hybridindex,17.8875[1.21474],17.9359[1.19171],17.8384[1.23572],16,0_87
Pref0,0.899[0.209282],0.888282[0.218739],0.909869[0.198644],16,0_87
Signal0,1[0],1[0],1[0],16,0_87
Hybridindex,17.8397[1.21694],17.8487[1.20168],17.8304[1.23258],17,0_87
Pref0,0.8955[0.215823],0.890793[0.222561],0.900409[0.208452],17,0_87
Signal0,1[0],1[0],1[0],17,0_87
Hybridindex,17.9017[1.21603],17.9339[1.21831],17.8688[1.2128],18,0_87
Pref0,0.89225[0.215093],0.893386[0.213062],0.891084[0.217151],18,0_87
Signal0,1[0],1[0],1[0],18,0_87
Hybridindex,17.8935[1.18064],17.8952[1.16353],17.892[1.19603],19,0_87
Pref0,0.89275[0.214761],0.889413[0.216178],0.895793[0.213416],19,0_87
Signal0,1[0],1[0],1[0],19,0_87
Hybridindex,17.9625[1.18368],17.9874[1.15798],17.936[1.20991],20,0_87
Pref0,0.88175[0.232684],0.881783[0.233107],0.881715[0.232233],20,0_87
Signal0,1[0],1[0],1[0],20,0_87
Hybridindex,17.9985[1.14673],17.9703[1.16895],18.0283[1.12204],21,0_87
Pref0,0.8935[0.218878],0.885589[0.227827],0.90185[0.208693],21,0_87
Signal0,1[0],1[0],1[0],21,0_87
Hybridindex,18.011[1.12522],18.0091[1.09984],18.0128[1.14942],22,0_87
Pref0,0.88425[0.228532],0.888045[0.223672],0.880553[0.23311],22,0_87
Signal0,1[0],1[0],1[0],22,0_87
Hybridindex,18.0115[1.13946],17.9585[1.16262],18.0659[1.11257],23,0_87
Pref0,0.88675[0.222597],0.897335[0.211521],0.875887[0.232919],23,0_87
Signal0,1[0],1[0],1[0],23,0_87
Hybridindex,17.979[1.1283],17.9764[1.16425],17.9816[1.09154],24,0_87
Pref0,0.88425[0.226885],0.882412[0.226935],0.88607[0.226821],24,0_87
Signal0,1[0],1[0],1[0],24,0_87
Hybridindex,17.954[1.1457],17.9374[1.18016],17.9711[1.10889],25,0_87
Pref0,0.86925[0.237233],0.878205[0.230145],0.860041[0.243965],25,0_87
Signal0,1[0],1[0],1[0],25,0_87
Hybridindex,18.0027[1.12877],18.0106[1.16197],17.9943[1.09144],26,0_87
Pref0,0.861[0.244293],0.862284[0.244886],0.859603[0.243639],26,0_87
Signal0,1[0],1[0],1[0],26,0_87
Hybridindex,18.0177[1.08803],18.033[1.08633],18.002[1.08955],27,0_87
Pref0,0.857[0.248095],0.865878[0.242764],0.84787[0.253136],27,0_87
Signal0,1[0],1[0],1[0],27,0_87
Hybridindex,18.0422[1.05479],18.0313[1.06973],18.053[1.0398],28,0_87
Pref0,0.86025[0.243095],0.866801[0.237541],0.853816[0.24826],28,0_87
Signal0,1[0],1[0],1[0],28,0_87
Hybridindex,18.0497[1.06825],18.0447[1.08287],18.055[1.05253],29,0_87
Pref0,0.85875[0.248341],0.859922[0.24722],0.85751[0.249516],29,0_87
Signal0,1[0],1[0],1[0],29,0_87
Hybridindex,18.0648[1.07223],18.0774[1.06835],18.051[1.07626],30,0_87
Pref0,0.86275[0.247563],0.867788[0.242326],0.857292[0.253001],30,0_87
Signal0,1[0],1[0],1[0],30,0_87
Hybridindex,18.0177[1.08975],18.0426[1.07113],17.9942[1.10663],31,0_87
Pref0,0.8625[0.241545],0.86499[0.240841],0.860136[0.242187],31,0_87
Signal0,1[0],1[0],1[0],31,0_87
Hybridindex,18.0207[1.07585],17.9888[1.08408],18.0514[1.06701],32,0_87
Pref0,0.85925[0.24457],0.851227[0.251993],0.866928[0.236995],32,0_87
Signal0,1[0],1[0],1[0],32,0_87
Hybridindex,17.9947[1.08044],17.9894[1.07661],18[1.08418],33,0_87
Pref0,0.85625[0.249421],0.860161[0.245815],0.852386[0.252875],33,0_87
Signal0,1[0],1[0],1[0],33,0_87
Hybridindex,17.9775[1.10272],17.9056[1.12423],18.043[1.0786],34,0_87
Pref0,0.85625[0.242819],0.862539[0.239124],0.850525[0.245994],34,0_87
Signal0,1[0],1[0],1[0],34,0_87
Hybridindex,17.9455[1.09523],17.9442[1.10784],17.9468[1.08189],35,0_87
Pref0,0.856[0.24701],0.854697[0.252526],0.857362[0.241103],35,0_87
Signal0,1[0],1[0],1[0],35,0_87
Hybridindex,17.9383[1.09467],17.9525[1.09124],17.9239[1.09792],36,0_87
Pref0,0.86[0.242178],0.86014[0.236355],0.85986[0.247875],36,0_87
Signal0,1[0],1[0],1[0],36,0_87
Hybridindex,17.9228[1.10788],17.9332[1.10029],17.9121[1.11548],37,0_87
Pref0,0.86125[0.24571],0.850495[0.253539],0.872222[0.236955],37,0_87
Signal0,1[0],1[0],1[0],37,0_87
Hybridindex,17.9105[1.06887],17.887[1.06852],17.934[1.06871],38,0_87
Pref0,0.86375[0.24761],0.858[0.251666],0.8695[0.243351],38,0_87
Signal0,1[0],1[0],1[0],38,0_87
Hybridindex,17.881[1.09549],17.8632[1.08312],17.8979[1.10688],39,0_87
Pref0,0.874[0.234785],0.870902[0.23789],0.876953[0.231748],39,0_87
Signal0,1[0],1[0],1[0],39,0_87
Hybridindex,17.894[1.0975],17.8935[1.10818],17.8944[1.08691],40,0_87
Pref0,0.8725[0.242371],0.876387[0.240054],0.868682[0.244565],40,0_87
Signal0,1[0],1[0],1[0],40,0_87
Hybridindex,17.885[1.0926],17.8944[1.08318],17.8756[1.10184],41,0_87
Pref0,0.8735[0.239787],0.867868[0.244168],0.879121[0.235198],41,0_87
Signal0,1[0],1[0],1[0],41,0_87
Hybridindex,17.865[1.08836],17.8386[1.11819],17.8901[1.05854],42,0_87
Pref0,0.8665[0.243778],0.858607[0.249975],0.874023[0.237477],42,0_87
Signal0,1[0],1[0],1[0],42,0_87
Hybridindex,17.8663[1.07784],17.8629[1.095],17.8697[1.05949],43,0_87
Pref0,0.86975[0.235393],0.872195[0.233233],0.867179[0.237616],43,0_87
Signal0,1[0],1[0],1[0],43,0_87
Hybridindex,17.9032[1.08294],17.8895[1.07705],17.917[1.08863],44,0_87
Pref0,0.86925[0.238284],0.8695[0.234989],0.869[0.241535],44,0_87
Signal0,1[0],1[0],1[0],44,0_87
Hybridindex,17.9638[1.07938],17.9927[1.07945],17.9374[1.07864],45,0_87
Pref0,0.8855[0.227793],0.888248[0.222898],0.882999[0.232131],45,0_87
Signal0,1[0],1[0],1[0],45,0_87
Hybridindex,17.9913[1.08018],17.9875[1.07817],17.995[1.0822],46,0_87
Pref0,0.88425[0.227436],0.885458[0.227203],0.883032[0.227663],46,0_87
Signal0,1[0],1[0],1[0],46,0_87
Hybridindex,17.9505[1.07124],17.9661[1.06463],17.9348[1.07761],47,0_87
Pref0,0.88525[0.223512],0.877866[0.231577],0.892678[0.214837],47,0_87
Signal0,1[0],1[0],1[0],47,0_87
Hybridindex,17.982[1.06674],17.9386[1.08997],18.027[1.0402],48,0_87
Pref0,0.8805[0.22521],0.879175[0.228471],0.881874[0.221772],48,0_87
Signal0,1[0],1[0],1[0],48,0_87
Hybridindex,17.9665[1.04253],17.9488[1.04565],17.9837[1.0392],49,0_87
Pref0,0.88275[0.221647],0.878926[0.224583],0.886476[0.218685],49,0_87
Signal0,1[0],1[0],1[0],49,0_87
Hybridindex,17.9812[1.04176],17.9869[1.03079],17.9761[1.05163],50,0_87
Pref0,0.88025[0.22975],0.884575[0.225134],0.876313[0.233802],50,0_87
Signal0,1[0],1[0],1[0],50,0_87
Hybridindex,17.982[1.0277],17.9422[1.07665],18.0221[0.974352],51,0_87
Pref0,0.87875[0.232214],0.87338[0.239264],0.884152[0.224769],51,0_87
Signal0,1[0],1[0],1[0],51,0_87
Hybridindex,17.9707[1.055],17.964[1.04592],17.9779[1.06449],52,0_87
Pref0,0.87675[0.230075],0.868805[0.232844],0.88517[0.2268],52,0_87
Signal0,1[0],1[0],1[0],52,0_87
Hybridindex,18.0018[1.0335],17.995[1.02012],18.0085[1.04656],53,0_87
Pref0,0.871[0.235816],0.882028[0.221551],0.86006[0.248679],53,0_87
Signal0,1[0],1[0],1[0],53,0_87
Hybridindex,18.0068[1.0467],18.0443[1.03484],17.9671[1.05761],54,0_87
Pref0,0.86925[0.238284],0.878168[0.236262],0.859856[0.240038],54,0_87
Signal0,1[0],1[0],1[0],54,0_87
Hybridindex,18.005[1.05699],18.0536[1.05144],17.9547[1.06035],55,0_87
Pref0,0.868[0.239428],0.864307[0.243448],0.871821[0.235137],55,0_87
Signal0,1[0],1[0],1[0],55,0_87
Hybridindex,18.003[1.07249],17.9878[1.06992],18.0178[1.07479],56,0_87
Pref0,0.86025[0.243608],0.869807[0.236104],0.850938[0.250353],56,0_87
Signal0,1[0],1[0],1[0],56,0_87
Hybridindex,17.996[1.06018],17.9959[1.03417],17.9961[1.08449],57,0_87
Pref0,0.85125[0.254457],0.852761[0.248302],0.849804[0.260203],57,0_87
Signal0,1[0],1[0],1[0],57,0_87
Hybridindex,18.0143[1.03606],18.0096[1.01066],18.0188[1.0602],58,0_87
Pref0,0.84525[0.253333],0.852584[0.246147],0.838105[0.259944],58,0_87
Signal0,1[0],1[0],1[0],58,0_87
Hybridindex,17.9995[1.04475],17.9821[1.05949],18.0162[1.03014],59,0_87
Pref0,0.836[0.259044],0.837589[0.259993],0.834476[0.258123],59,0_87
Signal0,1[0],1[0],1[0],59,0_87
Hybridindex,18.011[1.06707],17.9691[1.0677],18.0546[1.06466],60,0_87
Pref0,0.839[0.263304],0.833824[0.267675],0.844388[0.258566],60,0_87
Signal0,1[0],1[0],1[0],60,0_87
Hybridindex,17.9977[1.08472],17.9971[1.04765],17.9984[1.12312],61,0_87
Pref0,0.83975[0.25922],0.835266[0.26678],0.84456[0.250769],61,0_87
Signal0,1[0],1[0],1[0],61,0_87
Hybridindex,18.0018[1.05481],18.0212[1.05303],17.9818[1.05626],62,0_87
Pref0,0.8485[0.254062],0.847976[0.255422],0.849037[0.252659],62,0_87
Signal0,1[0],1[0],1[0],62,0_87
Hybridindex,18.026[1.03323],18.0479[1.03107],18.0035[1.03497],63,0_87
Pref0,0.85675[0.251703],0.861797[0.245696],0.85157[0.25762],63,0_87
Signal0,1[0],1[0],1[0],63,0_87
Hybridindex,18.0115[1.03156],17.999[1.01791],18.0239[1.04478],64,0_87
Pref0,0.85225[0.253564],0.84488[0.260876],0.859562[0.245879],64,0_87
Signal0,1[0],1[0],1[0],64,0_87
Hybridindex,18.0227[1.02475],18.013[1.02168],18.0325[1.02771],65,0_87
Pref0,0.86425[0.242275],0.871[0.236345],0.8575[0.247878],65,0_87
Signal0,1[0],1[0],1[0],65,0_87
Hybridindex,18.0095[1.03049],18.005[1.0637],18.0141[0.995877],66,0_87
Pref0,0.86775[0.242147],0.86504[0.243364],0.870482[0.240882],66,0_87
Signal0,1[0],1[0],1[0],66,0_87
Hybridindex,18.0153[1.04888],18.0141[1.02265],18.0164[1.07587],67,0_87
Pref0,0.86375[0.241477],0.853944[0.243896],0.874101[0.238459],67,0_87
Signal0,1[0],1[0],1[0],67,0_87
Hybridindex,18.0177[1.05241],18.0573[1.02335],17.9812[1.07725],68,0_87
Pref0,0.86875[0.240101],0.873958[0.237717],0.863942[0.242181],68,0_87
Signal0,1[0],1[0],1[0],68,0_87
Hybridindex,17.9877[1.05118],17.9775[1.05346],17.9985[1.04869],69,0_87
Pref0,0.87175[0.234365],0.870098[0.231233],0.873469[0.237569],69,0_87
Signal0,1[0],1[0],1[0],69,0_87
Hybridindex,17.9845[1.05096],17.967[1.02316],18.001[1.07622],70,0_87
Pref0,0.87375[0.23385],0.881443[0.230119],0.866505[0.237083],70,0_87
Signal0,1[0],1[0],1[0],70,0_87
Hybridindex,17.996[1.03657],17.9955[1.03999],17.9965[1.03309],71,0_87
Pref0,0.8695[0.233388],0.865575[0.233664],0.873488[0.233039],71,0_87
Signal0,1[0],1[0],1[0],71,0_87
Hybridindex,17.9865[1.01996],17.9691[1.0094],18.0046[1.03055],72,0_87
Pref0,0.8735[0.232911],0.870225[0.234312],0.876915[0.231393],72,0_87
Signal0,1[0],1[0],1[0],72,0_87
Hybridindex,17.9958[1.02255],17.9764[1.03794],18.0142[1.00732],73,0_87
Pref0,0.871[0.236873],0.861168[0.241533],0.880371[0.231957],73,0_87
Signal0,1[0],1[0],1[0],73,0_87
Hybridindex,18.006[1.02565],18.0137[1.02988],17.9985[1.0215],74,0_87
Pref0,0.872[0.234768],0.871181[0.2344],0.87279[0.23512],74,0_87
Signal0,1[0],1[0],1[0],74,0_87
Hybridindex,17.983[1.03897],17.9557[1.03507],18.0118[1.04229],75,0_87
Pref0,0.87025[0.237781],0.873782[0.235505],0.86653[0.240099],75,0_87
Signal0,1[0],1[0],1[0],75,0_87
Hybridindex,18.0245[1.04026],17.9897[1.04321],18.0608[1.03594],76,0_87
Pref0,0.85475[0.248551],0.86141[0.245707],0.847804[0.251294],76,0_87
Signal0,1[0],1[0],1[0],76,0_87
Hybridindex,18.021[1.00936],18.0129[1.01322],18.0292[1.00535],77,0_87
Pref0,0.85525[0.250345],0.852183[0.250941],0.858367[0.249699],77,0_87
Signal0,1[0],1[0],1[0],77,0_87
Hybridindex,18.0425[1.02027],18.0256[1.042],18.0594[0.99786],78,0_87
Pref0,0.8545[0.247648],0.8502[0.25096],0.858782[0.24423],78,0_87
Signal0,1[0],1[0],1[0],78,0_87
Hybridindex,18.042[1.00349],18.0229[0.981145],18.0621[1.02607],79,0_87
Pref0,0.85325[0.249679],0.847805[0.256158],0.858974[0.242548],79,0_87
Signal0,1[0],1[0],1[0],79,0_87
Hybridindex,18.072[0.986568],18.0888[0.993823],18.0548[0.978751],80,0_87
Pref0,0.852[0.247681],0.854043[0.24707],0.849899[0.24829],80,0_87
Signal0,1[0],1[0],1[0],80,0_87
Hybridindex,18.077[0.996529],18.0858[1.00762],18.0675[0.98436],81,0_87
Pref0,0.8435[0.259341],0.845227[0.256842],0.841641[0.261992],81,0_87
Signal0,1[0],1[0],1[0],81,0_87
Hybridindex,18.0837[0.989121],18.0691[0.983824],18.0976[0.993886],82,0_87
Pref0,0.84325[0.255547],0.843299[0.254205],0.843204[0.256805],82,0_87
Signal0,1[0],1[0],1[0],82,0_87
Hybridindex,18.0718[0.954713],18.0633[0.944321],18.0796[0.964215],83,0_87
Pref0,0.8405[0.263742],0.833506[0.266621],0.847008[0.260866],83,0_87
Signal0,1[0],1[0],1[0],83,0_87
Hybridindex,18.105[0.974667],18.1008[0.974126],18.1092[0.975191],84,0_87
Pref0,0.841[0.25538],0.837824[0.260309],0.844188[0.250293],84,0_87
Signal0,1[0],1[0],1[0],84,0_87
Hybridindex,18.0757[1.00717],18.0865[0.993663],18.0656[1.01964],85,0_87
Pref0,0.84575[0.253637],0.849125[0.254003],0.842566[0.25325],85,0_87
Signal0,1[0],1[0],1[0],85,0_87
Hybridindex,18.066[0.963791],18.0757[0.955072],18.056[0.972628],86,0_87
Pref0,0.8475[0.25297],0.837266[0.258232],0.858087[0.246962],86,0_87
Signal0,1[0],1[0],1[0],86,0_87
Hybridindex,18.1043[0.96644],18.0976[0.966383],18.1113[0.96645],87,0_87
Pref0,0.846[0.250567],0.843902[0.2509],0.848205[0.250199],87,0_87
Signal0,1[0],1[0],1[0],87,0_87
Hybridindex,18.1333[0.934141],18.1729[0.905519],18.09[0.962565],88,0_87
Pref0,0.8425[0.263996],0.844349[0.260703],0.840481[0.267531],88,0_87
Signal0,1[0],1[0],1[0],88,0_87
Hybridindex,18.161[0.958034],18.1685[0.955022],18.1536[0.960926],89,0_87
Pref0,0.851[0.249598],0.850151[0.25213],0.851833[0.247082],89,0_87
Signal0,1[0],1[0],1[0],89,0_87
Hybridindex,18.1713[0.97175],18.159[0.976841],18.1835[0.966477],90,0_87
Pref0,0.85475[0.248047],0.857[0.247085],0.8525[0.248985],90,0_87
Signal0,1[0],1[0],1[0],90,0_87
Hybridindex,18.1423[0.982034],18.1574[0.987013],18.1279[0.977086],91,0_87
Pref0,0.857[0.248598],0.861111[0.24585],0.853113[0.251107],91,0_87
Signal0,1[0],1[0],1[0],91,0_87
Hybridindex,18.187[0.951463],18.1749[0.954636],18.1987[0.94822],92,0_87
Pref0,0.8565[0.243224],0.860548[0.241646],0.852564[0.244684],92,0_87
Signal0,1[0],1[0],1[0],92,0_87
Hybridindex,18.164[0.948606],18.127[0.950391],18.2026[0.945205],93,0_87
Pref0,0.85725[0.245454],0.861275[0.245789],0.853061[0.245034],93,0_87
Signal0,1[0],1[0],1[0],93,0_87
Hybridindex,18.1713[0.942628],18.1748[0.946818],18.1677[0.938347],94,0_87
Pref0,0.86075[0.244406],0.86147[0.244959],0.86002[0.243842],94,0_87
Signal0,1[0],1[0],1[0],94,0_87
Hybridindex,18.1782[0.944379],18.1529[0.937957],18.2038[0.950124],95,0_87
Pref0,0.871[0.237401],0.870518[0.235469],0.871486[0.239331],95,0_87
Signal0,1[0],1[0],1[0],95,0_87
Hybridindex,18.1565[0.969153],18.201[0.949262],18.112[0.986639],96,0_87
Pref0,0.86975[0.235924],0.865[0.237224],0.8745[0.23452],96,0_87
Signal0,1[0],1[0],1[0],96,0_87
Hybridindex,18.1732[0.943456],18.1502[0.934339],18.1973[0.952294],97,0_87
Pref0,0.86875[0.238009],0.867417[0.239832],0.870143[0.236081],97,0_87
Signal0,1[0],1[0],1[0],97,0_87
Hybridindex,18.161[0.942247],18.1606[0.944673],18.1614[0.939695],98,0_87
Pref0,0.862[0.240221],0.862793[0.242006],0.861168[0.238331],98,0_87
Signal0,1[0],1[0],1[0],98,0_87
Hybridindex,18.161[0.953587],18.1405[0.956587],18.1812[0.950187],99,0_87
Pref0,0.86025[0.24258],0.861531[0.244188],0.858987[0.240977],99,0_87
Signal0,1[0],1[0],1[0],99,0_87
Hybridindex,18.1683[0.967635],18.1883[0.95986],18.1481[0.974949],100,0_87
Pref0,0.8685[0.241263],0.874126[0.239963],0.862863[0.242427],100,0_87
Signal0,1[0],1[0],1[0],100,0_87
Hybridindex,12.385[8.41794],12.0888[8.51047],12.6759[8.31581],1,0_88
Pref0,0.61925[0.420897],0.60444[0.425523],0.633796[0.41579],1,0_88
Signal0,0.61925[0.420897],0.60444[0.425523],0.633796[0.41579],1,0_88
Hybridindex,15.0572[6.14297],14.9631[6.09283],15.1543[6.19272],2,0_88
Pref0,0.74925[0.337268],0.743842[0.336454],0.754822[0.338014],2,0_88
Signal0,0.754[0.330884],0.74532[0.329076],0.762944[0.332499],2,0_88
Hybridindex,17.0617[3.77857],17.0509[3.92795],17.0721[3.63134],3,0_88
Pref0,0.855[0.254411],0.850462[0.261414],0.859299[0.247517],3,0_88
Signal0,0.88225[0.234542],0.874615[0.244577],0.889484[0.224381],3,0_88
Hybridindex,17.803[2.34605],17.7558[2.39734],17.8496[2.29339],4,0_88
Pref0,0.89675[0.212048],0.899295[0.206709],0.89424[0.217155],4,0_88
Signal0,0.938[0.167051],0.933031[0.171765],0.9429[0.16212],4,0_88
Hybridindex,17.9243[1.87753],17.8735[1.92342],17.9758[1.82829],5,0_88
Pref0,0.89975[0.214068],0.901786[0.213104],0.897681[0.215022],5,0_88
Signal0,0.97125[0.116398],0.97123[0.116435],0.97127[0.116359],5,0_88
Hybridindex,17.9492[1.55002],17.9249[1.58305],17.9739[1.51552],6,0_88
Pref0,0.9085[0.197807],0.906468[0.198772],0.910553[0.196807],6,0_88
Signal0,0.98275[0.0912548],0.98408[0.087788],0.981407[0.0946086],6,0_88
Hybridindex,17.9345[1.44212],17.9303[1.43967],17.9384[1.44437],7,0_88
Pref0,0.906[0.203504],0.904266[0.204508],0.907603[0.202558],7,0_88
Signal0,0.99125[0.0655625],0.990114[0.0696064],0.9923[0.0615676],7,0_88
Hybridindex,18.015[1.35472],18.0285[1.36841],18.002[1.34124],8,0_88
Pref0,0.8945[0.220499],0.889624[0.229498],0.899213[0.211329],8,0_88
Signal0,0.99675[0.0401801],0.995931[0.0449225],0.997542[0.0349723],8,0_88
Hybridindex,17.998[1.29518],18.0152[1.28669],17.9801[1.30371],9,0_88
Pref0,0.8915[0.219038],0.896958[0.210566],0.885831[0.227366],9,0_88
Signal0,0.999[0.0223383],0.999019[0.0221295],0.998981[0.0225532],9,0_88
Hybridindex,18.0138[1.25566],17.9858[1.25311],18.0409[1.25754],10,0_88
Pref0,0.89725[0.213465],0.892495[0.218571],0.901874[0.208277],10,0_88
Signal0,1[0],1[0],1[0],10,0_88
Hybridindex,18.0117[1.21099],18.0041[1.21805],18.0191[1.20413],11,0_88
Pref0,0.90425[0.205443],0.902451[0.209416],0.905975[0.201545],11,0_88
Signal0,1[0],1[0],1[0],11,0_88
Hybridindex,18.0015[1.19729],17.9601[1.19799],18.0453[1.19499],12,0_88
Pref0,0.89825[0.211002],0.894942[0.21643],0.901749[0.205047],12,0_88
Signal0,1[0],1[0],1[0],12,0_88
Hybridindex,18.0197[1.21809],18.0612[1.19905],17.9751[1.23674],13,0_88
Pref0,0.892[0.217568],0.891137[0.2166],0.892931[0.218604],13,0_88
Signal0,1[0],1[0],1[0],13,0_88
Hybridindex,17.9985[1.19394],18.0222[1.17422],17.9752[1.21251],14,0_88
Pref0,0.8935[0.220018],0.90202[0.209608],0.885149[0.229457],14,0_88
Signal0,1[0],1[0],1[0],14,0_88
Hybridindex,18.007[1.18752],18.0261[1.16255],17.988[1.21158],15,0_88
Pref0,0.893[0.219205],0.895792[0.218536],0.89022[0.219835],15,0_88
Signal0,1[0],1[0],1[0],15,0_88
Hybridindex,18.0033[1.19932],17.9581[1.21129],18.0476[1.18577],16,0_88
Pref0,0.901[0.20964],0.894046[0.222078],0.90783[0.19642],16,0_88
Signal0,1[0],1[0],1[0],16,0_88
Hybridindex,18.0182[1.16331],18.0433[1.15737],17.9935[1.16861],17,0_88
Pref0,0.89975[0.210535],0.895267[0.215483],0.904171[0.205444],17,0_88
Signal0,1[0],1[0],1[0],17,0_88
Hybridindex,18.0162[1.1803],17.9952[1.21174],18.0391[1.14469],18,0_88
Pref0,0.8995[0.219431],0.900192[0.220408],0.898747[0.21836],18,0_88
Signal0,1[0],1[0],1[0],18,0_88
Hybridindex,18.0005[1.17739],17.99[1.18791],18.011[1.16675],19,0_88
Pref0,0.91025[0.206325],0.912738[0.197548],0.907777[0.214665],19,0_88
Signal0,1[0],1[0],1[0],19,0_88
Hybridindex,17.9528[1.18233],17.9666[1.16216],17.9392[1.20154],20,0_88
Pref0,0.91275[0.200655],0.910425[0.202021],0.91502[0.199287],20,0_88
Signal0,1[0],1[0],1[0],20,0_88
Hybridindex,17.9145[1.1852],17.89[1.19766],17.939[1.17208],21,0_88
Pref0,0.9055[0.208134],0.918[0.19436],0.893[0.220343],21,0_88
Signal0,1[0],1[0],1[0],21,0_88
Hybridindex,17.9163[1.18916],17.9167[1.1894],17.9158[1.18892],22,0_88
Pref0,0.8995[0.209523],0.902282[0.208035],0.896673[0.210986],22,0_88
Signal0,1[0],1[0],1[0],22,0_88
Hybridindex,17.941[1.17517],17.9414[1.2072],17.9406[1.14176],23,0_88
Pref0,0.90075[0.204999],0.896723[0.208459],0.904834[0.201347],23,0_88
Signal0,1[0],1[0],1[0],23,0_88
Hybridindex,17.9602[1.12485],17.9357[1.1442],17.9842[1.10516],24,0_88
Pref0,0.9005[0.208806],0.903749[0.203456],0.897335[0.213842],24,0_88
Signal0,1[0],1[0],1[0],24,0_88
Hybridindex,17.943[1.15758],17.9305[1.15544],17.9553[1.15956],25,0_88
Pref0,0.904[0.207446],0.901309[0.210089],0.906653[0.204773],25,0_88
Signal0,1[0],1[0],1[0],25,0_88
Hybridindex,17.9297[1.12369],17.9249[1.0989],17.9346[1.14789],26,0_88
Pref0,0.90125[0.21065],0.896897[0.213133],0.905594[0.208051],26,0_88
Signal0,1[0],1[0],1[0],26,0_88
Hybridindex,17.974[1.14284],18[1.12555],17.9468[1.16004],27,0_88
Pref0,0.901[0.207241],0.895894[0.211273],0.906346[0.202797],27,0_88
Signal0,1[0],1[0],1[0],27,0_88
Hybridindex,17.9172[1.17708],17.9214[1.18659],17.9131[1.16751],28,0_88
Pref0,0.9085[0.208873],0.904905[0.215668],0.912088[0.201799],28,0_88
Signal0,1[0],1[0],1[0],28,0_88
Hybridindex,17.9123[1.13641],17.9152[1.12087],17.9093[1.15164],29,0_88
Pref0,0.907[0.203963],0.910732[0.199184],0.90329[0.208539],29,0_88
Signal0,1[0],1[0],1[0],29,0_88
Hybridindex,17.8955[1.1705],17.8851[1.19033],17.906[1.15003],30,0_88
Pref0,0.91[0.200375],0.910448[0.199353],0.909548[0.2014],30,0_88
Signal0,1[0],1[0],1[0],30,0_88
Hybridindex,17.8965[1.17315],17.8804[1.14763],17.9118[1.19668],31,0_88
Pref0,0.9145[0.197332],0.922485[0.189286],0.90692[0.204389],31,0_88
Signal0,1[0],1[0],1[0],31,0_88
Hybridindex,17.8855[1.19641],17.8036[1.20373],17.9679[1.18329],32,0_88
Pref0,0.91475[0.197123],0.920239[0.189766],0.909228[0.204108],32,0_88
Signal0,1[0],1[0],1[0],32,0_88
Hybridindex,17.8942[1.14201],17.9615[1.15184],17.8234[1.12724],33,0_88
Pref0,0.91325[0.197103],0.918129[0.194021],0.908111[0.200169],33,0_88
Signal0,1[0],1[0],1[0],33,0_88
Hybridindex,17.8855[1.11373],17.866[1.09091],17.9045[1.13528],34,0_88
Pref0,0.9125[0.200234],0.911527[0.197324],0.913452[0.203036],34,0_88
Signal0,1[0],1[0],1[0],34,0_88
Hybridindex,17.9075[1.1198],17.9101[1.08097],17.905[1.15616],35,0_88
Pref0,0.916[0.192857],0.916667[0.193036],0.915354[0.192682],35,0_88
Signal0,1[0],1[0],1[0],35,0_88
Hybridindex,17.87[1.15124],17.9256[1.11104],17.8121[1.18895],36,0_88
Pref0,0.91425[0.200679],0.910382[0.20534],0.918284[0.195618],36,0_88
Signal0,1[0],1[0],1[0],36,0_88
Hybridindex,17.8788[1.15582],17.8643[1.13744],17.8937[1.17434],37,0_88
Pref0,0.912[0.198761],0.916421[0.191757],0.907426[0.205657],37,0_88
Signal0,1[0],1[0],1[0],37,0_88
Hybridindex,17.8805[1.18847],17.8986[1.1923],17.8633[1.18456],38,0_88
Pref0,0.91075[0.199147],0.909836[0.198781],0.911621[0.199491],38,0_88
Signal0,1[0],1[0],1[0],38,0_88
Hybridindex,17.9275[1.1649],17.9371[1.1787],17.9184[1.15168],39,0_88
Pref0,0.91875[0.193063],0.92268[0.186396],0.915049[0.199068],39,0_88
Signal0,1[0],1[0],1[0],39,0_88
Hybridindex,17.9035[1.16111],17.8891[1.14358],17.9177[1.17795],40,0_88
Pref0,0.916[0.196071],0.927923[0.181272],0.904266[0.208955],40,0_88
Signal0,1[0],1[0],1[0],40,0_88
Hybridindex,17.8835[1.12735],17.8963[1.1344],17.8706[1.12008],41,0_88
Pref0,0.91475[0.19457],0.921236[0.190182],0.908225[0.198673],41,0_88
Signal0,1[0],1[0],1[0],41,0_88
Hybridindex,17.9035[1.10857],17.9452[1.08175],17.8599[1.13429],42,0_88
Pref0,0.916[0.190903],0.921722[0.186999],0.91002[0.19472],42,0_88
Signal0,1[0],1[0],1[0],42,0_88
Hybridindex,17.896[1.11262],17.9177[1.10545],17.8742[1.11936],43,0_88
Pref0,0.911[0.201442],0.91517[0.196754],0.906814[0.205958],43,0_88
Signal0,1[0],1[0],1[0],43,0_88
Hybridindex,17.8962[1.12522],17.8949[1.10786],17.8975[1.14197],44,0_88
Pref0,0.91675[0.197976],0.916667[0.195595],0.916832[0.200282],44,0_88
Signal0,1[0],1[0],1[0],44,0_88
Hybridindex,17.8917[1.13056],17.8933[1.13742],17.8902[1.1238],45,0_88
Pref0,0.908[0.200714],0.907482[0.201823],0.908506[0.199621],45,0_88
Signal0,1[0],1[0],1[0],45,0_88
Hybridindex,17.8998[1.11885],17.9005[1.11261],17.899[1.12537],46,0_88
Pref0,0.904[0.207446],0.905854[0.206397],0.902051[0.208526],46,0_88
Signal0,1[0],1[0],1[0],46,0_88
Hybridindex,17.9237[1.14839],17.8956[1.13922],17.9517[1.15674],47,0_88
Pref0,0.903[0.209979],0.903614[0.209577],0.90239[0.210374],47,0_88
Signal0,1[0],1[0],1[0],47,0_88
Hybridindex,17.921[1.10624],17.9327[1.11361],17.9097[1.09898],48,0_88
Pref0,0.9005[0.208806],0.896534[0.208749],0.904318[0.208789],48,0_88
Signal0,1[0],1[0],1[0],48,0_88
Hybridindex,17.889[1.12347],17.9176[1.09414],17.8617[1.15011],49,0_88
Pref0,0.9015[0.211063],0.896111[0.220971],0.906647[0.201011],49,0_88
Signal0,1[0],1[0],1[0],49,0_88
Hybridindex,17.8525[1.15141],17.8246[1.17176],17.8801[1.13023],50,0_88
Pref0,0.90625[0.207572],0.907035[0.204597],0.905473[0.210472],50,0_88
Signal0,1[0],1[0],1[0],50,0_88
Hybridindex,17.8947[1.12973],17.9022[1.13866],17.8867[1.11996],51,0_88
Pref0,0.90875[0.203834],0.909923[0.204308],0.907484[0.203315],51,0_88
Signal0,1[0],1[0],1[0],51,0_88
Hybridindex,17.8858[1.14327],17.8943[1.14392],17.8774[1.14257],52,0_88
Pref0,0.90975[0.201817],0.913897[0.195334],0.90566[0.20793],52,0_88
Signal0,1[0],1[0],1[0],52,0_88
Hybridindex,17.8712[1.1437],17.8818[1.14248],17.8609[1.14479],53,0_88
Pref0,0.914[0.197114],0.916329[0.193314],0.911736[0.200715],53,0_88
Signal0,1[0],1[0],1[0],53,0_88
Hybridindex,17.8523[1.14009],17.8477[1.17265],17.8568[1.10668],54,0_88
Pref0,0.91275[0.202515],0.912325[0.202881],0.913174[0.202149],54,0_88
Signal0,1[0],1[0],1[0],54,0_88
Hybridindex,17.8375[1.13207],17.8451[1.11842],17.8304[1.14461],55,0_88
Pref0,0.91525[0.198601],0.91399[0.196764],0.916425[0.200292],55,0_88
Signal0,1[0],1[0],1[0],55,0_88
Hybridindex,17.8848[1.14579],17.8161[1.15799],17.9542[1.12908],56,0_88
Pref0,0.91525[0.201103],0.920477[0.194707],0.90996[0.207242],56,0_88
Signal0,1[0],1[0],1[0],56,0_88
Hybridindex,17.9073[1.12484],17.9011[1.12309],17.9135[1.12658],57,0_88
Pref0,0.919[0.19089],0.922465[0.185059],0.915493[0.196553],57,0_88
Signal0,1[0],1[0],1[0],57,0_88
Hybridindex,17.874[1.14733],17.8322[1.15938],17.9182[1.13277],58,0_88
Pref0,0.926[0.183777],0.930934[0.175316],0.920782[0.192183],58,0_88
Signal0,1[0],1[0],1[0],58,0_88
Hybridindex,17.8493[1.13486],17.8401[1.15305],17.8576[1.11794],59,0_88
Pref0,0.92575[0.183336],0.921908[0.18438],0.929254[0.182307],59,0_88
Signal0,1[0],1[0],1[0],59,0_88
Hybridindex,17.8738[1.11834],17.8899[1.14243],17.8569[1.09234],60,0_88
Pref0,0.92175[0.189742],0.92319[0.186953],0.920245[0.192601],60,0_88
Signal0,1[0],1[0],1[0],60,0_88
Hybridindex,17.832[1.12828],17.8346[1.14241],17.8292[1.11324],61,0_88
Pref0,0.91775[0.193287],0.915122[0.19535],0.920513[0.191056],61,0_88
Signal0,1[0],1[0],1[0],61,0_88
Hybridindex,17.8027[1.11466],17.8137[1.10824],17.7913[1.12125],62,0_88
Pref0,0.91775[0.196494],0.919512[0.190275],0.915897[0.20281],62,0_88
Signal0,1[0],1[0],1[0],62,0_88
Hybridindex,17.783[1.12868],17.7818[1.13101],17.7841[1.12649],63,0_88
Pref0,0.9225[0.187733],0.930714[0.178636],0.914811[0.195554],63,0_88
Signal0,1[0],1[0],1[0],63,0_88
Hybridindex,17.776[1.15177],17.7667[1.16165],17.7853[1.14171],64,0_88
Pref0,0.91975[0.189565],0.916583[0.19039],0.922923[0.188681],64,0_88
Signal0,1[0],1[0],1[0],64,0_88
Hybridindex,17.785[1.14467],17.793[1.13326],17.7771[1.15581],65,0_88
Pref0,0.9115[0.200419],0.911558[0.19726],0.911443[0.203498],65,0_88
Signal0,1[0],1[0],1[0],65,0_88
Hybridindex,17.8155[1.15161],17.8373[1.15132],17.7951[1.15151],66,0_88
Pref0,0.91175[0.202082],0.907025[0.206136],0.916182[0.198101],66,0_88
Signal0,1[0],1[0],1[0],66,0_88
Hybridindex,17.8335[1.12773],17.8053[1.1315],17.8623[1.12313],67,0_88
Pref0,0.9085[0.204029],0.910079[0.204488],0.906883[0.203544],67,0_88
Signal0,1[0],1[0],1[0],67,0_88
Hybridindex,17.847[1.14754],17.8134[1.15525],17.8809[1.13869],68,0_88
Pref0,0.9035[0.209016],0.904478[0.212378],0.902513[0.20556],68,0_88
Signal0,1[0],1[0],1[0],68,0_88
Hybridindex,17.8075[1.09952],17.8117[1.08769],17.8032[1.11161],69,0_88
Pref0,0.89975[0.213483],0.900197[0.212953],0.899288[0.214029],69,0_88
Signal0,1[0],1[0],1[0],69,0_88
Hybridindex,17.8185[1.09239],17.8266[1.08403],17.8098[1.10126],70,0_88
Pref0,0.894[0.219691],0.8921[0.220385],0.89605[0.21892],70,0_88
Signal0,1[0],1[0],1[0],70,0_88
Hybridindex,17.8305[1.12317],17.8415[1.14564],17.8191[1.09938],71,0_88
Pref0,0.899[0.212836],0.895177[0.216419],0.902947[0.208998],71,0_88
Signal0,1[0],1[0],1[0],71,0_88
Hybridindex,17.8278[1.1114],17.8222[1.12387],17.8332[1.09916],72,0_88
Pref0,0.90325[0.208001],0.905488[0.203402],0.901083[0.212338],72,0_88
Signal0,1[0],1[0],1[0],72,0_88
Hybridindex,17.8332[1.09821],17.8661[1.11511],17.7999[1.07975],73,0_88
Pref0,0.9025[0.20614],0.904266[0.206568],0.900706[0.205689],73,0_88
Signal0,1[0],1[0],1[0],73,0_88
Hybridindex,17.8335[1.09249],17.8121[1.08035],17.8569[1.10517],74,0_88
Pref0,0.90825[0.207261],0.909656[0.206751],0.906709[0.207806],74,0_88
Signal0,1[0],1[0],1[0],74,0_88
Hybridindex,17.8287[1.10535],17.8585[1.11944],17.7969[1.08913],75,0_88
Pref0,0.90575[0.201226],0.908213[0.197277],0.903109[0.205345],75,0_88
Signal0,1[0],1[0],1[0],75,0_88
Hybridindex,17.8702[1.07147],17.8531[1.08649],17.8868[1.05657],76,0_88
Pref0,0.90375[0.208233],0.908673[0.203481],0.89902[0.212591],76,0_88
Signal0,1[0],1[0],1[0],76,0_88
Hybridindex,17.8768[1.0591],17.8695[1.05701],17.8847[1.06134],77,0_88
Pref0,0.899[0.213422],0.897143[0.215785],0.901053[0.21076],77,0_88
Signal0,1[0],1[0],1[0],77,0_88
Hybridindex,17.9138[1.06463],17.8885[1.08188],17.9386[1.04682],78,0_88
Pref0,0.8955[0.218128],0.890515[0.223202],0.900396[0.212913],78,0_88
Signal0,1[0],1[0],1[0],78,0_88
Hybridindex,17.9473[1.08136],17.9512[1.08877],17.9431[1.0735],79,0_88
Pref0,0.89675[0.216135],0.893659[0.220661],0.9[0.211224],79,0_88
Signal0,1[0],1[0],1[0],79,0_88
Hybridindex,17.9277[1.07977],17.9029[1.05853],17.9533[1.1006],80,0_88
Pref0,0.8955[0.216979],0.90286[0.206363],0.887931[0.227131],80,0_88
Signal0,1[0],1[0],1[0],80,0_88
Hybridindex,17.9423[1.04716],17.9534[1.05279],17.9306[1.04113],81,0_88
Pref0,0.89525[0.218294],0.894118[0.221547],0.896429[0.21485],81,0_88
Signal0,1[0],1[0],1[0],81,0_88
Hybridindex,17.9035[1.05697],17.9323[1.05089],17.874[1.06236],82,0_88
Pref0,0.895[0.218461],0.892787[0.222538],0.897267[0.21418],82,0_88
Signal0,1[0],1[0],1[0],82,0_88
Hybridindex,17.8785[1.07307],17.8397[1.04532],17.9189[1.09977],83,0_88
Pref0,0.90275[0.211937],0.901471[0.208514],0.904082[0.215434],83,0_88
Signal0,1[0],1[0],1[0],83,0_88
Hybridindex,17.8465[1.0678],17.8461[1.04789],17.8469[1.08749],84,0_88
Pref0,0.902[0.208916],0.903884[0.205683],0.9001[0.212108],84,0_88
Signal0,1[0],1[0],1[0],84,0_88
Hybridindex,17.871[1.04576],17.9035[1.02051],17.8382[1.06966],85,0_88
Pref0,0.903[0.214105],0.909453[0.209857],0.896482[0.218118],85,0_88
Signal0,1[0],1[0],1[0],85,0_88
Hybridindex,17.8568[1.06787],17.8363[1.07653],17.8777[1.05855],86,0_88
Pref0,0.90825[0.202378],0.90455[0.207522],0.912032[0.196909],86,0_88
Signal0,1[0],1[0],1[0],86,0_88
Hybridindex,17.887[1.07726],17.8739[1.0734],17.9[1.08091],87,0_88
Pref0,0.9075[0.203577],0.896482[0.21228],0.918408[0.193962],87,0_88
Signal0,1[0],1[0],1[0],87,0_88
Hybridindex,17.897[1.04756],17.9054[1.03018],17.8886[1.06474],88,0_88
Pref0,0.91025[0.203887],0.908865[0.203091],0.911647[0.204676],88,0_88
Signal0,1[0],1[0],1[0],88,0_88
Hybridindex,17.8765[1.07506],17.9124[1.04543],17.8404[1.10294],89,0_88
Pref0,0.90775[0.205827],0.913347[0.203214],0.902108[0.208276],89,0_88
Signal0,1[0],1[0],1[0],89,0_88
Hybridindex,17.881[1.07928],17.8704[1.0651],17.8915[1.09303],90,0_88
Pref0,0.9015[0.212245],0.901508[0.208724],0.901493[0.215674],90,0_88
Signal0,1[0],1[0],1[0],90,0_88
Hybridindex,17.9085[1.06343],17.9169[1.11343],17.8994[1.00626],91,0_88
Pref0,0.9[0.216217],0.897695[0.216634],0.902503[0.215736],91,0_88
Signal0,1[0],1[0],1[0],91,0_88
Hybridindex,17.9013[1.0554],17.9063[1.06016],17.8967[1.05101],92,0_88
Pref0,0.90175[0.21029],0.891099[0.218693],0.911483[0.201815],92,0_88
Signal0,1[0],1[0],1[0],92,0_88
Hybridindex,17.898[1.05705],17.8975[1.07446],17.8984[1.04018],93,0_88
Pref0,0.907[0.205794],0.913422[0.198442],0.900879[0.212383],93,0_88
Signal0,1[0],1[0],1[0],93,0_88
Hybridindex,17.8657[1.0548],17.8592[1.01194],17.8723[1.09579],94,0_88
Pref0,0.916[0.196708],0.918337[0.194087],0.913673[0.199257],94,0_88
Signal0,1[0],1[0],1[0],94,0_88
Hybridindex,17.915[1.04356],17.8936[1.01077],17.9381[1.07742],95,0_88
Pref0,0.91825[0.188923],0.923003[0.183119],0.913111[0.194874],95,0_88
Signal0,1[0],1[0],1[0],95,0_88
Hybridindex,17.907[1.05515],17.9328[1.04468],17.881[1.06498],96,0_88
Pref0,0.9195[0.190446],0.922809[0.186089],0.916165[0.194683],96,0_88
Signal0,1[0],1[0],1[0],96,0_88
Hybridindex,17.9318[1.04437],17.9167[1.02155],17.9472[1.06716],97,0_88
Pref0,0.92675[0.185767],0.932512[0.180659],0.920812[0.190706],97,0_88
Signal0,1[0],1[0],1[0],97,0_88
Hybridindex,17.932[1.07419],17.8771[1.07355],17.9857[1.0721],98,0_88
Pref0,0.9305[0.179359],0.933771[0.176793],0.9273[0.181777],98,0_88
Signal0,1[0],1[0],1[0],98,0_88
Hybridindex,17.953[1.04537],17.9304[1.08332],17.9762[1.00439],99,0_88
Pref0,0.92975[0.179416],0.928924[0.181533],0.930598[0.177212],99,0_88
Signal0,1[0],1[0],1[0],99,0_88
Hybridindex,17.9262[1.03111],17.9394[1.04054],17.9129[1.02128],100,0_88
Pref0,0.9255[0.183575],0.916087[0.194664],0.935045[0.171071],100,0_88
Signal0,1[0],1[0],1[0],100,0_88
Hybridindex,12.665[8.33353],12.6884[8.38864],12.6424[8.27996],1,0_89
Pref0,0.63325[0.416677],0.63442[0.419432],0.632122[0.413998],1,0_89
Signal0,0.63325[0.416677],0.63442[0.419432],0.632122[0.413998],1,0_89
Hybridindex,15.3522[5.95038],15.3198[6.02082],15.3829[5.88298],2,0_89
Pref0,0.7705[0.322226],0.769825[0.326177],0.771137[0.318452],2,0_89
Signal0,0.7695[0.324992],0.76725[0.327111],0.771623[0.322965],2,0_89
Hybridindex,17.0975[3.61925],17.2153[3.5381],16.9778[3.69605],3,0_89
Pref0,0.855[0.250948],0.857143[0.253798],0.852823[0.248],3,0_89
Signal0,0.87775[0.233837],0.883929[0.226953],0.871472[0.240469],3,0_89
Hybridindex,17.567[2.46364],17.5401[2.443],17.596[2.4853],4,0_89
Pref0,0.869[0.239977],0.869208[0.240711],0.868776[0.239186],4,0_89
Signal0,0.93025[0.175385],0.927606[0.178665],0.933091[0.171745],4,0_89
Hybridindex,17.6445[1.9151],17.6533[1.94306],17.6353[1.88546],5,0_89
Pref0,0.88[0.233666],0.873164[0.240031],0.88713[0.226619],5,0_89
Signal0,0.964[0.130208],0.961312[0.135413],0.966803[0.124485],5,0_89
Hybridindex,17.644[1.70507],17.6857[1.72832],17.5996[1.67884],6,0_89
Pref0,0.88925[0.217047],0.883608[0.225729],0.895253[0.207243],6,0_89
Signal0,0.982[0.093145],0.980116[0.0977059],0.984004[0.087989],6,0_89
Hybridindex,17.653[1.54502],17.6765[1.54934],17.6304[1.54052],7,0_89
Pref0,0.88075[0.229466],0.877551[0.231027],0.883824[0.227913],7,0_89
Signal0,0.99275[0.0597699],0.992857[0.059333],0.992647[0.0601864],7,0_89
Hybridindex,17.6792[1.4656],17.7043[1.44836],17.6546[1.48193],8,0_89
Pref0,0.88125[0.22533],0.876387[0.230402],0.886026[0.220129],8,0_89
Signal0,0.99825[0.0295286],0.998486[0.0274685],0.998018[0.031419],8,0_89
Hybridindex,17.7175[1.35617],17.6949[1.35167],17.7406[1.36036],9,0_89
Pref0,0.88575[0.227644],0.885262[0.225019],0.886249[0.230296],9,0_89
Signal0,0.99975[0.0111775],1[0],0.999494[0.015891],9,0_89
Hybridindex,17.671[1.35886],17.5709[1.41216],17.7672[1.29836],10,0_89
Pref0,0.88025[0.230835],0.877041[0.235678],0.883333[0.226042],10,0_89
Signal0,0.99975[0.0111775],1[0],0.99951[0.0156479],10,0_89
Hybridindex,17.6558[1.34438],17.6368[1.35967],17.6749[1.32849],11,0_89
Pref0,0.87825[0.23033],0.863184[0.236975],0.893467[0.222384],11,0_89
Signal0,0.99975[0.0111775],0.999502[0.0157642],1[0],11,0_89
Hybridindex,17.651[1.35183],17.6145[1.34403],17.6859[1.35834],12,0_89
Pref0,0.88175[0.223365],0.879346[0.225571],0.884051[0.221209],12,0_89
Signal0,1[0],1[0],1[0],12,0_89
Hybridindex,17.6325[1.37602],17.6315[1.37203],17.6335[1.38001],13,0_89
Pref0,0.87125[0.240932],0.88[0.232594],0.8625[0.248684],13,0_89
Signal0,1[0],1[0],1[0],13,0_89
Hybridindex,17.6562[1.31575],17.6557[1.31472],17.6569[1.31682],14,0_89
Pref0,0.87175[0.239117],0.861576[0.245755],0.882234[0.231611],14,0_89
Signal0,1[0],1[0],1[0],14,0_89
Hybridindex,17.6805[1.30496],17.7134[1.30772],17.6495[1.3016],15,0_89
Pref0,0.87325[0.234114],0.876289[0.237371],0.870388[0.230969],15,0_89
Signal0,1[0],1[0],1[0],15,0_89
Hybridindex,17.7252[1.28282],17.7405[1.29997],17.7102[1.26541],16,0_89
Pref0,0.873[0.235841],0.869478[0.24034],0.876494[0.231239],16,0_89
Signal0,1[0],1[0],1[0],16,0_89
Hybridindex,17.763[1.22855],17.7399[1.26773],17.7869[1.18618],17,0_89
Pref0,0.87025[0.237781],0.86529[0.243993],0.875381[0.231067],17,0_89
Signal0,1[0],1[0],1[0],17,0_89
Hybridindex,17.7452[1.24969],17.7201[1.25874],17.7697[1.24034],18,0_89
Pref0,0.8725[0.236101],0.874746[0.238915],0.870316[0.233312],18,0_89
Signal0,1[0],1[0],1[0],18,0_89
Hybridindex,17.723[1.21368],17.6933[1.21648],17.7546[1.20988],19,0_89
Pref0,0.874[0.234252],0.869186[0.238779],0.879132[0.229215],19,0_89
Signal0,1[0],1[0],1[0],19,0_89
Hybridindex,17.7132[1.24856],17.6757[1.27288],17.7505[1.22281],20,0_89
Pref0,0.87025[0.239875],0.875502[0.236189],0.86504[0.243364],20,0_89
Signal0,1[0],1[0],1[0],20,0_89
Hybridindex,17.7127[1.23506],17.7231[1.23786],17.7028[1.23225],21,0_89
Pref0,0.88025[0.2248],0.877033[0.229042],0.883366[0.220569],21,0_89
Signal0,1[0],1[0],1[0],21,0_89
Hybridindex,17.699[1.21332],17.7029[1.22828],17.6951[1.19822],22,0_89
Pref0,0.87025[0.233538],0.873747[0.227367],0.866766[0.239476],22,0_89
Signal0,1[0],1[0],1[0],22,0_89
Hybridindex,17.7125[1.21946],17.6599[1.22317],17.7665[1.21328],23,0_89
Pref0,0.867[0.24251],0.876604[0.23211],0.857143[0.252359],23,0_89
Signal0,1[0],1[0],1[0],23,0_89
Hybridindex,17.7033[1.16804],17.645[1.18747],17.758[1.14678],24,0_89
Pref0,0.8705[0.232873],0.867905[0.229622],0.872939[0.235861],24,0_89
Signal0,1[0],1[0],1[0],24,0_89
Hybridindex,17.6782[1.18758],17.6731[1.20077],17.6835[1.17393],25,0_89
Pref0,0.8705[0.239227],0.877349[0.239087],0.863498[0.239168],25,0_89
Signal0,1[0],1[0],1[0],25,0_89
Hybridindex,17.7078[1.16274],17.6948[1.16557],17.7204[1.15984],26,0_89
Pref0,0.8805[0.230694],0.884615[0.229076],0.876482[0.232192],26,0_89
Signal0,1[0],1[0],1[0],26,0_89
Hybridindex,17.7003[1.17698],17.7446[1.19099],17.6577[1.16179],27,0_89
Pref0,0.87875[0.232214],0.877937[0.233032],0.87953[0.231425],27,0_89
Signal0,1[0],1[0],1[0],27,0_89
Hybridindex,17.6902[1.18001],17.6892[1.16003],17.6913[1.19982],28,0_89
Pref0,0.87775[0.234904],0.875[0.237354],0.880522[0.232375],28,0_89
Signal0,1[0],1[0],1[0],28,0_89
Hybridindex,17.704[1.1877],17.7249[1.2029],17.6819[1.17104],29,0_89
Pref0,0.8705[0.23818],0.87926[0.230423],0.861254[0.245764],29,0_89
Signal0,1[0],1[0],1[0],29,0_89
Hybridindex,17.686[1.21033],17.6875[1.1916],17.6844[1.22967],30,0_89
Pref0,0.8675[0.244834],0.864746[0.247087],0.870389[0.242414],30,0_89
Signal0,1[0],1[0],1[0],30,0_89
Hybridindex,17.6795[1.21759],17.6848[1.24731],17.6741[1.18655],31,0_89
Pref0,0.86725[0.238228],0.860258[0.241396],0.874369[0.234744],31,0_89
Signal0,1[0],1[0],1[0],31,0_89
Hybridindex,17.666[1.15486],17.6832[1.14435],17.6489[1.16493],32,0_89
Pref0,0.867[0.238874],0.864458[0.242771],0.869522[0.234918],32,0_89
Signal0,1[0],1[0],1[0],32,0_89
Hybridindex,17.6675[1.16026],17.6259[1.15046],17.7116[1.16892],33,0_89
Pref0,0.866[0.24299],0.870262[0.241332],0.861483[0.244653],33,0_89
Signal0,1[0],1[0],1[0],33,0_89
Hybridindex,17.6875[1.17328],17.6848[1.16472],17.6902[1.18193],34,0_89
Pref0,0.8595[0.245479],0.855798[0.246419],0.863269[0.24446],34,0_89
Signal0,1[0],1[0],1[0],34,0_89
Hybridindex,17.7108[1.17493],17.6948[1.17916],17.7265[1.17054],35,0_89
Pref0,0.8605[0.246556],0.866801[0.239655],0.854311[0.252997],35,0_89
Signal0,1[0],1[0],1[0],35,0_89
Hybridindex,17.721[1.17714],17.7314[1.18711],17.7107[1.16711],36,0_89
Pref0,0.85775[0.244724],0.852616[0.248047],0.862823[0.241289],36,0_89
Signal0,1[0],1[0],1[0],36,0_89
Hybridindex,17.7162[1.13638],17.7706[1.11975],17.6609[1.15043],37,0_89
Pref0,0.855[0.244387],0.851833[0.244055],0.858224[0.244682],37,0_89
Signal0,1[0],1[0],1[0],37,0_89
Hybridindex,17.7228[1.16587],17.721[1.15785],17.7246[1.17443],38,0_89
Pref0,0.856[0.249026],0.859556[0.243279],0.852178[0.255003],38,0_89
Signal0,1[0],1[0],1[0],38,0_89
Hybridindex,17.7215[1.16531],17.735[1.16223],17.708[1.16822],39,0_89
Pref0,0.86075[0.245936],0.859[0.246209],0.8625[0.24565],39,0_89
Signal0,1[0],1[0],1[0],39,0_89
Hybridindex,17.688[1.17437],17.701[1.142],17.6747[1.20637],40,0_89
Pref0,0.86425[0.244841],0.866832[0.241363],0.861616[0.24831],40,0_89
Signal0,1[0],1[0],1[0],40,0_89
Hybridindex,17.717[1.12201],17.7045[1.11993],17.7292[1.1239],41,0_89
Pref0,0.87075[0.238578],0.869433[0.239468],0.872036[0.237699],41,0_89
Signal0,1[0],1[0],1[0],41,0_89
Hybridindex,17.699[1.15321],17.7513[1.15623],17.6473[1.14787],42,0_89
Pref0,0.87775[0.2386],0.876884[0.237593],0.878607[0.239589],42,0_89
Signal0,1[0],1[0],1[0],42,0_89
Hybridindex,17.7018[1.14855],17.6964[1.15539],17.7072[1.14154],43,0_89
Pref0,0.881[0.22492],0.87748[0.222982],0.884577[0.226816],43,0_89
Signal0,1[0],1[0],1[0],43,0_89
Hybridindex,17.6852[1.16203],17.7067[1.14716],17.6626[1.17712],44,0_89
Pref0,0.89125[0.218056],0.877918[0.225833],0.90535[0.208592],44,0_89
Signal0,1[0],1[0],1[0],44,0_89
Hybridindex,17.6953[1.14674],17.6963[1.14867],17.6943[1.14483],45,0_89
Pref0,0.8955[0.221539],0.898083[0.220554],0.892963[0.222474],45,0_89
Signal0,1[0],1[0],1[0],45,0_89
Hybridindex,17.713[1.14526],17.6637[1.13997],17.762[1.1484],46,0_89
Pref0,0.89875[0.206454],0.909137[0.197948],0.888446[0.214062],46,0_89
Signal0,1[0],1[0],1[0],46,0_89
Hybridindex,17.72[1.18178],17.7025[1.18644],17.7386[1.17651],47,0_89
Pref0,0.893[0.218634],0.885174[0.229051],0.901343[0.206626],47,0_89
Signal0,1[0],1[0],1[0],47,0_89
Hybridindex,17.7647[1.13481],17.7372[1.11813],17.7931[1.15102],48,0_89
Pref0,0.8965[0.215146],0.898422[0.217656],0.894523[0.212515],48,0_89
Signal0,1[0],1[0],1[0],48,0_89
Hybridindex,17.7705[1.15427],17.7893[1.11892],17.752[1.18773],49,0_89
Pref0,0.8965[0.218604],0.895161[0.22247],0.897817[0.214724],49,0_89
Signal0,1[0],1[0],1[0],49,0_89
Hybridindex,17.7868[1.12923],17.8272[1.08882],17.746[1.16713],50,0_89
Pref0,0.8895[0.21918],0.888446[0.224287],0.890562[0.213903],50,0_89
Signal0,1[0],1[0],1[0],50,0_89
Hybridindex,17.8205[1.12729],17.8081[1.12178],17.8317[1.13214],51,0_89
Pref0,0.8875[0.222135],0.892744[0.217673],0.882745[0.225998],51,0_89
Signal0,1[0],1[0],1[0],51,0_89
Hybridindex,17.785[1.14161],17.764[1.17681],17.8033[1.10979],52,0_89
Pref0,0.8895[0.222013],0.891398[0.222477],0.88785[0.221596],52,0_89
Signal0,1[0],1[0],1[0],52,0_89
Hybridindex,17.8038[1.12355],17.7773[1.14711],17.8288[1.10022],53,0_89
Pref0,0.88425[0.225781],0.884774[0.227019],0.883755[0.224602],53,0_89
Signal0,1[0],1[0],1[0],53,0_89
Hybridindex,17.8208[1.12194],17.8022[1.15444],17.8389[1.08877],54,0_89
Pref0,0.8765[0.23611],0.887487[0.22731],0.865709[0.243963],54,0_89
Signal0,1[0],1[0],1[0],54,0_89
Hybridindex,17.8055[1.08151],17.7862[1.07306],17.8251[1.08968],55,0_89
Pref0,0.87875[0.232752],0.87252[0.239603],0.885081[0.225401],55,0_89
Signal0,1[0],1[0],1[0],55,0_89
Hybridindex,17.811[1.06503],17.7947[1.05092],17.829[1.08002],56,0_89
Pref0,0.87275[0.233843],0.86915[0.234497],0.876705[0.233057],56,0_89
Signal0,1[0],1[0],1[0],56,0_89
Hybridindex,17.8085[1.05597],17.8209[1.04988],17.796[1.06194],57,0_89
Pref0,0.876[0.233718],0.875622[0.234898],0.876382[0.232519],57,0_89
Signal0,1[0],1[0],1[0],57,0_89
Hybridindex,17.832[1.05642],17.8322[1.05715],17.8318[1.0557],58,0_89
Pref0,0.87625[0.235714],0.879899[0.232742],0.872637[0.238564],58,0_89
Signal0,1[0],1[0],1[0],58,0_89
Hybridindex,17.872[1.07732],17.8679[1.08246],17.8761[1.07214],59,0_89
Pref0,0.8765[0.230212],0.88038[0.230236],0.872627[0.230124],59,0_89
Signal0,1[0],1[0],1[0],59,0_89
Hybridindex,17.8667[1.04085],17.8558[1.0726],17.8765[1.01159],60,0_89
Pref0,0.88[0.232056],0.885472[0.229414],0.875118[0.23428],60,0_89
Signal0,1[0],1[0],1[0],60,0_89
Hybridindex,17.847[1.05905],17.8401[1.07107],17.8543[1.04612],61,0_89
Pref0,0.8745[0.232378],0.87172[0.234463],0.877446[0.230112],61,0_89
Signal0,1[0],1[0],1[0],61,0_89
Hybridindex,17.8445[1.06411],17.8248[1.06578],17.8647[1.06201],62,0_89
Pref0,0.8785[0.23289],0.880553[0.232049],0.876393[0.233731],62,0_89
Signal0,1[0],1[0],1[0],62,0_89
Hybridindex,17.8197[1.06765],17.7921[1.06834],17.8466[1.0663],63,0_89
Pref0,0.889[0.224564],0.891481[0.22153],0.886588[0.22745],63,0_89
Signal0,1[0],1[0],1[0],63,0_89
Hybridindex,17.8302[1.07984],17.762[1.08239],17.8982[1.07299],64,0_89
Pref0,0.9[0.21272],0.896794[0.215552],0.903194[0.209814],64,0_89
Signal0,1[0],1[0],1[0],64,0_89
Hybridindex,17.8773[1.05715],17.862[1.07429],17.8922[1.03988],65,0_89
Pref0,0.90575[0.209146],0.90546[0.20708],0.906034[0.211146],65,0_89
Signal0,1[0],1[0],1[0],65,0_89
Hybridindex,17.8932[1.05994],17.8761[1.04847],17.9113[1.07158],66,0_89
Pref0,0.89975[0.207545],0.901463[0.206121],0.897949[0.209017],66,0_89
Signal0,1[0],1[0],1[0],66,0_89
Hybridindex,17.9492[1.00427],17.9713[1.00148],17.9276[1.00653],67,0_89
Pref0,0.8955[0.217554],0.888105[0.221295],0.902778[0.213559],67,0_89
Signal0,1[0],1[0],1[0],67,0_89
Hybridindex,17.9258[1.0497],17.9329[1.02994],17.9194[1.06708],68,0_89
Pref0,0.899[0.211658],0.901691[0.205262],0.896584[0.21721],68,0_89
Signal0,1[0],1[0],1[0],68,0_89
Hybridindex,17.951[1.04456],17.9667[1.02435],17.935[1.06442],69,0_89
Pref0,0.90125[0.212423],0.904171[0.210222],0.898288[0.214591],69,0_89
Signal0,1[0],1[0],1[0],69,0_89
Hybridindex,17.9707[1.04882],17.9672[1.04747],17.9741[1.0501],70,0_89
Pref0,0.90525[0.204077],0.904811[0.203971],0.90567[0.204177],70,0_89
Signal0,1[0],1[0],1[0],70,0_89
Hybridindex,17.95[1.02981],17.9595[1.02986],17.9409[1.02967],71,0_89
Pref0,0.911[0.201442],0.913934[0.199308],0.908203[0.203416],71,0_89
Signal0,1[0],1[0],1[0],71,0_89
Hybridindex,17.9443[1.0414],17.9357[1.03012],17.953[1.05274],72,0_89
Pref0,0.91725[0.193074],0.914936[0.196871],0.919616[0.189084],72,0_89
Signal0,1[0],1[0],1[0],72,0_89
Hybridindex,17.915[1.06596],17.9239[1.07289],17.9066[1.0593],73,0_89
Pref0,0.92025[0.193041],0.919753[0.19442],0.92072[0.191727],73,0_89
Signal0,1[0],1[0],1[0],73,0_89
Hybridindex,17.952[1.0539],17.9614[1.03473],17.9429[1.07205],74,0_89
Pref0,0.9155[0.195217],0.92378[0.18936],0.90748[0.200401],74,0_89
Signal0,1[0],1[0],1[0],74,0_89
Hybridindex,17.9455[1.04894],17.951[1.02642],17.9399[1.071],75,0_89
Pref0,0.92325[0.189036],0.918082[0.195562],0.928428[0.182115],75,0_89
Signal0,1[0],1[0],1[0],75,0_89
Hybridindex,17.947[1.04592],17.9412[1.06448],17.9524[1.02842],76,0_89
Pref0,0.922[0.188854],0.922477[0.183827],0.921559[0.193387],76,0_89
Signal0,1[0],1[0],1[0],76,0_89
Hybridindex,17.9625[1.05752],17.9751[1.05264],17.9498[1.06225],77,0_89
Pref0,0.9195[0.191101],0.921735[0.192341],0.917252[0.189819],77,0_89
Signal0,1[0],1[0],1[0],77,0_89
Hybridindex,17.9597[1.05535],17.9791[1.05269],17.9392[1.05776],78,0_89
Pref0,0.917[0.197132],0.921769[0.192049],0.911946[0.202257],78,0_89
Signal0,1[0],1[0],1[0],78,0_89
Hybridindex,17.9285[1.05825],17.9419[1.06264],17.9162[1.05405],79,0_89
Pref0,0.92575[0.181967],0.928347[0.178152],0.923372[0.185359],79,0_89
Signal0,1[0],1[0],1[0],79,0_89
Hybridindex,17.9273[1.03951],17.9457[1.01228],17.91[1.06408],80,0_89
Pref0,0.92475[0.186982],0.921406[0.186202],0.92788[0.187657],80,0_89
Signal0,1[0],1[0],1[0],80,0_89
Hybridindex,17.9178[1.02913],17.8495[1.06576],17.9855[0.986722],81,0_89
Pref0,0.92525[0.189176],0.92678[0.182359],0.923729[0.195705],81,0_89
Signal0,1[0],1[0],1[0],81,0_89
Hybridindex,17.96[1.0099],17.9634[1.03419],17.9566[0.985099],82,0_89
Pref0,0.92825[0.182967],0.923347[0.190942],0.933134[0.174525],82,0_89
Signal0,1[0],1[0],1[0],82,0_89
Hybridindex,17.9785[1.00724],17.9622[1.01147],17.9941[1.00292],83,0_89
Pref0,0.92725[0.181886],0.921939[0.191072],0.932353[0.172446],83,0_89
Signal0,1[0],1[0],1[0],83,0_89
Hybridindex,17.9485[1.03204],17.9555[1.03478],17.9415[1.02924],84,0_89
Pref0,0.92525[0.183132],0.923[0.180474],0.9275[0.185725],84,0_89
Signal0,1[0],1[0],1[0],84,0_89
Hybridindex,17.9507[1.02966],17.9456[1.018],17.9558[1.04101],85,0_89
Pref0,0.927[0.182129],0.927492[0.178895],0.926514[0.185261],85,0_89
Signal0,1[0],1[0],1[0],85,0_89
Hybridindex,17.9632[1.01478],17.9855[1.01221],17.9411[1.01685],86,0_89
Pref0,0.93525[0.171559],0.936937[0.17192],0.933566[0.171181],86,0_89
Signal0,1[0],1[0],1[0],86,0_89
Hybridindex,17.9465[1.03169],17.928[1.03784],17.9669[1.02449],87,0_89
Pref0,0.93925[0.168625],0.93416[0.173252],0.944853[0.163197],87,0_89
Signal0,1[0],1[0],1[0],87,0_89
Hybridindex,17.941[1.03285],17.9446[1.06312],17.9376[1.00373],88,0_89
Pref0,0.9435[0.164492],0.945652[0.16054],0.941489[0.168076],88,0_89
Signal0,1[0],1[0],1[0],88,0_89
Hybridindex,17.9383[1.03565],17.9612[1.03761],17.9163[1.03328],89,0_89
Pref0,0.945[0.159609],0.942799[0.162327],0.947111[0.156929],89,0_89
Signal0,1[0],1[0],1[0],89,0_89
Hybridindex,17.9428[1.02827],17.9168[1.02071],17.9677[1.03486],90,0_89
Pref0,0.93975[0.166568],0.942799[0.160746],0.936827[0.171915],90,0_89
Signal0,1[0],1[0],1[0],90,0_89
Hybridindex,17.9713[1.02521],17.9804[0.994131],17.9622[1.05493],91,0_89
Pref0,0.93675[0.172842],0.940141[0.1684],0.9334[0.177058],91,0_89
Signal0,1[0],1[0],1[0],91,0_89
Hybridindex,17.9608[1.01604],17.9437[1.02563],17.9779[1.00601],92,0_89
Pref0,0.93775[0.170294],0.939182[0.170887],0.936309[0.169682],92,0_89
Signal0,1[0],1[0],1[0],92,0_89
Hybridindex,17.949[1.03641],17.9664[1.03346],17.9312[1.03912],93,0_89
Pref0,0.93925[0.167136],0.936759[0.173469],0.941802[0.16035],93,0_89
Signal0,1[0],1[0],1[0],93,0_89
Hybridindex,17.9312[1.03109],17.9546[1.03734],17.9082[1.02439],94,0_89
Pref0,0.93975[0.170279],0.942036[0.164724],0.9375[0.175545],94,0_89
Signal0,1[0],1[0],1[0],94,0_89
Hybridindex,17.9665[1.00518],17.9692[0.963436],17.9639[1.04325],95,0_89
Pref0,0.94275[0.163087],0.939938[0.162553],0.945419[0.163548],95,0_89
Signal0,1[0],1[0],1[0],95,0_89
Hybridindex,17.9495[1.01511],17.9496[1.02002],17.9494[1.01006],96,0_89
Pref0,0.95175[0.151812],0.956028[0.143341],0.947368[0.159906],96,0_89
Signal0,1[0],1[0],1[0],96,0_89
Hybridindex,17.952[1.02467],17.9161[1.00609],17.9889[1.04211],97,0_89
Pref0,0.956[0.145993],0.95311[0.152384],0.958967[0.139067],97,0_89
Signal0,1[0],1[0],1[0],97,0_89
Hybridindex,17.96[0.996318],17.9567[0.998555],17.9633[0.994101],98,0_89
Pref0,0.95075[0.154756],0.945565[0.165163],0.955853[0.143598],98,0_89
Signal0,1[0],1[0],1[0],98,0_89
Hybridindex,17.955[0.994221],17.9846[0.992899],17.9228[0.994654],99,0_89
Pref0,0.9515[0.154589],0.954415[0.148843],0.94833[0.160546],99,0_89
Signal0,1[0],1[0],1[0],99,0_89
Hybridindex,17.9505[0.991489],17.9752[0.993714],17.9255[0.988598],100,0_89
Pref0,0.94625[0.15648],0.945879[0.156933],0.946626[0.156018],100,0_89
Signal0,1[0],1[0],1[0],100,0_89
Hybridindex,12.175[8.40353],12.2621[8.42034],12.0825[8.38466],1,0_9
Pref0,0.60875[0.420177],0.613107[0.421017],0.604124[0.419233],1,0_9
Signal0,0.60875[0.420177],0.613107[0.421017],0.604124[0.419233],1,0_9
Hybridindex,14.9637[6.2932],14.921[6.43448],15.0087[6.14084],2,0_9
Pref0,0.74475[0.343835],0.745366[0.348573],0.744103[0.338782],2,0_9
Signal0,0.74375[0.34309],0.740488[0.352648],0.747179[0.332712],2,0_9
Hybridindex,16.8995[3.80104],16.939[3.73518],16.8586[3.86757],3,0_9
Pref0,0.84525[0.262064],0.842675[0.262968],0.847915[0.261098],3,0_9
Signal0,0.8665[0.242235],0.865782[0.24376],0.867243[0.240644],3,0_9
Hybridindex,17.5053[2.56688],17.4935[2.55281],17.5169[2.58062],4,0_9
Pref0,0.87425[0.235716],0.867069[0.234173],0.881331[0.237014],4,0_9
Signal0,0.93225[0.174742],0.929507[0.178292],0.934955[0.171127],4,0_9
Hybridindex,17.7518[1.86708],17.7365[1.88279],17.7681[1.84998],5,0_9
Pref0,0.89025[0.218701],0.876209[0.224588],0.90528[0.211186],5,0_9
Signal0,0.963[0.130885],0.960348[0.135106],0.965839[0.12615],5,0_9
Hybridindex,17.825[1.63909],17.8122[1.65905],17.8378[1.61875],6,0_9
Pref0,0.8875[0.224931],0.877622[0.228487],0.897397[0.220867],6,0_9
Signal0,0.98125[0.0949918],0.981518[0.0943355],0.980981[0.0956441],6,0_9
Hybridindex,17.8415[1.45924],17.837[1.49033],17.8457[1.42957],7,0_9
Pref0,0.87875[0.228415],0.874224[0.235266],0.882979[0.22174],7,0_9
Signal0,0.9895[0.071692],0.988095[0.0762277],0.990812[0.0671521],7,0_9
Hybridindex,17.87[1.34196],17.865[1.36517],17.8748[1.31935],8,0_9
Pref0,0.87375[0.235448],0.873211[0.237743],0.874266[0.233231],8,0_9
Signal0,0.99525[0.0485019],0.994888[0.0503001],0.995597[0.0467138],8,0_9
Hybridindex,17.9032[1.31073],17.933[1.2975],17.8735[1.32316],9,0_9
Pref0,0.8665[0.23649],0.8825[0.225707],0.8505[0.245764],9,0_9
Signal0,0.998[0.0315595],0.9975[0.0352668],0.9985[0.027345],9,0_9
Hybridindex,17.9067[1.25874],17.9533[1.23829],17.8577[1.27814],10,0_9
Pref0,0.8705[0.239749],0.873418[0.234644],0.86742[0.244985],10,0_9
Signal0,0.9995[0.0158035],0.999026[0.0220433],1[0],10,0_9
Hybridindex,17.8995[1.26002],17.9218[1.2512],17.8758[1.26889],11,0_9
Pref0,0.8765[0.234516],0.876214[0.233103],0.876804[0.236006],11,0_9
Signal0,1[0],1[0],1[0],11,0_9
Hybridindex,17.8998[1.25661],17.8435[1.24934],17.9546[1.26124],12,0_9
Pref0,0.872[0.234235],0.870821[0.233427],0.873149[0.235014],12,0_9
Signal0,1[0],1[0],1[0],12,0_9
Hybridindex,17.9002[1.23741],17.8955[1.21064],17.9052[1.26486],13,0_9
Pref0,0.8785[0.229102],0.884766[0.227294],0.871926[0.230801],13,0_9
Signal0,1[0],1[0],1[0],13,0_9
Hybridindex,17.8825[1.22421],17.8641[1.22081],17.9005[1.22727],14,0_9
Pref0,0.88325[0.228023],0.881313[0.23204],0.885149[0.223999],14,0_9
Signal0,1[0],1[0],1[0],14,0_9
Hybridindex,17.895[1.19529],17.8957[1.2119],17.8943[1.17872],15,0_9
Pref0,0.88325[0.225819],0.878024[0.229483],0.888393[0.222036],15,0_9
Signal0,1[0],1[0],1[0],15,0_9
Hybridindex,17.8745[1.18448],17.9606[1.16365],17.7837[1.1994],16,0_9
Pref0,0.87825[0.233028],0.883155[0.226051],0.873073[0.240064],16,0_9
Signal0,1[0],1[0],1[0],16,0_9
Hybridindex,17.834[1.17151],17.8236[1.16659],17.8432[1.17577],17,0_9
Pref0,0.875[0.232648],0.8758[0.229212],0.874294[0.235639],17,0_9
Signal0,1[0],1[0],1[0],17,0_9
Hybridindex,17.8457[1.20979],17.816[1.19049],17.876[1.22834],18,0_9
Pref0,0.863[0.241828],0.861607[0.242842],0.864415[0.240786],18,0_9
Signal0,1[0],1[0],1[0],18,0_9
Hybridindex,17.851[1.18861],17.8505[1.16805],17.8515[1.21036],19,0_9
Pref0,0.8555[0.251733],0.86162[0.250154],0.84891[0.253258],19,0_9
Signal0,1[0],1[0],1[0],19,0_9
Hybridindex,17.819[1.19833],17.7694[1.19588],17.8705[1.19869],20,0_9
Pref0,0.86375[0.240439],0.865554[0.238743],0.861876[0.242174],20,0_9
Signal0,1[0],1[0],1[0],20,0_9
Hybridindex,17.7972[1.18849],17.8148[1.17053],17.7789[1.20675],21,0_9
Pref0,0.86475[0.244607],0.864614[0.25012],0.864893[0.238697],21,0_9
Signal0,1[0],1[0],1[0],21,0_9
Hybridindex,17.8433[1.21699],17.8663[1.20629],17.8206[1.22698],22,0_9
Pref0,0.8685[0.238134],0.86781[0.242305],0.869177[0.233963],22,0_9
Signal0,1[0],1[0],1[0],22,0_9
Hybridindex,17.8047[1.21275],17.8026[1.21699],17.8069[1.2085],23,0_9
Pref0,0.86175[0.245992],0.869238[0.237272],0.854291[0.25416],23,0_9
Signal0,1[0],1[0],1[0],23,0_9
Hybridindex,17.8335[1.17283],17.8475[1.19963],17.8188[1.14391],24,0_9
Pref0,0.864[0.246483],0.861681[0.249492],0.866428[0.243269],24,0_9
Signal0,1[0],1[0],1[0],24,0_9
Hybridindex,17.849[1.15875],17.8871[1.1678],17.8115[1.14854],25,0_9
Pref0,0.8665[0.24275],0.865423[0.24135],0.86756[0.244116],25,0_9
Signal0,1[0],1[0],1[0],25,0_9
Hybridindex,17.8792[1.15479],17.8892[1.16799],17.8689[1.1408],26,0_9
Pref0,0.865[0.240364],0.872549[0.234168],0.857143[0.246403],26,0_9
Signal0,1[0],1[0],1[0],26,0_9
Hybridindex,17.9002[1.13432],17.9001[1.14922],17.9004[1.11993],27,0_9
Pref0,0.859[0.246209],0.869365[0.236509],0.849121[0.25472],27,0_9
Signal0,1[0],1[0],1[0],27,0_9
Hybridindex,17.868[1.14459],17.8307[1.13028],17.9104[1.15915],28,0_9
Pref0,0.86[0.241143],0.85889[0.24601],0.861259[0.235494],28,0_9
Signal0,1[0],1[0],1[0],28,0_9
Hybridindex,17.852[1.16441],17.8522[1.18334],17.8518[1.14445],29,0_9
Pref0,0.86475[0.239963],0.862475[0.240225],0.867108[0.23967],29,0_9
Signal0,1[0],1[0],1[0],29,0_9
Hybridindex,17.849[1.14289],17.8498[1.12576],17.8482[1.16028],30,0_9
Pref0,0.86275[0.244003],0.871921[0.236663],0.853299[0.250991],30,0_9
Signal0,1[0],1[0],1[0],30,0_9
Hybridindex,17.836[1.17158],17.8569[1.18742],17.8158[1.15564],31,0_9
Pref0,0.86825[0.241903],0.863959[0.245302],0.872414[0.238484],31,0_9
Signal0,1[0],1[0],1[0],31,0_9
Hybridindex,17.8313[1.16893],17.7753[1.18562],17.8871[1.14931],32,0_9
Pref0,0.869[0.239977],0.871872[0.236972],0.866134[0.242905],32,0_9
Signal0,1[0],1[0],1[0],32,0_9
Hybridindex,17.816[1.15635],17.853[1.11193],17.779[1.19798],33,0_9
Pref0,0.861[0.242753],0.854[0.248363],0.868[0.236804],33,0_9
Signal0,1[0],1[0],1[0],33,0_9
Hybridindex,17.8012[1.15656],17.7699[1.18025],17.8337[1.13061],34,0_9
Pref0,0.856[0.248524],0.847591[0.253542],0.8647[0.242916],34,0_9
Signal0,1[0],1[0],1[0],34,0_9
Hybridindex,17.777[1.17538],17.7808[1.15968],17.7731[1.19105],35,0_9
Pref0,0.8605[0.244008],0.86332[0.247164],0.857646[0.240738],35,0_9
Signal0,1[0],1[0],1[0],35,0_9
Hybridindex,17.8382[1.20984],17.8513[1.22864],17.8247[1.18985],36,0_9
Pref0,0.86225[0.248294],0.865554[0.245831],0.858818[0.250781],36,0_9
Signal0,1[0],1[0],1[0],36,0_9
Hybridindex,17.8223[1.18133],17.8305[1.18676],17.8139[1.17574],37,0_9
Pref0,0.85525[0.249344],0.857356[0.248815],0.853119[0.24986],37,0_9
Signal0,1[0],1[0],1[0],37,0_9
Hybridindex,17.7843[1.21802],17.7758[1.23413],17.7928[1.20144],38,0_9
Pref0,0.857[0.246071],0.85835[0.241279],0.855634[0.25082],38,0_9
Signal0,1[0],1[0],1[0],38,0_9
Hybridindex,17.8075[1.17514],17.8027[1.19922],17.8122[1.15097],39,0_9
Pref0,0.862[0.245369],0.854692[0.249269],0.869177[0.241262],39,0_9
Signal0,1[0],1[0],1[0],39,0_9
Hybridindex,17.7958[1.14974],17.7999[1.14206],17.7915[1.15747],40,0_9
Pref0,0.869[0.24462],0.868918[0.249522],0.869084[0.239547],40,0_9
Signal0,1[0],1[0],1[0],40,0_9
Hybridindex,17.7883[1.12663],17.7505[1.13906],17.8284[1.11187],41,0_9
Pref0,0.87175[0.23596],0.871359[0.234635],0.872165[0.237358],41,0_9
Signal0,1[0],1[0],1[0],41,0_9
Hybridindex,17.8253[1.10616],17.7503[1.10922],17.8952[1.09869],42,0_9
Pref0,0.87225[0.234638],0.87513[0.235904],0.869565[0.233419],42,0_9
Signal0,1[0],1[0],1[0],42,0_9
Hybridindex,17.8508[1.11573],17.8464[1.10925],17.855[1.12206],43,0_9
Pref0,0.8735[0.23611],0.871098[0.238535],0.875869[0.233669],43,0_9
Signal0,1[0],1[0],1[0],43,0_9
Hybridindex,17.8373[1.11238],17.8466[1.12148],17.8285[1.1037],44,0_9
Pref0,0.87825[0.228696],0.878099[0.225254],0.878391[0.231878],44,0_9
Signal0,1[0],1[0],1[0],44,0_9
Hybridindex,17.854[1.09267],17.8245[1.09252],17.8822[1.09207],45,0_9
Pref0,0.88475[0.226036],0.888946[0.227803],0.880743[0.224263],45,0_9
Signal0,1[0],1[0],1[0],45,0_9
Hybridindex,17.8405[1.10919],17.8538[1.10548],17.8274[1.11268],46,0_9
Pref0,0.886[0.228044],0.879032[0.233279],0.892857[0.222559],46,0_9
Signal0,1[0],1[0],1[0],46,0_9
Hybridindex,17.8427[1.11227],17.8444[1.13247],17.8412[1.09239],47,0_9
Pref0,0.886[0.231849],0.87589[0.236236],0.895772[0.227101],47,0_9
Signal0,1[0],1[0],1[0],47,0_9
Hybridindex,17.837[1.13861],17.8177[1.13609],17.8576[1.14092],48,0_9
Pref0,0.8875[0.221006],0.892823[0.212159],0.881837[0.229911],48,0_9
Signal0,1[0],1[0],1[0],48,0_9
Hybridindex,17.7948[1.144],17.7696[1.12317],17.8191[1.16327],49,0_9
Pref0,0.887[0.221881],0.892167[0.215309],0.882006[0.227942],49,0_9
Signal0,1[0],1[0],1[0],49,0_9
Hybridindex,17.81[1.1375],17.8283[1.14852],17.7909[1.12555],50,0_9
Pref0,0.8735[0.23558],0.879648[0.231342],0.867076[0.239759],50,0_9
Signal0,1[0],1[0],1[0],50,0_9
Hybridindex,17.819[1.09965],17.7852[1.1061],17.8533[1.09199],51,0_9
Pref0,0.86475[0.236817],0.864583[0.238351],0.864919[0.235249],51,0_9
Signal0,1[0],1[0],1[0],51,0_9
Hybridindex,17.8362[1.0878],17.8201[1.06802],17.8518[1.10629],52,0_9
Pref0,0.865[0.24955],0.869011[0.242981],0.861138[0.255655],52,0_9
Signal0,1[0],1[0],1[0],52,0_9
Hybridindex,17.832[1.09226],17.818[1.09385],17.8454[1.09055],53,0_9
Pref0,0.872[0.234235],0.859327[0.242286],0.8842[0.225542],53,0_9
Signal0,1[0],1[0],1[0],53,0_9
Hybridindex,17.8205[1.09455],17.8666[1.05217],17.7777[1.1308],54,0_9
Pref0,0.8685[0.237608],0.866563[0.24351],0.870299[0.231979],54,0_9
Signal0,1[0],1[0],1[0],54,0_9
Hybridindex,17.8195[1.08785],17.8423[1.05897],17.7973[1.11477],55,0_9
Pref0,0.87125[0.239893],0.866633[0.245057],0.87574[0.234675],55,0_9
Signal0,1[0],1[0],1[0],55,0_9
Hybridindex,17.843[1.10141],17.817[1.1295],17.8695[1.07146],56,0_9
Pref0,0.8635[0.240557],0.862103[0.23849],0.864919[0.242632],56,0_9
Signal0,1[0],1[0],1[0],56,0_9
Hybridindex,17.8818[1.09277],17.9145[1.07385],17.8494[1.1102],57,0_9
Pref0,0.86275[0.241945],0.868712[0.239712],0.856859[0.243989],57,0_9
Signal0,1[0],1[0],1[0],57,0_9
Hybridindex,17.9013[1.10255],17.9069[1.10145],17.8956[1.10364],58,0_9
Pref0,0.87525[0.230353],0.875498[0.227443],0.875[0.233249],58,0_9
Signal0,1[0],1[0],1[0],58,0_9
Hybridindex,17.958[1.0827],18.0082[1.03575],17.9036[1.12885],59,0_9
Pref0,0.87475[0.23492],0.874519[0.236917],0.875[0.232737],59,0_9
Signal0,1[0],1[0],1[0],59,0_9
Hybridindex,17.9597[1.06888],17.9432[1.09029],17.9753[1.04812],60,0_9
Pref0,0.8745[0.235053],0.878741[0.22942],0.870514[0.240158],60,0_9
Signal0,1[0],1[0],1[0],60,0_9
Hybridindex,17.9372[1.09015],17.9053[1.09672],17.9668[1.08321],61,0_9
Pref0,0.8765[0.231836],0.880333[0.228642],0.872955[0.234695],61,0_9
Signal0,1[0],1[0],1[0],61,0_9
Hybridindex,17.921[1.09807],17.913[1.09172],17.9294[1.10462],62,0_9
Pref0,0.87575[0.228991],0.879277[0.226194],0.872057[0.231826],62,0_9
Signal0,1[0],1[0],1[0],62,0_9
Hybridindex,17.9145[1.08048],17.8895[1.06908],17.939[1.091],63,0_9
Pref0,0.8755[0.230759],0.88446[0.223541],0.8667[0.237306],63,0_9
Signal0,1[0],1[0],1[0],63,0_9
Hybridindex,17.919[1.06369],17.9251[1.05276],17.9132[1.07408],64,0_9
Pref0,0.875[0.232648],0.874108[0.235058],0.875859[0.230301],64,0_9
Signal0,1[0],1[0],1[0],64,0_9
Hybridindex,17.9175[1.04842],17.9359[1.05796],17.8988[1.03833],65,0_9
Pref0,0.884[0.228679],0.881827[0.231436],0.886203[0.225827],65,0_9
Signal0,1[0],1[0],1[0],65,0_9
Hybridindex,17.9297[1.06252],17.9292[1.07697],17.9303[1.04841],66,0_9
Pref0,0.8815[0.22849],0.885321[0.224286],0.877821[0.232406],66,0_9
Signal0,1[0],1[0],1[0],66,0_9
Hybridindex,17.973[1.05547],17.9699[1.03583],17.9764[1.07658],67,0_9
Pref0,0.87975[0.228396],0.875717[0.233117],0.884172[0.223022],67,0_9
Signal0,1[0],1[0],1[0],67,0_9
Hybridindex,17.9498[1.08782],17.9654[1.13034],17.9343[1.0437],68,0_9
Pref0,0.88775[0.221416],0.889558[0.224841],0.885956[0.217949],68,0_9
Signal0,1[0],1[0],1[0],68,0_9
Hybridindex,17.9718[1.0817],17.9852[1.08753],17.9579[1.0755],69,0_9
Pref0,0.884[0.231935],0.881657[0.239779],0.88641[0.223557],69,0_9
Signal0,1[0],1[0],1[0],69,0_9
Hybridindex,18.009[1.07176],18.0314[1.06938],17.9892[1.07347],70,0_9
Pref0,0.88275[0.227766],0.881257[0.233075],0.884072[0.222954],70,0_9
Signal0,1[0],1[0],1[0],70,0_9
Hybridindex,18.0338[1.059],18.039[1.05545],18.0285[1.06251],71,0_9
Pref0,0.88[0.228801],0.884[0.22482],0.876[0.232646],71,0_9
Signal0,1[0],1[0],1[0],71,0_9
Hybridindex,18.018[1.03171],18.0162[1.04185],18.0199[1.02109],72,0_9
Pref0,0.87975[0.230575],0.879175[0.229543],0.880346[0.231639],72,0_9
Signal0,1[0],1[0],1[0],72,0_9
Hybridindex,18.0332[1.03816],18.0385[1.02223],18.0278[1.05419],73,0_9
Pref0,0.88475[0.226036],0.886858[0.219583],0.882591[0.232441],73,0_9
Signal0,1[0],1[0],1[0],73,0_9
Hybridindex,17.9827[1.07416],17.9748[1.10504],17.9903[1.04402],74,0_9
Pref0,0.88425[0.227436],0.878726[0.229369],0.889484[0.225464],74,0_9
Signal0,1[0],1[0],1[0],74,0_9
Hybridindex,17.935[1.09203],17.924[1.08937],17.9451[1.09438],75,0_9
Pref0,0.8845[0.226185],0.889698[0.225364],0.879692[0.226836],75,0_9
Signal0,1[0],1[0],1[0],75,0_9
Hybridindex,17.927[1.041],17.9374[1.0594],17.9165[1.02193],76,0_9
Pref0,0.885[0.223663],0.889662[0.221266],0.880282[0.225964],76,0_9
Signal0,1[0],1[0],1[0],76,0_9
Hybridindex,17.9465[1.02817],17.935[1.03091],17.9576[1.02538],77,0_9
Pref0,0.8845[0.228932],0.885787[0.230649],0.883251[0.227246],77,0_9
Signal0,1[0],1[0],1[0],77,0_9
Hybridindex,17.9235[1.05423],17.8961[1.08138],17.9512[1.02528],78,0_9
Pref0,0.88675[0.221471],0.887674[0.220264],0.885815[0.222683],78,0_9
Signal0,1[0],1[0],1[0],78,0_9
Hybridindex,17.9082[1.05781],17.8977[1.06492],17.9178[1.05127],79,0_9
Pref0,0.88425[0.225781],0.889768[0.223207],0.879278[0.227961],79,0_9
Signal0,1[0],1[0],1[0],79,0_9
Hybridindex,17.9485[1.06012],17.898[1.07767],18[1.03938],80,0_9
Pref0,0.8815[0.229582],0.881683[0.231464],0.881313[0.227646],80,0_9
Signal0,1[0],1[0],1[0],80,0_9
Hybridindex,17.914[1.06694],17.9588[1.05258],17.8707[1.07887],81,0_9
Pref0,0.88125[0.22918],0.881994[0.22847],0.880531[0.229861],81,0_9
Signal0,1[0],1[0],1[0],81,0_9
Hybridindex,17.8965[1.05145],17.9415[1.04181],17.8523[1.05896],82,0_9
Pref0,0.8715[0.237145],0.870333[0.23896],0.872646[0.235343],82,0_9
Signal0,1[0],1[0],1[0],82,0_9
Hybridindex,17.949[1.03242],17.9513[1.04739],17.9467[1.01704],83,0_9
Pref0,0.86475[0.242038],0.855865[0.250448],0.873742[0.232873],83,0_9
Signal0,1[0],1[0],1[0],83,0_9
Hybridindex,17.9383[1.05798],17.8856[1.0344],17.9915[1.07865],84,0_9
Pref0,0.85875[0.24632],0.851741[0.251185],0.865829[0.241099],84,0_9
Signal0,1[0],1[0],1[0],84,0_9
Hybridindex,17.9473[1.04981],17.9138[1.04562],17.9794[1.05281],85,0_9
Pref0,0.8655[0.241163],0.866327[0.2443],0.864706[0.238108],85,0_9
Signal0,1[0],1[0],1[0],85,0_9
Hybridindex,17.888[1.03027],17.8636[1.04424],17.9114[1.01614],86,0_9
Pref0,0.86725[0.243931],0.867722[0.24574],0.866797[0.242183],86,0_9
Signal0,1[0],1[0],1[0],86,0_9
Hybridindex,17.883[1.00787],17.9023[0.997061],17.863[1.01858],87,0_9
Pref0,0.86675[0.240561],0.862967[0.246057],0.870672[0.234663],87,0_9
Signal0,1[0],1[0],1[0],87,0_9
Hybridindex,17.8485[1.01664],17.8635[1.0079],17.8337[1.02496],88,0_9
Pref0,0.85775[0.247265],0.862034[0.247034],0.853525[0.24742],88,0_9
Signal0,1[0],1[0],1[0],88,0_9
Hybridindex,17.8375[1.05574],17.8076[1.07443],17.8676[1.03573],89,0_9
Pref0,0.8655[0.242713],0.871386[0.23715],0.859579[0.248044],89,0_9
Signal0,1[0],1[0],1[0],89,0_9
Hybridindex,17.823[1.07281],17.8355[1.04652],17.8102[1.09894],90,0_9
Pref0,0.867[0.245073],0.862648[0.247334],0.871457[0.242655],90,0_9
Signal0,1[0],1[0],1[0],90,0_9
Hybridindex,17.8388[1.05434],17.8633[1.05367],17.8147[1.05444],91,0_9
Pref0,0.87575[0.231704],0.875883[0.235012],0.875619[0.228409],91,0_9
Signal0,1[0],1[0],1[0],91,0_9
Hybridindex,17.848[1.04422],17.887[1.06322],17.8083[1.02298],92,0_9
Pref0,0.88325[0.232904],0.873637[0.237969],0.893037[0.227215],92,0_9
Signal0,1[0],1[0],1[0],92,0_9
Hybridindex,17.855[1.0507],17.8358[1.06887],17.874[1.03201],93,0_9
Pref0,0.889[0.218927],0.891064[0.214744],0.886952[0.22298],93,0_9
Signal0,1[0],1[0],1[0],93,0_9
Hybridindex,17.8815[1.05283],17.8397[1.05256],17.925[1.05135],94,0_9
Pref0,0.88675[0.220339],0.891667[0.21756],0.881633[0.22308],94,0_9
Signal0,1[0],1[0],1[0],94,0_9
Hybridindex,17.867[1.06563],17.8862[1.04768],17.8476[1.08314],95,0_9
Pref0,0.88825[0.21997],0.892644[0.214776],0.883803[0.225018],95,0_9
Signal0,1[0],1[0],1[0],95,0_9
Hybridindex,17.8705[1.05367],17.8826[1.03295],17.859[1.07289],96,0_9
Pref0,0.88775[0.223103],0.891282[0.221824],0.88439[0.224261],96,0_9
Signal0,1[0],1[0],1[0],96,0_9
Hybridindex,17.8795[1.08546],17.8715[1.09009],17.8875[1.08079],97,0_9
Pref0,0.88975[0.224098],0.888554[0.222096],0.890936[0.22606],97,0_9
Signal0,1[0],1[0],1[0],97,0_9
Hybridindex,17.8818[1.0652],17.8872[1.07839],17.8763[1.05175],98,0_9
Pref0,0.8835[0.227877],0.879741[0.230548],0.887275[0.225099],98,0_9
Signal0,1[0],1[0],1[0],98,0_9
Hybridindex,17.9017[1.03657],17.9276[1.0304],17.8755[1.04214],99,0_9
Pref0,0.8815[0.230126],0.881944[0.23242],0.881048[0.227769],99,0_9
Signal0,1[0],1[0],1[0],99,0_9
Hybridindex,17.8987[1.03712],17.8638[1.04981],17.9324[1.02366],100,0_9
Pref0,0.883[0.224858],0.886224[0.22261],0.879902[0.226953],100,0_9
Signal0,1[0],1[0],1[0],100,0_9
Hybridindex,12.375[8.23464],12.6545[8.18016],12.1027[8.27831],1,0_90
Pref0,0.61875[0.411732],0.632725[0.409008],0.605133[0.413916],1,0_90
Signal0,0.61875[0.411732],0.632725[0.409008],0.605133[0.413916],1,0_90
Hybridindex,15.1472[6.07832],15.213[5.96297],15.0857[6.18371],2,0_90
Pref0,0.7555[0.335365],0.755429[0.329377],0.755566[0.340875],2,0_90
Signal0,0.7525[0.336517],0.75698[0.330914],0.748306[0.341626],2,0_90
Hybridindex,16.7557[3.85671],16.6222[4.04064],16.8887[3.65952],3,0_90
Pref0,0.8405[0.264215],0.829659[0.274212],0.851297[0.253407],3,0_90
Signal0,0.86675[0.24621],0.855711[0.253675],0.877745[0.238034],3,0_90
Hybridindex,17.509[2.43868],17.525[2.38723],17.493[2.48897],4,0_90
Pref0,0.88675[0.222035],0.887[0.219616],0.8865[0.224428],4,0_90
Signal0,0.93425[0.173355],0.939[0.16667],0.9295[0.179666],4,0_90
Hybridindex,17.6477[1.93579],17.6726[1.93984],17.6235[1.93153],5,0_90
Pref0,0.9005[0.209999],0.901316[0.206494],0.899704[0.213363],5,0_90
Signal0,0.96275[0.131291],0.963563[0.129965],0.961957[0.132569],5,0_90
Hybridindex,17.6842[1.63246],17.6943[1.57237],17.6744[1.689],6,0_90
Pref0,0.9075[0.204802],0.913968[0.197882],0.901186[0.211148],6,0_90
Signal0,0.978[0.103759],0.979757[0.101083],0.976285[0.106279],6,0_90
Hybridindex,17.7057[1.49801],17.7218[1.46482],17.6893[1.53109],7,0_90
Pref0,0.91325[0.205181],0.919466[0.194252],0.906883[0.215618],7,0_90
Signal0,0.9885[0.0749517],0.991107[0.0660874],0.98583[0.0829713],7,0_90
Hybridindex,17.7462[1.40534],17.7376[1.39981],17.755[1.41087],8,0_90
Pref0,0.9095[0.201395],0.912028[0.198063],0.906942[0.204679],8,0_90
Signal0,0.9945[0.0521512],0.995527[0.0470805],0.993461[0.0568054],8,0_90
Hybridindex,17.7993[1.31275],17.8183[1.32258],17.7808[1.30289],9,0_90
Pref0,0.9145[0.199223],0.912183[0.205641],0.916749[0.192764],9,0_90
Signal0,0.997[0.0386135],0.995939[0.0448772],0.99803[0.0313263],9,0_90
Hybridindex,17.8238[1.33325],17.7935[1.33678],17.8543[1.32898],10,0_90
Pref0,0.9145[0.195422],0.90995[0.203454],0.919095[0.186847],10,0_90
Signal0,0.99925[0.0193504],0.998507[0.0272771],1[0],10,0_90
Hybridindex,17.8225[1.31215],17.8576[1.32184],17.7867[1.30119],11,0_90
Pref0,0.9125[0.198353],0.915925[0.197295],0.908999[0.199367],11,0_90
Signal0,1[0],1[0],1[0],11,0_90
Hybridindex,17.8165[1.2788],17.8634[1.26135],17.7693[1.2944],12,0_90
Pref0,0.91175[0.199592],0.911266[0.199957],0.912237[0.199223],12,0_90
Signal0,1[0],1[0],1[0],12,0_90
Hybridindex,17.8145[1.27273],17.782[1.28921],17.8476[1.25486],13,0_90
Pref0,0.913[0.198572],0.918731[0.194921],0.907164[0.202056],13,0_90
Signal0,1[0],1[0],1[0],13,0_90
Hybridindex,17.8633[1.25516],17.8838[1.27083],17.8429[1.23914],14,0_90
Pref0,0.91875[0.194354],0.919014[0.189595],0.918489[0.198944],14,0_90
Signal0,1[0],1[0],1[0],14,0_90
Hybridindex,17.9032[1.22608],17.8681[1.22728],17.9404[1.22371],15,0_90
Pref0,0.919[0.19089],0.914314[0.193516],0.923947[0.187952],15,0_90
Signal0,1[0],1[0],1[0],15,0_90
Hybridindex,17.8607[1.23854],17.8806[1.23516],17.8406[1.24165],16,0_90
Pref0,0.92475[0.188315],0.928147[0.183676],0.921292[0.192861],16,0_90
Signal0,1[0],1[0],1[0],16,0_90
Hybridindex,17.788[1.23716],17.8398[1.2201],17.7308[1.25321],17,0_90
Pref0,0.9205[0.192821],0.921354[0.190983],0.919558[0.194823],17,0_90
Signal0,1[0],1[0],1[0],17,0_90
Hybridindex,17.7662[1.23146],17.7542[1.22395],17.7785[1.23893],18,0_90
Pref0,0.92375[0.187246],0.927156[0.18597],0.920283[0.188473],18,0_90
Signal0,1[0],1[0],1[0],18,0_90
Hybridindex,17.7565[1.24437],17.8076[1.25006],17.7042[1.23635],19,0_90
Pref0,0.923[0.189264],0.929278[0.182556],0.916582[0.195676],19,0_90
Signal0,1[0],1[0],1[0],19,0_90
Hybridindex,17.7497[1.19854],17.7235[1.19506],17.7775[1.20159],20,0_90
Pref0,0.91725[0.196284],0.920311[0.19584],0.914006[0.196702],20,0_90
Signal0,1[0],1[0],1[0],20,0_90
Hybridindex,17.7123[1.2408],17.7033[1.24065],17.7215[1.24088],21,0_90
Pref0,0.9105[0.204303],0.914047[0.197552],0.906823[0.211011],21,0_90
Signal0,1[0],1[0],1[0],21,0_90
Hybridindex,17.6827[1.20778],17.674[1.2305],17.691[1.18575],22,0_90
Pref0,0.91725[0.189149],0.920945[0.185215],0.913743[0.192744],22,0_90
Signal0,1[0],1[0],1[0],22,0_90
Hybridindex,17.6973[1.18066],17.6795[1.19417],17.7166[1.16549],23,0_90
Pref0,0.9185[0.192634],0.909789[0.202006],0.927975[0.181418],23,0_90
Signal0,1[0],1[0],1[0],23,0_90
Hybridindex,17.71[1.19777],17.7161[1.21615],17.7039[1.179],24,0_90
Pref0,0.91475[0.197123],0.916168[0.195912],0.913327[0.198322],24,0_90
Signal0,1[0],1[0],1[0],24,0_90
Hybridindex,17.6917[1.2068],17.6954[1.22211],17.6882[1.19149],25,0_90
Pref0,0.91275[0.201897],0.905841[0.211564],0.919563[0.191644],25,0_90
Signal0,1[0],1[0],1[0],25,0_90
Hybridindex,17.6728[1.22415],17.6743[1.2483],17.6711[1.19844],26,0_90
Pref0,0.909[0.202408],0.904505[0.203878],0.913687[0.200756],26,0_90
Signal0,1[0],1[0],1[0],26,0_90
Hybridindex,17.708[1.19958],17.6672[1.2189],17.745[1.18057],27,0_90
Pref0,0.91425[0.199429],0.91693[0.19708],0.911821[0.201504],27,0_90
Signal0,1[0],1[0],1[0],27,0_90
Hybridindex,17.7222[1.17579],17.7329[1.19246],17.7114[1.15846],28,0_90
Pref0,0.91[0.200375],0.909812[0.20107],0.910192[0.199664],28,0_90
Signal0,1[0],1[0],1[0],28,0_90
Hybridindex,17.748[1.16769],17.7595[1.16381],17.7371[1.17121],29,0_90
Pref0,0.90975[0.201817],0.908669[0.203598],0.910766[0.200122],29,0_90
Signal0,1[0],1[0],1[0],29,0_90
Hybridindex,17.785[1.15673],17.811[1.16652],17.759[1.14626],30,0_90
Pref0,0.8985[0.213185],0.909[0.200547],0.888[0.224624],30,0_90
Signal0,1[0],1[0],1[0],30,0_90
Hybridindex,17.7948[1.16028],17.7478[1.16927],17.8418[1.14927],31,0_90
Pref0,0.8985[0.213185],0.9001[0.21205],0.896897[0.214304],31,0_90
Signal0,1[0],1[0],1[0],31,0_90
Hybridindex,17.805[1.16736],17.8332[1.15157],17.7769[1.1822],32,0_90
Pref0,0.89475[0.21748],0.88978[0.220165],0.899701[0.214657],32,0_90
Signal0,1[0],1[0],1[0],32,0_90
Hybridindex,17.8675[1.16144],17.9017[1.17109],17.8345[1.15109],33,0_90
Pref0,0.89225[0.217979],0.90224[0.207092],0.882613[0.227574],33,0_90
Signal0,1[0],1[0],1[0],33,0_90
Hybridindex,17.8685[1.17631],17.9028[1.19895],17.8333[1.15155],34,0_90
Pref0,0.89275[0.22388],0.889931[0.224328],0.895643[0.223383],34,0_90
Signal0,1[0],1[0],1[0],34,0_90
Hybridindex,17.9193[1.13858],17.9294[1.13041],17.909[1.14669],35,0_90
Pref0,0.8895[0.220884],0.887674[0.224731],0.891348[0.216905],35,0_90
Signal0,1[0],1[0],1[0],35,0_90
Hybridindex,17.902[1.13783],17.9192[1.12441],17.885[1.15072],36,0_90
Pref0,0.8815[0.229037],0.873996[0.24014],0.888944[0.217206],36,0_90
Signal0,1[0],1[0],1[0],36,0_90
Hybridindex,17.92[1.15438],17.9383[1.13383],17.9029[1.17296],37,0_90
Pref0,0.87875[0.225662],0.873575[0.231186],0.883575[0.220278],37,0_90
Signal0,1[0],1[0],1[0],37,0_90
Hybridindex,17.917[1.11023],17.9088[1.15343],17.9253[1.06493],38,0_90
Pref0,0.88[0.229891],0.87338[0.23293],0.88666[0.226598],38,0_90
Signal0,1[0],1[0],1[0],38,0_90
Hybridindex,17.9142[1.11849],17.9045[1.09601],17.9237[1.13976],39,0_90
Pref0,0.88675[0.222597],0.895833[0.214023],0.877953[0.230256],39,0_90
Signal0,1[0],1[0],1[0],39,0_90
Hybridindex,17.8938[1.10796],17.9058[1.11684],17.8814[1.09872],40,0_90
Pref0,0.89125[0.217482],0.889495[0.221332],0.893037[0.213476],40,0_90
Signal0,1[0],1[0],1[0],40,0_90
Hybridindex,17.896[1.14671],17.9167[1.13398],17.8744[1.15943],41,0_90
Pref0,0.88625[0.225135],0.88002[0.22795],0.892748[0.221976],41,0_90
Signal0,1[0],1[0],1[0],41,0_90
Hybridindex,17.9032[1.12595],17.9029[1.11883],17.9036[1.13309],42,0_90
Pref0,0.88225[0.2324],0.884462[0.228884],0.88002[0.235871],42,0_90
Signal0,1[0],1[0],1[0],42,0_90
Hybridindex,17.9112[1.10272],17.9532[1.09963],17.8679[1.10423],43,0_90
Pref0,0.88875[0.223603],0.886811[0.227281],0.890752[0.219723],43,0_90
Signal0,1[0],1[0],1[0],43,0_90
Hybridindex,17.899[1.08296],17.8646[1.10535],17.9342[1.05838],44,0_90
Pref0,0.88575[0.227644],0.882905[0.231796],0.888664[0.223274],44,0_90
Signal0,1[0],1[0],1[0],44,0_90
Hybridindex,17.868[1.09457],17.8705[1.07279],17.8653[1.11745],45,0_90
Pref0,0.886[0.226945],0.900483[0.217028],0.870466[0.236135],45,0_90
Signal0,1[0],1[0],1[0],45,0_90
Hybridindex,17.851[1.10116],17.8237[1.09587],17.8784[1.10576],46,0_90
Pref0,0.887[0.224123],0.890609[0.218458],0.883383[0.229602],46,0_90
Signal0,1[0],1[0],1[0],46,0_90
Hybridindex,17.884[1.09911],17.8869[1.12156],17.8809[1.0743],47,0_90
Pref0,0.8835[0.225117],0.882098[0.224374],0.885016[0.225908],47,0_90
Signal0,1[0],1[0],1[0],47,0_90
Hybridindex,17.8478[1.08924],17.8327[1.09298],17.8641[1.08494],48,0_90
Pref0,0.89125[0.216329],0.892788[0.214377],0.889583[0.218412],48,0_90
Signal0,1[0],1[0],1[0],48,0_90
Hybridindex,17.862[1.08165],17.8735[1.07177],17.8511[1.09086],49,0_90
Pref0,0.88525[0.227393],0.893955[0.217743],0.876953[0.235924],49,0_90
Signal0,1[0],1[0],1[0],49,0_90
Hybridindex,17.8828[1.08138],17.8701[1.04654],17.8961[1.11689],50,0_90
Pref0,0.8825[0.22626],0.879377[0.229283],0.885802[0.222971],50,0_90
Signal0,1[0],1[0],1[0],50,0_90
Hybridindex,17.9055[1.06914],17.9044[1.09472],17.9065[1.04352],51,0_90
Pref0,0.87925[0.232475],0.871587[0.240474],0.886746[0.22412],51,0_90
Signal0,1[0],1[0],1[0],51,0_90
Hybridindex,17.937[1.05926],17.9382[1.05681],17.9357[1.06189],52,0_90
Pref0,0.89175[0.21658],0.886583[0.220616],0.897303[0.212017],52,0_90
Signal0,1[0],1[0],1[0],52,0_90
Hybridindex,17.907[1.08194],17.9256[1.05978],17.8875[1.10429],53,0_90
Pref0,0.89075[0.22235],0.881605[0.22917],0.900307[0.214576],53,0_90
Signal0,1[0],1[0],1[0],53,0_90
Hybridindex,17.9267[1.06888],17.9268[1.07105],17.9267[1.06663],54,0_90
Pref0,0.887[0.219616],0.893418[0.213001],0.880346[0.226077],54,0_90
Signal0,1[0],1[0],1[0],54,0_90
Hybridindex,17.9475[1.07366],17.9415[1.06285],17.9534[1.08416],55,0_90
Pref0,0.88725[0.225083],0.883569[0.229617],0.890873[0.22047],55,0_90
Signal0,1[0],1[0],1[0],55,0_90
Hybridindex,17.9183[1.06698],17.9048[1.07827],17.9318[1.05532],56,0_90
Pref0,0.88125[0.226436],0.878365[0.229135],0.884152[0.223651],56,0_90
Signal0,1[0],1[0],1[0],56,0_90
Hybridindex,17.918[1.05831],17.9409[1.07783],17.8963[1.03902],57,0_90
Pref0,0.884[0.229225],0.886948[0.226834],0.881207[0.231433],57,0_90
Signal0,1[0],1[0],1[0],57,0_90
Hybridindex,17.9312[1.0375],17.9326[1.0272],17.9299[1.04771],58,0_90
Pref0,0.88275[0.229951],0.880619[0.232229],0.884885[0.227626],58,0_90
Signal0,1[0],1[0],1[0],58,0_90
Hybridindex,17.931[1.03235],17.9866[0.995577],17.8707[1.06756],59,0_90
Pref0,0.8865[0.225539],0.89001[0.222759],0.88269[0.228457],59,0_90
Signal0,1[0],1[0],1[0],59,0_90
Hybridindex,17.958[1.02322],17.9843[0.988785],17.9306[1.05718],60,0_90
Pref0,0.8865[0.226092],0.886275[0.226456],0.886735[0.225713],60,0_90
Signal0,1[0],1[0],1[0],60,0_90
Hybridindex,17.965[1.0286],18.0125[1.02063],17.9177[1.03432],61,0_90
Pref0,0.883[0.23035],0.877756[0.233871],0.888224[0.226668],61,0_90
Signal0,1[0],1[0],1[0],61,0_90
Hybridindex,17.9872[1.04246],18.0026[0.996702],17.9733[1.082],62,0_90
Pref0,0.87225[0.240427],0.878947[0.23074],0.86619[0.248711],62,0_90
Signal0,1[0],1[0],1[0],62,0_90
Hybridindex,17.9703[1.05711],18.009[1.05183],17.9318[1.06093],63,0_90
Pref0,0.87375[0.234384],0.871486[0.240377],0.875996[0.228261],63,0_90
Signal0,1[0],1[0],1[0],63,0_90
Hybridindex,17.9485[1.06834],17.9391[1.08333],17.958[1.05302],64,0_90
Pref0,0.873[0.240044],0.872627[0.240732],0.873373[0.239351],64,0_90
Signal0,1[0],1[0],1[0],64,0_90
Hybridindex,17.9445[1.0658],17.9234[1.06321],17.965[1.0679],65,0_90
Pref0,0.87025[0.237255],0.869036[0.24078],0.871429[0.233777],65,0_90
Signal0,1[0],1[0],1[0],65,0_90
Hybridindex,17.9393[1.06639],17.9359[1.07615],17.9425[1.0567],66,0_90
Pref0,0.86975[0.240125],0.870838[0.240809],0.868682[0.239446],66,0_90
Signal0,1[0],1[0],1[0],66,0_90
Hybridindex,17.9542[1.05524],17.9622[1.02945],17.9462[1.08061],67,0_90
Pref0,0.86725[0.239275],0.873134[0.234095],0.861307[0.244251],67,0_90
Signal0,1[0],1[0],1[0],67,0_90
Hybridindex,17.9617[1.06027],17.9678[1.05553],17.9559[1.06476],68,0_90
Pref0,0.86725[0.239797],0.868744[0.236772],0.865818[0.242653],68,0_90
Signal0,1[0],1[0],1[0],68,0_90
Hybridindex,18.0005[1.0264],17.9861[1.0254],18.0151[1.02721],69,0_90
Pref0,0.86675[0.238473],0.868421[0.234374],0.865055[0.242547],69,0_90
Signal0,1[0],1[0],1[0],69,0_90
Hybridindex,18.0063[1.01911],18.0194[1.03294],17.9923[1.00397],70,0_90
Pref0,0.85625[0.246903],0.854167[0.246688],0.858471[0.247113],70,0_90
Signal0,1[0],1[0],1[0],70,0_90
Hybridindex,17.985[1.03261],17.9714[1.03721],17.9985[1.02785],71,0_90
Pref0,0.85575[0.250633],0.846231[0.253564],0.865174[0.247336],71,0_90
Signal0,1[0],1[0],1[0],71,0_90
Hybridindex,18.009[1.01448],18.0236[1.00035],17.9945[1.02807],72,0_90
Pref0,0.8585[0.245922],0.861809[0.239868],0.855224[0.25173],72,0_90
Signal0,1[0],1[0],1[0],72,0_90
Hybridindex,18.0428[1.0325],18.0638[1.04668],18.0202[1.01661],73,0_90
Pref0,0.8555[0.250239],0.857834[0.248985],0.853002[0.251551],73,0_90
Signal0,1[0],1[0],1[0],73,0_90
Hybridindex,18.039[1.03343],18.0455[1.01933],18.0321[1.04827],74,0_90
Pref0,0.85875[0.244281],0.854932[0.246327],0.862836[0.242006],74,0_90
Signal0,1[0],1[0],1[0],74,0_90
Hybridindex,18.024[1.03244],18.0362[1.02042],18.0112[1.04469],75,0_90
Pref0,0.866[0.239883],0.857632[0.24438],0.874744[0.234774],75,0_90
Signal0,1[0],1[0],1[0],75,0_90
Hybridindex,18.037[1.03411],18.007[1.02905],18.067[1.03827],76,0_90
Pref0,0.879[0.228821],0.878[0.232628],0.88[0.224944],76,0_90
Signal0,1[0],1[0],1[0],76,0_90
Hybridindex,17.998[1.05356],17.9923[1.04558],18.0034[1.06112],77,0_90
Pref0,0.876[0.229399],0.868609[0.232498],0.883072[0.226168],77,0_90
Signal0,1[0],1[0],1[0],77,0_90
Hybridindex,17.9352[1.05969],17.9191[1.0413],17.9525[1.07868],78,0_90
Pref0,0.87625[0.22707],0.877422[0.227141],0.875[0.226988],78,0_90
Signal0,1[0],1[0],1[0],78,0_90
Hybridindex,17.9352[1.04567],17.9648[1.03349],17.9042[1.05742],79,0_90
Pref0,0.8725[0.23504],0.871582[0.23461],0.873463[0.235486],79,0_90
Signal0,1[0],1[0],1[0],79,0_90
Hybridindex,17.927[1.05815],17.9061[1.04572],17.9496[1.07093],80,0_90
Pref0,0.866[0.241442],0.868497[0.239017],0.863306[0.244002],80,0_90
Signal0,1[0],1[0],1[0],80,0_90
Hybridindex,17.9645[1.05332],18.0035[1.04574],17.9262[1.05932],81,0_90
Pref0,0.86975[0.243228],0.876892[0.240838],0.862735[0.245351],81,0_90
Signal0,1[0],1[0],1[0],81,0_90
Hybridindex,17.9415[1.08482],17.9242[1.08502],17.9585[1.08435],82,0_90
Pref0,0.86925[0.237233],0.866532[0.239823],0.871909[0.234641],82,0_90
Signal0,1[0],1[0],1[0],82,0_90
Hybridindex,17.9393[1.07025],17.9518[1.07648],17.9265[1.06375],83,0_90
Pref0,0.8635[0.240557],0.865938[0.238752],0.861027[0.242349],83,0_90
Signal0,1[0],1[0],1[0],83,0_90
Hybridindex,17.9485[1.06],17.9597[1.06434],17.9377[1.0557],84,0_90
Pref0,0.86275[0.242976],0.861224[0.246665],0.864216[0.23937],84,0_90
Signal0,1[0],1[0],1[0],84,0_90
Hybridindex,17.962[1.07264],17.943[1.07728],17.9803[1.06781],85,0_90
Pref0,0.87275[0.232234],0.874364[0.229409],0.87119[0.234921],85,0_90
Signal0,1[0],1[0],1[0],85,0_90
Hybridindex,17.9265[1.0504],17.9233[1.04665],17.9294[1.05379],86,0_90
Pref0,0.868[0.239428],0.865021[0.244488],0.870706[0.234705],86,0_90
Signal0,1[0],1[0],1[0],86,0_90
Hybridindex,17.9115[1.05483],17.9142[1.05916],17.9089[1.0506],87,0_90
Pref0,0.87525[0.234654],0.870558[0.241077],0.879803[0.228156],87,0_90
Signal0,1[0],1[0],1[0],87,0_90
Hybridindex,17.9315[1.05169],17.9469[1.06352],17.9171[1.04025],88,0_90
Pref0,0.884[0.225929],0.881837[0.23103],0.886033[0.221008],88,0_90
Signal0,1[0],1[0],1[0],88,0_90
Hybridindex,17.9097[1.01513],17.9139[1.04663],17.9058[0.984523],89,0_90
Pref0,0.87875[0.230051],0.867526[0.235348],0.88932[0.224436],89,0_90
Signal0,1[0],1[0],1[0],89,0_90
Hybridindex,17.8957[1.04272],17.9056[1.0302],17.8851[1.05608],90,0_90
Pref0,0.879[0.227726],0.874401[0.226581],0.884013[0.228862],90,0_90
Signal0,1[0],1[0],1[0],90,0_90
Hybridindex,17.8805[1.05651],17.8787[1.037],17.8823[1.07575],91,0_90
Pref0,0.8795[0.233944],0.878743[0.233256],0.880261[0.23463],91,0_90
Signal0,1[0],1[0],1[0],91,0_90
Hybridindex,17.8865[1.06858],17.8553[1.05278],17.919[1.0838],92,0_90
Pref0,0.88675[0.223717],0.903337[0.209511],0.869521[0.236347],92,0_90
Signal0,1[0],1[0],1[0],92,0_90
Hybridindex,17.889[1.05068],17.9294[1.03145],17.8488[1.06797],93,0_90
Pref0,0.89025[0.219841],0.889279[0.222743],0.891218[0.216907],93,0_90
Signal0,1[0],1[0],1[0],93,0_90
Hybridindex,17.866[1.0462],17.8823[1.05423],17.8489[1.03744],94,0_90
Pref0,0.888[0.220694],0.89209[0.218361],0.883709[0.223036],94,0_90
Signal0,1[0],1[0],1[0],94,0_90
Hybridindex,17.9103[1.04023],17.9057[1.01305],17.9144[1.06468],95,0_90
Pref0,0.893[0.218062],0.888021[0.221764],0.897596[0.214485],95,0_90
Signal0,1[0],1[0],1[0],95,0_90
Hybridindex,17.8882[1.06801],17.8759[1.07509],17.8999[1.06115],96,0_90
Pref0,0.893[0.222601],0.892894[0.223171],0.8931[0.222061],96,0_90
Signal0,1[0],1[0],1[0],96,0_90
Hybridindex,17.8762[1.05514],17.8945[1.05004],17.8589[1.05967],97,0_90
Pref0,0.89425[0.216083],0.897541[0.211731],0.891113[0.220105],97,0_90
Signal0,1[0],1[0],1[0],97,0_90
Hybridindex,17.869[1.06259],17.8874[1.05437],17.8506[1.07041],98,0_90
Pref0,0.90075[0.210415],0.907407[0.205493],0.894106[0.215009],98,0_90
Signal0,1[0],1[0],1[0],98,0_90
Hybridindex,17.8618[1.03671],17.8013[1.06079],17.9233[1.00788],99,0_90
Pref0,0.89575[0.215655],0.890981[0.219261],0.900605[0.21181],99,0_90
Signal0,1[0],1[0],1[0],99,0_90
Hybridindex,17.8615[1.00266],17.871[1.01933],17.8517[0.984937],100,0_90
Pref0,0.89525[0.210125],0.892542[0.21358],0.898063[0.206436],100,0_90
Signal0,1[0],1[0],1[0],100,0_90
Hybridindex,12.48[8.18227],12.4004[8.18947],12.5563[8.17464],1,0_91
Pref0,0.624[0.409114],0.62002[0.409474],0.627816[0.408732],1,0_91
Signal0,0.624[0.409114],0.62002[0.409474],0.627816[0.408732],1,0_91
Hybridindex,15.46[5.7566],15.4478[5.89462],15.4717[5.62159],2,0_91
Pref0,0.77375[0.320446],0.781474[0.319279],0.766373[0.321384],2,0_91
Signal0,0.77075[0.322985],0.767144[0.332133],0.774194[0.313961],2,0_91
Hybridindex,17.1175[3.49613],16.9916[3.61938],17.2455[3.36145],3,0_91
Pref0,0.85[0.251992],0.845734[0.255421],0.854335[0.248385],3,0_91
Signal0,0.879[0.228274],0.871032[0.236194],0.887097[0.219638],3,0_91
Hybridindex,17.7405[2.25314],17.7257[2.27318],17.7556[2.23242],4,0_91
Pref0,0.88[0.228801],0.894059[0.22063],0.865657[0.235986],4,0_91
Signal0,0.9475[0.15409],0.947525[0.154852],0.947475[0.153309],4,0_91
Hybridindex,17.8407[1.83957],17.8607[1.87235],17.8218[1.80757],5,0_91
Pref0,0.879[0.227726],0.877049[0.231367],0.880859[0.224184],5,0_91
Signal0,0.97125[0.117467],0.96875[0.123129],0.973633[0.111751],5,0_91
Hybridindex,17.8927[1.55768],17.8296[1.57871],17.9552[1.53402],6,0_91
Pref0,0.87375[0.235979],0.870854[0.23862],0.876617[0.233299],6,0_91
Signal0,0.98575[0.0831982],0.984422[0.0868693],0.987065[0.0793747],6,0_91
Hybridindex,17.9372[1.40586],17.9494[1.39443],17.9244[1.41773],7,0_91
Pref0,0.87675[0.232238],0.871109[0.238901],0.882716[0.224822],7,0_91
Signal0,0.993[0.0587452],0.994163[0.053705],0.99177[0.0636199],7,0_91
Hybridindex,17.913[1.3127],17.9267[1.3187],17.9[1.30683],8,0_91
Pref0,0.876[0.236905],0.86[0.244194],0.89122[0.228721],8,0_91
Signal0,0.99625[0.0431386],0.995897[0.0451049],0.996585[0.0411784],8,0_91
Hybridindex,17.9005[1.29184],17.9343[1.24822],17.8679[1.33175],9,0_91
Pref0,0.8765[0.238218],0.8778[0.239518],0.875246[0.236951],9,0_91
Signal0,0.9985[0.027345],0.998473[0.0275937],0.998527[0.0271029],9,0_91
Hybridindex,17.868[1.28261],17.8751[1.25596],17.8609[1.30851],10,0_91
Pref0,0.87125[0.234624],0.868104[0.237856],0.874377[0.231324],10,0_91
Signal0,1[0],1[0],1[0],10,0_91
Hybridindex,17.884[1.26532],17.9118[1.27375],17.8572[1.25657],11,0_91
Pref0,0.8735[0.233448],0.879715[0.228692],0.867517[0.237783],11,0_91
Signal0,1[0],1[0],1[0],11,0_91
Hybridindex,17.919[1.23478],17.8981[1.26708],17.9393[1.2022],12,0_91
Pref0,0.8735[0.229669],0.869168[0.233204],0.877712[0.226099],12,0_91
Signal0,1[0],1[0],1[0],12,0_91
Hybridindex,17.9428[1.23231],17.9357[1.25381],17.9499[1.20991],13,0_91
Pref0,0.87875[0.226215],0.883778[0.220363],0.87361[0.231933],13,0_91
Signal0,1[0],1[0],1[0],13,0_91
Hybridindex,17.96[1.1916],17.9697[1.21193],17.9505[1.17124],14,0_91
Pref0,0.88[0.228801],0.879293[0.227693],0.880693[0.229881],14,0_91
Signal0,1[0],1[0],1[0],14,0_91
Hybridindex,17.978[1.19227],17.993[1.20818],17.9632[1.17615],15,0_91
Pref0,0.893[0.220343],0.891348[0.220356],0.894632[0.220317],15,0_91
Signal0,1[0],1[0],1[0],15,0_91
Hybridindex,17.9705[1.19494],18.0055[1.19591],17.935[1.1929],16,0_91
Pref0,0.9005[0.217025],0.89424[0.221681],0.906848[0.21201],16,0_91
Signal0,1[0],1[0],1[0],16,0_91
Hybridindex,17.9447[1.21638],17.932[1.20262],17.9583[1.23064],17,0_91
Pref0,0.8985[0.211418],0.911565[0.197044],0.884655[0.224827],17,0_91
Signal0,1[0],1[0],1[0],17,0_91
Hybridindex,17.9342[1.2107],17.9715[1.18025],17.8957[1.24025],18,0_91
Pref0,0.89625[0.216474],0.897738[0.213518],0.89471[0.21948],18,0_91
Signal0,1[0],1[0],1[0],18,0_91
Hybridindex,17.9138[1.21385],17.9328[1.19862],17.8957[1.22786],19,0_91
Pref0,0.88225[0.229695],0.885524[0.228794],0.879142[0.230504],19,0_91
Signal0,1[0],1[0],1[0],19,0_91
Hybridindex,17.9043[1.21355],17.9359[1.19838],17.8708[1.22854],20,0_91
Pref0,0.877[0.229393],0.871234[0.232635],0.88311[0.225745],20,0_91
Signal0,1[0],1[0],1[0],20,0_91
Hybridindex,17.8955[1.20409],17.9049[1.22431],17.8866[1.18455],21,0_91
Pref0,0.8755[0.23452],0.871531[0.240848],0.87926[0.2283],21,0_91
Signal0,1[0],1[0],1[0],21,0_91
Hybridindex,17.8873[1.19736],17.8913[1.19598],17.8831[1.19875],22,0_91
Pref0,0.86975[0.237508],0.868577[0.242518],0.870951[0.232258],22,0_91
Signal0,1[0],1[0],1[0],22,0_91
Hybridindex,17.907[1.18937],17.9074[1.1728],17.9066[1.20517],23,0_91
Pref0,0.86975[0.234329],0.864191[0.239997],0.875123[0.228588],23,0_91
Signal0,1[0],1[0],1[0],23,0_91
Hybridindex,17.9443[1.17154],17.9854[1.15071],17.9038[1.19031],24,0_91
Pref0,0.8735[0.23558],0.875504[0.23087],0.871528[0.240108],24,0_91
Signal0,1[0],1[0],1[0],24,0_91
Hybridindex,18.0188[1.12551],18.0263[1.12502],18.0111[1.12596],25,0_91
Pref0,0.8755[0.23717],0.873142[0.237183],0.877901[0.237133],25,0_91
Signal0,1[0],1[0],1[0],25,0_91
Hybridindex,18.0392[1.12798],18.0584[1.1148],18.0207[1.14029],26,0_91
Pref0,0.87725[0.232503],0.876524[0.234797],0.877953[0.230256],26,0_91
Signal0,1[0],1[0],1[0],26,0_91
Hybridindex,18.0242[1.13822],18.0075[1.12527],18.0409[1.15073],27,0_91
Pref0,0.86075[0.246444],0.868236[0.239871],0.853293[0.2526],27,0_91
Signal0,1[0],1[0],1[0],27,0_91
Hybridindex,18.033[1.13431],18.0895[1.11904],17.9765[1.1466],28,0_91
Pref0,0.85225[0.250589],0.855[0.248948],0.8495[0.25219],28,0_91
Signal0,1[0],1[0],1[0],28,0_91
Hybridindex,17.9833[1.12354],18.001[1.11167],17.966[1.1347],29,0_91
Pref0,0.858[0.239971],0.860548[0.237412],0.855523[0.242408],29,0_91
Signal0,1[0],1[0],1[0],29,0_91
Hybridindex,18.0023[1.13594],18.0424[1.10664],17.9656[1.16087],30,0_91
Pref0,0.8585[0.244904],0.853927[0.247231],0.862679[0.242681],30,0_91
Signal0,1[0],1[0],1[0],30,0_91
Hybridindex,17.9662[1.16918],17.963[1.13364],17.9695[1.20367],31,0_91
Pref0,0.862[0.243836],0.867[0.240439],0.857[0.247085],31,0_91
Signal0,1[0],1[0],1[0],31,0_91
Hybridindex,17.9705[1.13143],17.9711[1.14399],17.9699[1.1182],32,0_91
Pref0,0.85875[0.24632],0.851471[0.251949],0.866327[0.240087],32,0_91
Signal0,1[0],1[0],1[0],32,0_91
Hybridindex,17.9905[1.12168],17.9875[1.12584],17.9935[1.11745],33,0_91
Pref0,0.85475[0.25353],0.859064[0.250115],0.850402[0.256854],33,0_91
Signal0,1[0],1[0],1[0],33,0_91
Hybridindex,17.9835[1.10837],17.9514[1.09467],18.0142[1.12046],34,0_91
Pref0,0.86175[0.245483],0.862474[0.245101],0.861057[0.245846],34,0_91
Signal0,1[0],1[0],1[0],34,0_91
Hybridindex,17.9417[1.13059],17.9329[1.12795],17.9505[1.13315],35,0_91
Pref0,0.85925[0.256543],0.853353[0.264265],0.865135[0.248458],35,0_91
Signal0,1[0],1[0],1[0],35,0_91
Hybridindex,18.0023[1.0779],18.0201[1.07932],17.9846[1.07621],36,0_91
Pref0,0.8515[0.253373],0.845226[0.258843],0.857711[0.247681],36,0_91
Signal0,1[0],1[0],1[0],36,0_91
Hybridindex,17.9542[1.0879],17.9534[1.09059],17.9551[1.08503],37,0_91
Pref0,0.847[0.258536],0.839961[0.264435],0.854489[0.251893],37,0_91
Signal0,1[0],1[0],1[0],37,0_91
Hybridindex,17.916[1.12002],17.9105[1.1149],17.9214[1.12498],38,0_91
Pref0,0.8545[0.25215],0.850859[0.252894],0.858061[0.25137],38,0_91
Signal0,1[0],1[0],1[0],38,0_91
Hybridindex,17.9222[1.10627],17.8752[1.13092],17.9702[1.07843],39,0_91
Pref0,0.8525[0.251483],0.855941[0.247341],0.84899[0.255592],39,0_91
Signal0,1[0],1[0],1[0],39,0_91
Hybridindex,17.888[1.09405],17.9151[1.0877],17.8609[1.09971],40,0_91
Pref0,0.85525[0.248842],0.851648[0.25131],0.858859[0.246292],40,0_91
Signal0,1[0],1[0],1[0],40,0_91
Hybridindex,17.905[1.0577],17.9073[1.05092],17.9029[1.06391],41,0_91
Pref0,0.85[0.2505],0.844792[0.253874],0.854808[0.247246],41,0_91
Signal0,1[0],1[0],1[0],41,0_91
Hybridindex,17.8897[1.07911],17.9215[1.07511],17.8576[1.08219],42,0_91
Pref0,0.8575[0.249387],0.85835[0.249383],0.85664[0.249388],42,0_91
Signal0,1[0],1[0],1[0],42,0_91
Hybridindex,17.8805[1.10611],17.946[1.08929],17.8207[1.11788],43,0_91
Pref0,0.849[0.248896],0.851677[0.242848],0.846558[0.254261],43,0_91
Signal0,1[0],1[0],1[0],43,0_91
Hybridindex,17.8987[1.10685],17.9355[1.14114],17.8608[1.06898],44,0_91
Pref0,0.84725[0.25356],0.851378[0.253048],0.842988[0.254016],44,0_91
Signal0,1[0],1[0],1[0],44,0_91
Hybridindex,17.904[1.09043],17.9025[1.12064],17.9055[1.05967],45,0_91
Pref0,0.8435[0.256433],0.841206[0.255415],0.845771[0.257416],45,0_91
Signal0,1[0],1[0],1[0],45,0_91
Hybridindex,17.8775[1.08995],17.9041[1.06943],17.8513[1.10911],46,0_91
Pref0,0.85175[0.248288],0.857215[0.247176],0.846383[0.249259],46,0_91
Signal0,1[0],1[0],1[0],46,0_91
Hybridindex,17.9082[1.10746],17.903[1.12676],17.9135[1.08778],47,0_91
Pref0,0.8525[0.25297],0.8535[0.25355],0.8515[0.252384],47,0_91
Signal0,1[0],1[0],1[0],47,0_91
Hybridindex,17.9095[1.11582],17.9248[1.10659],17.8939[1.12495],48,0_91
Pref0,0.85[0.246982],0.852475[0.2478],0.847475[0.246119],48,0_91
Signal0,1[0],1[0],1[0],48,0_91
Hybridindex,17.9252[1.07112],17.934[1.08441],17.9163[1.05735],49,0_91
Pref0,0.837[0.261115],0.83879[0.263623],0.835181[0.258528],49,0_91
Signal0,1[0],1[0],1[0],49,0_91
Hybridindex,17.9438[1.06464],17.926[1.07876],17.961[1.05041],50,0_91
Pref0,0.84075[0.26223],0.847518[0.254247],0.834156[0.269617],50,0_91
Signal0,1[0],1[0],1[0],50,0_91
Hybridindex,17.9213[1.0953],17.9017[1.09817],17.9401[1.09219],51,0_91
Pref0,0.84675[0.257176],0.84165[0.262424],0.85167[0.251912],51,0_91
Signal0,1[0],1[0],1[0],51,0_91
Hybridindex,17.9765[1.0489],18.0208[1.02448],17.9356[1.06932],52,0_91
Pref0,0.8505[0.255244],0.857292[0.254028],0.844231[0.256203],52,0_91
Signal0,1[0],1[0],1[0],52,0_91
Hybridindex,17.9803[1.07888],17.9764[1.07812],17.9842[1.07965],53,0_91
Pref0,0.852[0.252182],0.844455[0.254684],0.859837[0.249316],53,0_91
Signal0,1[0],1[0],1[0],53,0_91
Hybridindex,17.9597[1.07808],17.9402[1.09857],17.9788[1.05742],54,0_91
Pref0,0.85575[0.249132],0.861562[0.24843],0.850099[0.249684],54,0_91
Signal0,1[0],1[0],1[0],54,0_91
Hybridindex,17.9495[1.04005],17.9448[1.04805],17.9538[1.03257],55,0_91
Pref0,0.8585[0.245413],0.867326[0.236683],0.850337[0.252947],55,0_91
Signal0,1[0],1[0],1[0],55,0_91
Hybridindex,17.9208[1.0794],17.9309[1.03483],17.9107[1.12194],56,0_91
Pref0,0.84575[0.254621],0.85521[0.251902],0.836327[0.256955],56,0_91
Signal0,1[0],1[0],1[0],56,0_91
Hybridindex,17.9305[1.05151],17.9553[1.02475],17.9069[1.07577],57,0_91
Pref0,0.8405[0.255558],0.837782[0.256075],0.84308[0.255039],57,0_91
Signal0,1[0],1[0],1[0],57,0_91
Hybridindex,17.92[1.05409],17.875[1.06927],17.9665[1.03613],58,0_91
Pref0,0.844[0.256737],0.835138[0.261799],0.85315[0.251075],58,0_91
Signal0,1[0],1[0],1[0],58,0_91
Hybridindex,17.9163[1.06059],17.9067[1.04427],17.9262[1.07716],59,0_91
Pref0,0.85025[0.254853],0.854126[0.250907],0.846232[0.258818],59,0_91
Signal0,1[0],1[0],1[0],59,0_91
Hybridindex,17.9325[1.06686],17.9556[1.06557],17.9076[1.06769],60,0_91
Pref0,0.85[0.25446],0.859209[0.245391],0.840083[0.263519],60,0_91
Signal0,1[0],1[0],1[0],60,0_91
Hybridindex,17.908[1.07507],17.8691[1.0918],17.9482[1.05603],61,0_91
Pref0,0.85225[0.25009],0.851378[0.250114],0.85315[0.250061],61,0_91
Signal0,1[0],1[0],1[0],61,0_91
Hybridindex,17.9345[1.08683],17.9074[1.0836],17.9613[1.08935],62,0_91
Pref0,0.8555[0.246211],0.853978[0.247499],0.857001[0.244925],62,0_91
Signal0,1[0],1[0],1[0],62,0_91
Hybridindex,17.9157[1.07344],17.8953[1.10194],17.9357[1.04442],63,0_91
Pref0,0.85525[0.244791],0.857937[0.241729],0.852621[0.247721],63,0_91
Signal0,1[0],1[0],1[0],63,0_91
Hybridindex,17.9345[1.0103],17.9192[1.0073],17.9503[1.01314],64,0_91
Pref0,0.8575[0.243811],0.862069[0.238405],0.852792[0.249171],64,0_91
Signal0,1[0],1[0],1[0],64,0_91
Hybridindex,17.925[1.0503],17.9257[1.06373],17.9243[1.0368],65,0_91
Pref0,0.8605[0.24503],0.854418[0.250282],0.866534[0.239554],65,0_91
Signal0,1[0],1[0],1[0],65,0_91
Hybridindex,17.9028[1.08705],17.9453[1.07403],17.8613[1.09799],66,0_91
Pref0,0.86275[0.24349],0.871834[0.235064],0.853899[0.251112],66,0_91
Signal0,1[0],1[0],1[0],66,0_91
Hybridindex,17.8947[1.07415],17.8848[1.06028],17.9054[1.08867],67,0_91
Pref0,0.867[0.241994],0.867377[0.242667],0.866598[0.241272],67,0_91
Signal0,1[0],1[0],1[0],67,0_91
Hybridindex,17.9172[1.04918],17.9052[1.05302],17.93[1.04494],68,0_91
Pref0,0.87425[0.233585],0.870262[0.238292],0.878476[0.228414],68,0_91
Signal0,1[0],1[0],1[0],68,0_91
Hybridindex,17.9082[1.03825],17.9053[1.05781],17.9113[1.01706],69,0_91
Pref0,0.87875[0.230051],0.87233[0.233091],0.885567[0.226579],69,0_91
Signal0,1[0],1[0],1[0],69,0_91
Hybridindex,17.911[1.05396],17.9267[1.03163],17.8948[1.07629],70,0_91
Pref0,0.88[0.229891],0.879429[0.230499],0.880589[0.22926],70,0_91
Signal0,1[0],1[0],1[0],70,0_91
Hybridindex,17.8998[1.02632],17.8859[1.01459],17.9134[1.0375],71,0_91
Pref0,0.87475[0.238091],0.862121[0.24501],0.887129[0.230438],71,0_91
Signal0,1[0],1[0],1[0],71,0_91
Hybridindex,17.9292[1.00492],17.9326[1.03263],17.9258[0.975894],72,0_91
Pref0,0.8745[0.23452],0.878593[0.234273],0.870333[0.234699],72,0_91
Signal0,1[0],1[0],1[0],72,0_91
Hybridindex,17.9533[0.992693],17.9513[1.01956],17.9553[0.96352],73,0_91
Pref0,0.87175[0.233831],0.869523[0.232501],0.874101[0.235204],73,0_91
Signal0,1[0],1[0],1[0],73,0_91
Hybridindex,17.9597[1.00063],17.9505[1.01379],17.969[0.987174],74,0_91
Pref0,0.864[0.243934],0.862138[0.242726],0.865866[0.245125],74,0_91
Signal0,1[0],1[0],1[0],74,0_91
Hybridindex,17.952[0.982698],17.9591[0.980309],17.9452[0.984931],75,0_91
Pref0,0.87275[0.238605],0.881902[0.230829],0.863992[0.245497],75,0_91
Signal0,1[0],1[0],1[0],75,0_91
Hybridindex,17.932[1.00542],17.9431[1.0032],17.9212[1.00746],76,0_91
Pref0,0.87925[0.22868],0.882741[0.226889],0.875862[0.230353],76,0_91
Signal0,1[0],1[0],1[0],76,0_91
Hybridindex,17.9228[1.0465],17.9128[1.03939],17.933[1.05368],77,0_91
Pref0,0.88525[0.224627],0.879803[0.224894],0.890863[0.224214],77,0_91
Signal0,1[0],1[0],1[0],77,0_91
Hybridindex,17.932[1.07081],17.9574[1.08234],17.9061[1.05828],78,0_91
Pref0,0.8935[0.214261],0.889109[0.214753],0.89798[0.213664],78,0_91
Signal0,1[0],1[0],1[0],78,0_91
Hybridindex,17.9237[1.07101],17.8778[1.09361],17.9696[1.04601],79,0_91
Pref0,0.892[0.217568],0.897295[0.212869],0.886727[0.222024],79,0_91
Signal0,1[0],1[0],1[0],79,0_91
Hybridindex,17.9297[1.05437],17.911[1.07023],17.9489[1.03755],80,0_91
Pref0,0.894[0.220826],0.889713[0.222283],0.898382[0.21924],80,0_91
Signal0,1[0],1[0],1[0],80,0_91
Hybridindex,17.9465[1.0423],17.9654[1.01889],17.9276[1.06477],81,0_91
Pref0,0.88875[0.220224],0.886273[0.222353],0.891218[0.218054],81,0_91
Signal0,1[0],1[0],1[0],81,0_91
Hybridindex,17.9198[1.02234],17.9273[1.0387],17.9125[1.00623],82,0_91
Pref0,0.895[0.215],0.886063[0.224943],0.903638[0.204561],82,0_91
Signal0,1[0],1[0],1[0],82,0_91
Hybridindex,17.902[1.05624],17.8951[1.06198],17.9089[1.05047],83,0_91
Pref0,0.89175[0.218877],0.9001[0.214462],0.883466[0.222861],83,0_91
Signal0,1[0],1[0],1[0],83,0_91
Hybridindex,17.9118[1.06517],17.9485[1.04771],17.8736[1.08169],84,0_91
Pref0,0.8885[0.223758],0.893523[0.218608],0.883282[0.228869],84,0_91
Signal0,1[0],1[0],1[0],84,0_91
Hybridindex,17.9065[1.05582],17.928[1.07298],17.8841[1.03715],85,0_91
Pref0,0.88575[0.224326],0.891283[0.22225],0.87998[0.226326],85,0_91
Signal0,1[0],1[0],1[0],85,0_91
Hybridindex,17.8773[1.05276],17.8409[1.03003],17.9111[1.07241],86,0_91
Pref0,0.8835[0.221761],0.89171[0.212153],0.875845[0.230094],86,0_91
Signal0,1[0],1[0],1[0],86,0_91
Hybridindex,17.8758[1.03932],17.8873[1.03975],17.8645[1.03878],87,0_91
Pref0,0.88075[0.23001],0.884732[0.223402],0.876855[0.23623],87,0_91
Signal0,1[0],1[0],1[0],87,0_91
Hybridindex,17.8895[1.03201],17.8756[1.06418],17.9033[0.998812],88,0_91
Pref0,0.87275[0.235971],0.874122[0.236898],0.871386[0.235038],88,0_91
Signal0,1[0],1[0],1[0],88,0_91
Hybridindex,17.8987[1.03507],17.8656[1.03062],17.9317[1.03843],89,0_91
Pref0,0.8725[0.237158],0.862086[0.239707],0.882851[0.234138],89,0_91
Signal0,1[0],1[0],1[0],89,0_91
Hybridindex,17.888[1.05176],17.9274[1.0102],17.8487[1.09024],90,0_91
Pref0,0.872[0.23899],0.870871[0.240625],0.873127[0.237341],90,0_91
Signal0,1[0],1[0],1[0],90,0_91
Hybridindex,17.8577[1.0979],17.8941[1.09562],17.8217[1.09898],91,0_91
Pref0,0.871[0.240539],0.86245[0.240598],0.879482[0.24018],91,0_91
Signal0,1[0],1[0],1[0],91,0_91
Hybridindex,17.8697[1.05767],17.8361[1.08209],17.904[1.03103],92,0_91
Pref0,0.87175[0.238069],0.864851[0.245357],0.878788[0.230183],92,0_91
Signal0,1[0],1[0],1[0],92,0_91
Hybridindex,17.8825[1.06885],17.912[1.08842],17.8534[1.04835],93,0_91
Pref0,0.871[0.240539],0.881288[0.229802],0.860835[0.250282],93,0_91
Signal0,1[0],1[0],1[0],93,0_91
Hybridindex,17.8478[1.07921],17.8503[1.11242],17.8455[1.04919],94,0_91
Pref0,0.87225[0.236231],0.873797[0.23265],0.870892[0.239322],94,0_91
Signal0,1[0],1[0],1[0],94,0_91
Hybridindex,17.8547[1.07228],17.8912[1.05278],17.8175[1.09059],95,0_91
Pref0,0.866[0.235147],0.862512[0.229801],0.869565[0.240437],95,0_91
Signal0,1[0],1[0],1[0],95,0_91
Hybridindex,17.859[1.06342],17.851[1.05109],17.867[1.07555],96,0_91
Pref0,0.8735[0.233982],0.881[0.228777],0.866[0.238839],96,0_91
Signal0,1[0],1[0],1[0],96,0_91
Hybridindex,17.873[1.05635],17.8468[1.06745],17.8981[1.04498],97,0_91
Pref0,0.87425[0.233585],0.867211[0.238607],0.880999[0.228463],97,0_91
Signal0,1[0],1[0],1[0],97,0_91
Hybridindex,17.9307[1.04407],17.9622[1.03667],17.899[1.05053],98,0_91
Pref0,0.87775[0.231149],0.881592[0.228361],0.873869[0.233868],98,0_91
Signal0,1[0],1[0],1[0],98,0_91
Hybridindex,17.9228[1.04506],17.9019[1.05214],17.9429[1.03777],99,0_91
Pref0,0.8725[0.23504],0.875508[0.23426],0.869587[0.235756],99,0_91
Signal0,1[0],1[0],1[0],99,0_91
Hybridindex,17.8995[1.04614],17.9565[1.00712],17.8439[1.07997],100,0_91
Pref0,0.86725[0.236648],0.868927[0.234383],0.865613[0.238828],100,0_91
Signal0,1[0],1[0],1[0],100,0_91
Hybridindex,12.645[8.13351],12.6805[8.09414],12.6087[8.1734],1,0_92
Pref0,0.63225[0.406675],0.634026[0.404707],0.630435[0.40867],1,0_92
Signal0,0.63225[0.406675],0.634026[0.404707],0.630435[0.40867],1,0_92
Hybridindex,15.3985[5.8816],15.6685[5.66049],15.1349[6.07816],2,0_92
Pref0,0.77175[0.326767],0.783907[0.318324],0.759881[0.334379],2,0_92
Signal0,0.77025[0.323017],0.785425[0.314157],0.755435[0.330768],2,0_92
Hybridindex,16.8888[3.67178],16.865[3.69762],16.9132[3.6448],3,0_92
Pref0,0.8495[0.251197],0.845813[0.252319],0.853299[0.249978],3,0_92
Signal0,0.866[0.236736],0.865517[0.237792],0.866497[0.235642],3,0_92
Hybridindex,17.4015[2.53837],17.3597[2.45997],17.4443[2.61554],4,0_92
Pref0,0.8765[0.235048],0.874012[0.236673],0.879049[0.233345],4,0_92
Signal0,0.92825[0.178821],0.922925[0.181909],0.933704[0.175434],4,0_92
Hybridindex,17.5715[2.03897],17.5465[2.05234],17.5945[2.02632],5,0_92
Pref0,0.87875[0.232214],0.875261[0.233749],0.881958[0.230748],5,0_92
Signal0,0.96625[0.126436],0.963466[0.132115],0.96881[0.120922],5,0_92
Hybridindex,17.6053[1.71801],17.7058[1.67227],17.5088[1.75534],6,0_92
Pref0,0.87925[0.231397],0.886619[0.229167],0.872184[0.233296],6,0_92
Signal0,0.9805[0.0967975],0.983146[0.0902381],0.977963[0.10263],6,0_92
Hybridindex,17.6157[1.58129],17.6277[1.57589],17.6036[1.58664],7,0_92
Pref0,0.881[0.232032],0.885686[0.227034],0.876258[0.236889],7,0_92
Signal0,0.987[0.0795676],0.984095[0.0877458],0.98994[0.0702066],7,0_92
Hybridindex,17.567[1.47496],17.5697[1.44401],17.5643[1.50509],8,0_92
Pref0,0.88325[0.226924],0.87663[0.236629],0.889831[0.216646],8,0_92
Signal0,0.9955[0.0472202],0.995486[0.0472906],0.995513[0.0471502],8,0_92
Hybridindex,17.5487[1.44646],17.5697[1.42977],17.527[1.46324],9,0_92
Pref0,0.888[0.221824],0.888998[0.217046],0.886965[0.226667],9,0_92
Signal0,0.9975[0.0352668],0.998035[0.0312803],0.996945[0.0389636],9,0_92
Hybridindex,17.548[1.39542],17.5766[1.41647],17.5216[1.37522],10,0_92
Pref0,0.88[0.233131],0.878519[0.233077],0.881364[0.233172],10,0_92
Signal0,0.9985[0.027345],0.998436[0.0279216],0.998559[0.0268027],10,0_92
Hybridindex,17.5302[1.35581],17.5068[1.33931],17.5553[1.37276],11,0_92
Pref0,0.87425[0.232512],0.86544[0.237558],0.883661[0.22662],11,0_92
Signal0,1[0],1[0],1[0],11,0_92
Hybridindex,17.5587[1.35635],17.5514[1.3194],17.566[1.39171],12,0_92
Pref0,0.88225[0.230239],0.88256[0.23238],0.881944[0.228112],12,0_92
Signal0,1[0],1[0],1[0],12,0_92
Hybridindex,17.552[1.35131],17.5683[1.33844],17.5349[1.3645],13,0_92
Pref0,0.8795[0.231257],0.875122[0.238932],0.884103[0.222811],13,0_92
Signal0,1[0],1[0],1[0],13,0_92
Hybridindex,17.567[1.31073],17.61[1.32488],17.5248[1.29529],14,0_92
Pref0,0.89125[0.217482],0.890515[0.217478],0.891972[0.217484],14,0_92
Signal0,1[0],1[0],1[0],14,0_92
Hybridindex,17.602[1.27106],17.5481[1.29249],17.6557[1.24704],15,0_92
Pref0,0.89825[0.215689],0.896293[0.210011],0.9002[0.221183],15,0_92
Signal0,1[0],1[0],1[0],15,0_92
Hybridindex,17.6375[1.27263],17.6527[1.2559],17.6227[1.28861],16,0_92
Pref0,0.9015[0.21047],0.894338[0.216153],0.908506[0.204516],16,0_92
Signal0,1[0],1[0],1[0],16,0_92
Hybridindex,17.629[1.28291],17.6042[1.2917],17.6537[1.27361],17,0_92
Pref0,0.90075[0.204999],0.910822[0.196572],0.890719[0.212587],17,0_92
Signal0,1[0],1[0],1[0],17,0_92
Hybridindex,17.664[1.28651],17.7109[1.25632],17.619[1.31323],18,0_92
Pref0,0.904[0.209843],0.894791[0.220649],0.912831[0.19853],18,0_92
Signal0,1[0],1[0],1[0],18,0_92
Hybridindex,17.69[1.24123],17.6868[1.23787],17.6933[1.24465],19,0_92
Pref0,0.906[0.207759],0.906621[0.207149],0.905364[0.208381],19,0_92
Signal0,1[0],1[0],1[0],19,0_92
Hybridindex,17.6837[1.24944],17.7637[1.21263],17.6086[1.27854],20,0_92
Pref0,0.90125[0.211243],0.898349[0.216066],0.903977[0.206569],20,0_92
Signal0,1[0],1[0],1[0],20,0_92
Hybridindex,17.676[1.22577],17.6265[1.22444],17.7255[1.22511],21,0_92
Pref0,0.89575[0.216811],0.8935[0.217733],0.898[0.215861],21,0_92
Signal0,1[0],1[0],1[0],21,0_92
Hybridindex,17.693[1.19865],17.6964[1.23187],17.6897[1.16549],22,0_92
Pref0,0.901[0.212012],0.906091[0.206649],0.896059[0.216975],22,0_92
Signal0,1[0],1[0],1[0],22,0_92
Hybridindex,17.6795[1.1661],17.6899[1.17482],17.6686[1.15671],23,0_92
Pref0,0.89875[0.214181],0.891918[0.219548],0.905961[0.208122],23,0_92
Signal0,1[0],1[0],1[0],23,0_92
Hybridindex,17.6462[1.20561],17.6153[1.22737],17.6766[1.18315],24,0_92
Pref0,0.9015[0.209876],0.901416[0.208849],0.901583[0.210875],24,0_92
Signal0,1[0],1[0],1[0],24,0_92
Hybridindex,17.6175[1.20787],17.5797[1.21327],17.6585[1.20063],25,0_92
Pref0,0.8975[0.22078],0.903939[0.213371],0.890511[0.228345],25,0_92
Signal0,1[0],1[0],1[0],25,0_92
Hybridindex,17.5828[1.23866],17.5902[1.2549],17.5754[1.22242],26,0_92
Pref0,0.88975[0.224655],0.888609[0.224375],0.890873[0.224925],26,0_92
Signal0,1[0],1[0],1[0],26,0_92
Hybridindex,17.5925[1.21313],17.5716[1.19878],17.6134[1.22694],27,0_92
Pref0,0.88975[0.222418],0.889389[0.221532],0.89011[0.223299],27,0_92
Signal0,1[0],1[0],1[0],27,0_92
Hybridindex,17.6015[1.21406],17.615[1.21677],17.5879[1.21117],28,0_92
Pref0,0.8955[0.215243],0.885956[0.222472],0.90512[0.207258],28,0_92
Signal0,1[0],1[0],1[0],28,0_92
Hybridindex,17.5963[1.21217],17.5982[1.21024],17.5943[1.21411],29,0_92
Pref0,0.88825[0.219401],0.891825[0.211845],0.884654[0.226692],29,0_92
Signal0,1[0],1[0],1[0],29,0_92
Hybridindex,17.578[1.23173],17.6022[1.22577],17.5546[1.23702],30,0_92
Pref0,0.88625[0.226795],0.879959[0.231838],0.89233[0.221642],30,0_92
Signal0,1[0],1[0],1[0],30,0_92
Hybridindex,17.5972[1.22909],17.6048[1.21273],17.5897[1.2451],31,0_92
Pref0,0.894[0.21855],0.89669[0.219096],0.891326[0.217972],31,0_92
Signal0,1[0],1[0],1[0],31,0_92
Hybridindex,17.5942[1.20062],17.6025[1.1968],17.5859[1.20445],32,0_92
Pref0,0.8915[0.221873],0.887624[0.2258],0.895455[0.217724],32,0_92
Signal0,1[0],1[0],1[0],32,0_92
Hybridindex,17.6492[1.18336],17.6752[1.17169],17.6254[1.19352],33,0_92
Pref0,0.8915[0.219608],0.895725[0.214375],0.887608[0.224251],33,0_92
Signal0,1[0],1[0],1[0],33,0_92
Hybridindex,17.6517[1.15622],17.6297[1.1567],17.6744[1.15528],34,0_92
Pref0,0.88775[0.221416],0.893984[0.217239],0.881339[0.225451],34,0_92
Signal0,1[0],1[0],1[0],34,0_92
Hybridindex,17.6298[1.16481],17.6301[1.16778],17.6294[1.16198],35,0_92
Pref0,0.891[0.220497],0.884734[0.229224],0.896973[0.211673],35,0_92
Signal0,1[0],1[0],1[0],35,0_92
Hybridindex,17.6292[1.17225],17.639[1.13416],17.6197[1.20856],36,0_92
Pref0,0.8915[0.217894],0.89426[0.218475],0.888779[0.217285],36,0_92
Signal0,1[0],1[0],1[0],36,0_92
Hybridindex,17.6417[1.15284],17.6629[1.14438],17.6201[1.16105],37,0_92
Pref0,0.884[0.227033],0.884995[0.218475],0.882979[0.235489],37,0_92
Signal0,1[0],1[0],1[0],37,0_92
Hybridindex,17.652[1.18476],17.6766[1.18178],17.626[1.18734],38,0_92
Pref0,0.88475[0.224371],0.883268[0.228112],0.886317[0.220335],38,0_92
Signal0,1[0],1[0],1[0],38,0_92
Hybridindex,17.6513[1.15931],17.6443[1.14437],17.6578[1.17317],39,0_92
Pref0,0.886[0.223056],0.886598[0.230476],0.885437[0.215833],39,0_92
Signal0,1[0],1[0],1[0],39,0_92
Hybridindex,17.6092[1.16616],17.6446[1.16761],17.5747[1.16371],40,0_92
Pref0,0.88725[0.219459],0.886754[0.217571],0.887735[0.22129],40,0_92
Signal0,1[0],1[0],1[0],40,0_92
Hybridindex,17.6417[1.1148],17.6622[1.11758],17.6214[1.11165],41,0_92
Pref0,0.8775[0.230204],0.872372[0.225895],0.882617[0.234313],41,0_92
Signal0,1[0],1[0],1[0],41,0_92
Hybridindex,17.6385[1.14633],17.635[1.14019],17.6419[1.15229],42,0_92
Pref0,0.8795[0.232873],0.892821[0.217158],0.866469[0.246586],42,0_92
Signal0,1[0],1[0],1[0],42,0_92
Hybridindex,17.6335[1.18867],17.6543[1.16595],17.6133[1.20996],43,0_92
Pref0,0.88075[0.226173],0.879188[0.225581],0.882266[0.226737],43,0_92
Signal0,1[0],1[0],1[0],43,0_92
Hybridindex,17.6953[1.14248],17.6906[1.11389],17.6995[1.16823],44,0_92
Pref0,0.87875[0.231675],0.878125[0.232156],0.879327[0.231229],44,0_92
Signal0,1[0],1[0],1[0],44,0_92
Hybridindex,17.697[1.15345],17.6866[1.16399],17.7068[1.14334],45,0_92
Pref0,0.8835[0.228424],0.88866[0.225844],0.878641[0.230723],45,0_92
Signal0,1[0],1[0],1[0],45,0_92
Hybridindex,17.697[1.14616],17.751[1.1207],17.6401[1.1697],46,0_92
Pref0,0.88875[0.221356],0.891813[0.220736],0.885524[0.221961],46,0_92
Signal0,1[0],1[0],1[0],46,0_92
Hybridindex,17.6462[1.1452],17.6066[1.14733],17.6869[1.14158],47,0_92
Pref0,0.88975[0.221856],0.887957[0.224451],0.891591[0.219145],47,0_92
Signal0,1[0],1[0],1[0],47,0_92
Hybridindex,17.6427[1.14291],17.6337[1.16045],17.6516[1.12535],48,0_92
Pref0,0.88575[0.225437],0.887992[0.224771],0.883548[0.226068],48,0_92
Signal0,1[0],1[0],1[0],48,0_92
Hybridindex,17.649[1.13217],17.6874[1.15575],17.6103[1.10659],49,0_92
Pref0,0.884[0.227583],0.888833[0.226277],0.879137[0.228786],49,0_92
Signal0,1[0],1[0],1[0],49,0_92
Hybridindex,17.6095[1.16254],17.596[1.14958],17.6222[1.17445],50,0_92
Pref0,0.87675[0.233312],0.873065[0.241228],0.880213[0.225564],50,0_92
Signal0,1[0],1[0],1[0],50,0_92
Hybridindex,17.6015[1.11398],17.5966[1.13037],17.6062[1.09805],51,0_92
Pref0,0.88525[0.225738],0.872699[0.236931],0.89726[0.213791],51,0_92
Signal0,1[0],1[0],1[0],51,0_92
Hybridindex,17.603[1.12634],17.6157[1.09121],17.5908[1.15902],52,0_92
Pref0,0.88925[0.223292],0.888889[0.225511],0.889598[0.221135],52,0_92
Signal0,1[0],1[0],1[0],52,0_92
Hybridindex,17.627[1.13131],17.6036[1.12758],17.6512[1.13467],53,0_92
Pref0,0.89925[0.213247],0.902259[0.214926],0.89613[0.211448],53,0_92
Signal0,1[0],1[0],1[0],53,0_92
Hybridindex,17.5945[1.18124],17.6043[1.19769],17.5847[1.16457],54,0_92
Pref0,0.89425[0.214923],0.890672[0.22188],0.897807[0.207716],54,0_92
Signal0,1[0],1[0],1[0],54,0_92
Hybridindex,17.5673[1.14492],17.5733[1.15801],17.561[1.13119],55,0_92
Pref0,0.90025[0.213131],0.891347[0.22227],0.909461[0.202833],55,0_92
Signal0,1[0],1[0],1[0],55,0_92
Hybridindex,17.5443[1.14288],17.5203[1.14301],17.5688[1.14222],56,0_92
Pref0,0.8965[0.213981],0.90455[0.205125],0.888271[0.222369],56,0_92
Signal0,1[0],1[0],1[0],56,0_92
Hybridindex,17.5398[1.12085],17.5802[1.10996],17.498[1.13046],57,0_92
Pref0,0.8965[0.216305],0.904035[0.206664],0.88872[0.225563],57,0_92
Signal0,1[0],1[0],1[0],57,0_92
Hybridindex,17.5557[1.14707],17.5995[1.16364],17.5133[1.12914],58,0_92
Pref0,0.90125[0.21301],0.904569[0.207791],0.89803[0.217908],58,0_92
Signal0,1[0],1[0],1[0],58,0_92
Hybridindex,17.572[1.15502],17.5587[1.13946],17.5856[1.17061],59,0_92
Pref0,0.894[0.217977],0.896347[0.215666],0.891591[0.220298],59,0_92
Signal0,1[0],1[0],1[0],59,0_92
Hybridindex,17.5877[1.14931],17.5696[1.1608],17.6074[1.13639],60,0_92
Pref0,0.8905[0.21854],0.896254[0.219806],0.884254[0.216985],60,0_92
Signal0,1[0],1[0],1[0],60,0_92
Hybridindex,17.5995[1.16205],17.603[1.17975],17.5962[1.14491],61,0_92
Pref0,0.89[0.218861],0.897541[0.21533],0.882812[0.221936],61,0_92
Signal0,1[0],1[0],1[0],61,0_92
Hybridindex,17.575[1.17787],17.554[1.19276],17.5956[1.16269],62,0_92
Pref0,0.89025[0.220409],0.89001[0.224645],0.890486[0.216167],62,0_92
Signal0,1[0],1[0],1[0],62,0_92
Hybridindex,17.5252[1.20332],17.5238[1.25192],17.5266[1.15617],63,0_92
Pref0,0.8855[0.227244],0.879793[0.233371],0.890821[0.221245],63,0_92
Signal0,1[0],1[0],1[0],63,0_92
Hybridindex,17.5643[1.18057],17.6116[1.14601],17.513[1.21476],64,0_92
Pref0,0.88375[0.229371],0.880173[0.233877],0.887617[0.224333],64,0_92
Signal0,1[0],1[0],1[0],64,0_92
Hybridindex,17.547[1.17177],17.5349[1.21077],17.5585[1.1333],65,0_92
Pref0,0.886[0.228044],0.888718[0.22572],0.883415[0.230203],65,0_92
Signal0,1[0],1[0],1[0],65,0_92
Hybridindex,17.5433[1.1439],17.5399[1.17097],17.5466[1.11605],66,0_92
Pref0,0.894[0.21625],0.899701[0.211142],0.888277[0.221112],66,0_92
Signal0,1[0],1[0],1[0],66,0_92
Hybridindex,17.5852[1.11169],17.55[1.13278],17.6227[1.08761],67,0_92
Pref0,0.8945[0.213588],0.897573[0.212347],0.891237[0.21485],67,0_92
Signal0,1[0],1[0],1[0],67,0_92
Hybridindex,17.6382[1.10443],17.5728[1.09464],17.706[1.1104],68,0_92
Pref0,0.8945[0.218792],0.880039[0.229069],0.909461[0.206561],68,0_92
Signal0,1[0],1[0],1[0],68,0_92
Hybridindex,17.596[1.12173],17.573[1.11609],17.6197[1.12701],69,0_92
Pref0,0.89375[0.219285],0.89497[0.218847],0.892495[0.219728],69,0_92
Signal0,1[0],1[0],1[0],69,0_92
Hybridindex,17.586[1.1334],17.6216[1.09967],17.5516[1.16405],70,0_92
Pref0,0.89425[0.217812],0.892167[0.221136],0.896264[0.214531],70,0_92
Signal0,1[0],1[0],1[0],70,0_92
Hybridindex,17.614[1.10646],17.5746[1.14083],17.6533[1.06961],71,0_92
Pref0,0.8985[0.210826],0.901902[0.208398],0.895105[0.213168],71,0_92
Signal0,1[0],1[0],1[0],71,0_92
Hybridindex,17.6017[1.1103],17.606[1.10488],17.5976[1.11553],72,0_92
Pref0,0.89875[0.207059],0.896045[0.21027],0.901381[0.203854],72,0_92
Signal0,1[0],1[0],1[0],72,0_92
Hybridindex,17.5927[1.11816],17.5627[1.09848],17.6241[1.13747],73,0_92
Pref0,0.89675[0.214975],0.893242[0.215382],0.900409[0.21449],73,0_92
Signal0,1[0],1[0],1[0],73,0_92
Hybridindex,17.5975[1.1255],17.5783[1.11206],17.6171[1.13868],74,0_92
Pref0,0.8945[0.217646],0.891972[0.220875],0.897074[0.214277],74,0_92
Signal0,1[0],1[0],1[0],74,0_92
Hybridindex,17.6193[1.10721],17.5994[1.10331],17.6386[1.11064],75,0_92
Pref0,0.89325[0.216747],0.881339[0.227689],0.904832[0.204887],75,0_92
Signal0,1[0],1[0],1[0],75,0_92
Hybridindex,17.606[1.09431],17.634[1.09214],17.5794[1.0957],76,0_92
Pref0,0.90025[0.210178],0.901437[0.206511],0.899123[0.213595],76,0_92
Signal0,1[0],1[0],1[0],76,0_92
Hybridindex,17.6485[1.08786],17.64[1.09656],17.6563[1.07977],77,0_92
Pref0,0.8965[0.213981],0.897597[0.215551],0.895494[0.212524],77,0_92
Signal0,1[0],1[0],1[0],77,0_92
Hybridindex,17.6163[1.10493],17.5769[1.11129],17.6546[1.09731],78,0_92
Pref0,0.8945[0.220499],0.894737[0.222819],0.894269[0.218209],78,0_92
Signal0,1[0],1[0],1[0],78,0_92
Hybridindex,17.6043[1.12517],17.6105[1.11068],17.5978[1.13996],79,0_92
Pref0,0.89525[0.215992],0.890963[0.21691],0.899695[0.214945],79,0_92
Signal0,1[0],1[0],1[0],79,0_92
Hybridindex,17.602[1.10943],17.5912[1.11827],17.6119[1.10114],80,0_92
Pref0,0.8945[0.217646],0.89781[0.214163],0.891451[0.220762],80,0_92
Signal0,1[0],1[0],1[0],80,0_92
Hybridindex,17.565[1.12351],17.5466[1.14664],17.5837[1.09919],81,0_92
Pref0,0.89325[0.22244],0.887401[0.228152],0.899194[0.216319],81,0_92
Signal0,1[0],1[0],1[0],81,0_92
Hybridindex,17.5577[1.14522],17.54[1.14552],17.5754[1.14466],82,0_92
Pref0,0.88275[0.223892],0.878378[0.224774],0.887113[0.222922],82,0_92
Signal0,1[0],1[0],1[0],82,0_92
Hybridindex,17.5817[1.13686],17.6085[1.15662],17.556[1.11685],83,0_92
Pref0,0.88475[0.224928],0.888493[0.217699],0.881139[0.231629],83,0_92
Signal0,1[0],1[0],1[0],83,0_92
Hybridindex,17.619[1.11359],17.6351[1.07924],17.6039[1.1448],84,0_92
Pref0,0.885[0.224221],0.883505[0.228929],0.886408[0.219686],84,0_92
Signal0,1[0],1[0],1[0],84,0_92
Hybridindex,17.5957[1.08879],17.5843[1.11985],17.6068[1.05772],85,0_92
Pref0,0.8955[0.212908],0.896341[0.213676],0.894685[0.212158],85,0_92
Signal0,1[0],1[0],1[0],85,0_92
Hybridindex,17.5998[1.10122],17.583[1.07096],17.6161[1.12973],86,0_92
Pref0,0.89225[0.217405],0.890688[0.217397],0.893775[0.217402],86,0_92
Signal0,1[0],1[0],1[0],86,0_92
Hybridindex,17.6348[1.09532],17.6137[1.08443],17.6561[1.10583],87,0_92
Pref0,0.8955[0.215243],0.889772[0.221184],0.901309[0.208887],87,0_92
Signal0,1[0],1[0],1[0],87,0_92
Hybridindex,17.6055[1.10663],17.5952[1.07356],17.6155[1.13783],88,0_92
Pref0,0.89875[0.211834],0.895643[0.2188],0.901777[0.204772],88,0_92
Signal0,1[0],1[0],1[0],88,0_92
Hybridindex,17.6055[1.07511],17.564[1.09125],17.6458[1.05766],89,0_92
Pref0,0.89875[0.212423],0.895431[0.216641],0.90197[0.208197],89,0_92
Signal0,1[0],1[0],1[0],89,0_92
Hybridindex,17.575[1.10165],17.6526[1.06948],17.4944[1.12846],90,0_92
Pref0,0.906[0.202889],0.91315[0.194537],0.898573[0.210959],90,0_92
Signal0,1[0],1[0],1[0],90,0_92
Hybridindex,17.574[1.11782],17.6101[1.09756],17.5373[1.13686],91,0_92
Pref0,0.9055[0.209928],0.904762[0.207396],0.90625[0.212467],91,0_92
Signal0,1[0],1[0],1[0],91,0_92
Hybridindex,17.5877[1.10167],17.558[1.09692],17.6179[1.10566],92,0_92
Pref0,0.90875[0.200121],0.912202[0.196648],0.905242[0.203529],92,0_92
Signal0,1[0],1[0],1[0],92,0_92
Hybridindex,17.596[1.13381],17.5679[1.15159],17.6226[1.1161],93,0_92
Pref0,0.90775[0.203384],0.911008[0.204256],0.904669[0.202508],93,0_92
Signal0,1[0],1[0],1[0],93,0_92
Hybridindex,17.6062[1.13648],17.5612[1.17815],17.6518[1.09089],94,0_92
Pref0,0.91275[0.199405],0.914925[0.199442],0.910553[0.199344],94,0_92
Signal0,1[0],1[0],1[0],94,0_92
Hybridindex,17.6055[1.13726],17.5848[1.12496],17.6257[1.14884],95,0_92
Pref0,0.9215[0.188647],0.921717[0.185818],0.921287[0.191379],95,0_92
Signal0,1[0],1[0],1[0],95,0_92
Hybridindex,17.614[1.10125],17.6118[1.09439],17.6163[1.10821],96,0_92
Pref0,0.92175[0.191708],0.917903[0.196875],0.925683[0.186196],96,0_92
Signal0,1[0],1[0],1[0],96,0_92
Hybridindex,17.648[1.07056],17.6551[1.04316],17.6408[1.09771],97,0_92
Pref0,0.92425[0.188114],0.915758[0.198706],0.932896[0.176259],97,0_92
Signal0,1[0],1[0],1[0],97,0_92
Hybridindex,17.6303[1.10359],17.6504[1.10598],17.6095[1.10074],98,0_92
Pref0,0.92175[0.191708],0.926036[0.184328],0.917343[0.198916],98,0_92
Signal0,1[0],1[0],1[0],98,0_92
Hybridindex,17.6225[1.1122],17.6195[1.11567],17.6258[1.10832],99,0_92
Pref0,0.925[0.181315],0.925996[0.180206],0.92389[0.182536],99,0_92
Signal0,1[0],1[0],1[0],99,0_92
Hybridindex,17.6425[1.08729],17.5924[1.1229],17.6916[1.04889],100,0_92
Pref0,0.92525[0.183814],0.920707[0.186746],0.929703[0.180782],100,0_92
Signal0,1[0],1[0],1[0],100,0_92
Hybridindex,12.57[8.34237],12.3824[8.37204],12.7495[8.30991],1,0_93
Pref0,0.6285[0.417118],0.619121[0.418602],0.637476[0.415496],1,0_93
Signal0,0.6285[0.417118],0.619121[0.418602],0.637476[0.415496],1,0_93
Hybridindex,15.2137[6.16439],15.1994[6.20617],15.2285[6.12118],2,0_93
Pref0,0.757[0.338306],0.758638[0.33728],0.755319[0.339347],2,0_93
Signal0,0.76325[0.333653],0.770484[0.330854],0.755826[0.33634],2,0_93
Hybridindex,16.948[3.92556],16.951[4.00276],16.9451[3.84697],3,0_93
Pref0,0.8485[0.259899],0.844344[0.265737],0.852647[0.253872],3,0_93
Signal0,0.864[0.251006],0.857858[0.255697],0.87013[0.246082],3,0_93
Hybridindex,17.6065[2.52728],17.6084[2.47507],17.6044[2.58288],4,0_93
Pref0,0.8855[0.225588],0.883877[0.229639],0.887265[0.221083],4,0_93
Signal0,0.932[0.175716],0.929942[0.176296],0.934238[0.175054],4,0_93
Hybridindex,17.8385[1.86264],17.8145[1.91503],17.8625[1.80841],5,0_93
Pref0,0.89825[0.215109],0.895[0.219032],0.9015[0.211063],5,0_93
Signal0,0.9635[0.131026],0.963[0.130885],0.964[0.131164],5,0_93
Hybridindex,17.9157[1.56741],17.8818[1.59974],17.9496[1.53379],6,0_93
Pref0,0.9055[0.202657],0.906814[0.201034],0.904192[0.204252],6,0_93
Signal0,0.985[0.0852936],0.981463[0.0944718],0.988523[0.0748786],6,0_93
Hybridindex,17.8992[1.43865],17.9183[1.43893],17.8806[1.43814],7,0_93
Pref0,0.90075[0.210415],0.899092[0.212878],0.902379[0.207955],7,0_93
Signal0,0.99475[0.0509651],0.99445[0.0523849],0.995045[0.0495292],7,0_93
Hybridindex,17.9088[1.34854],17.9025[1.3322],17.9148[1.36417],8,0_93
Pref0,0.9005[0.209403],0.893909[0.214129],0.906897[0.20451],8,0_93
Signal0,0.9965[0.0416863],0.996954[0.0389046],0.996059[0.0442144],8,0_93
Hybridindex,17.9342[1.3193],17.8608[1.36948],18.0034[1.26634],9,0_93
Pref0,0.89375[0.220422],0.897938[0.217521],0.889806[0.223048],9,0_93
Signal0,0.998[0.0315595],0.998454[0.0277634],0.997573[0.034752],9,0_93
Hybridindex,17.908[1.29307],17.8808[1.27874],17.9336[1.30588],10,0_93
Pref0,0.893[0.214012],0.893189[0.214767],0.892823[0.213299],10,0_93
Signal0,0.99925[0.0193504],0.998968[0.0226921],0.999515[0.0155643],10,0_93
Hybridindex,17.8987[1.31601],17.9405[1.27595],17.8596[1.35126],11,0_93
Pref0,0.89575[0.213909],0.900724[0.205834],0.891094[0.221099],11,0_93
Signal0,0.99975[0.0111775],1[0],0.999516[0.0155493],11,0_93
Hybridindex,17.9043[1.27797],17.9079[1.25667],17.9008[1.29778],12,0_93
Pref0,0.89475[0.220335],0.898663[0.212201],0.891051[0.227697],12,0_93
Signal0,1[0],1[0],1[0],12,0_93
Hybridindex,17.9138[1.23336],17.895[1.23963],17.9342[1.22617],13,0_93
Pref0,0.89475[0.218054],0.894535[0.21982],0.894984[0.216112],13,0_93
Signal0,1[0],1[0],1[0],13,0_93
Hybridindex,17.8485[1.24058],17.8376[1.24929],17.8598[1.23143],14,0_93
Pref0,0.9[0.211542],0.910925[0.203775],0.88872[0.218701],14,0_93
Signal0,1[0],1[0],1[0],14,0_93
Hybridindex,17.8547[1.2268],17.8261[1.24077],17.8828[1.21231],15,0_93
Pref0,0.8935[0.214844],0.897371[0.209321],0.889713[0.220046],15,0_93
Signal0,1[0],1[0],1[0],15,0_93
Hybridindex,17.8588[1.21013],17.8678[1.24525],17.85[1.17484],16,0_93
Pref0,0.88925[0.221042],0.893617[0.220136],0.884995[0.221838],16,0_93
Signal0,1[0],1[0],1[0],16,0_93
Hybridindex,17.8665[1.21477],17.8476[1.21622],17.8868[1.21289],17,0_93
Pref0,0.8965[0.217457],0.893443[0.221713],0.899792[0.212731],17,0_93
Signal0,1[0],1[0],1[0],17,0_93
Hybridindex,17.8577[1.21682],17.8591[1.22314],17.8563[1.20998],18,0_93
Pref0,0.898[0.216439],0.897201[0.215925],0.898859[0.216988],18,0_93
Signal0,1[0],1[0],1[0],18,0_93
Hybridindex,17.8358[1.23213],17.8316[1.25297],17.8402[1.2096],19,0_93
Pref0,0.89575[0.214492],0.895146[0.215144],0.896392[0.213796],19,0_93
Signal0,1[0],1[0],1[0],19,0_93
Hybridindex,17.8465[1.25725],17.8129[1.26687],17.8803[1.24662],20,0_93
Pref0,0.90075[0.208625],0.901697[0.207319],0.8998[0.209924],20,0_93
Signal0,1[0],1[0],1[0],20,0_93
Hybridindex,17.8925[1.1914],17.8672[1.19402],17.9166[1.18841],21,0_93
Pref0,0.907[0.203349],0.905641[0.202089],0.908293[0.204533],21,0_93
Signal0,1[0],1[0],1[0],21,0_93
Hybridindex,17.8362[1.23088],17.8228[1.23897],17.8484[1.22341],22,0_93
Pref0,0.9095[0.207508],0.905063[0.214101],0.913498[0.201299],22,0_93
Signal0,1[0],1[0],1[0],22,0_93
Hybridindex,17.834[1.21797],17.8451[1.21733],17.8224[1.21852],23,0_93
Pref0,0.91525[0.196067],0.914706[0.194481],0.915816[0.197703],23,0_93
Signal0,1[0],1[0],1[0],23,0_93
Hybridindex,17.8195[1.23417],17.8427[1.21534],17.7974[1.25145],24,0_93
Pref0,0.90875[0.203834],0.906762[0.203744],0.910645[0.203902],24,0_93
Signal0,1[0],1[0],1[0],24,0_93
Hybridindex,17.8055[1.19945],17.8237[1.14358],17.7857[1.25698],25,0_93
Pref0,0.91175[0.201462],0.914505[0.199401],0.908759[0.203633],25,0_93
Signal0,1[0],1[0],1[0],25,0_93
Hybridindex,17.7935[1.19],17.8315[1.17656],17.7567[1.20176],26,0_93
Pref0,0.91325[0.196467],0.910152[0.202268],0.916256[0.190622],26,0_93
Signal0,1[0],1[0],1[0],26,0_93
Hybridindex,17.771[1.21955],17.7618[1.23306],17.7798[1.20642],27,0_93
Pref0,0.91225[0.196023],0.906953[0.199777],0.917319[0.192225],27,0_93
Signal0,1[0],1[0],1[0],27,0_93
Hybridindex,17.7922[1.17152],17.8133[1.14691],17.7722[1.19411],28,0_93
Pref0,0.918[0.195643],0.921538[0.191479],0.914634[0.199464],28,0_93
Signal0,1[0],1[0],1[0],28,0_93
Hybridindex,17.7915[1.18702],17.7986[1.18877],17.7848[1.18533],29,0_93
Pref0,0.915[0.196278],0.917266[0.192591],0.912853[0.199684],29,0_93
Signal0,1[0],1[0],1[0],29,0_93
Hybridindex,17.8148[1.16729],17.8565[1.13337],17.7724[1.19922],30,0_93
Pref0,0.915[0.196914],0.914598[0.197188],0.915408[0.196634],30,0_93
Signal0,1[0],1[0],1[0],30,0_93
Hybridindex,17.7888[1.17111],17.857[1.16692],17.7186[1.17126],31,0_93
Pref0,0.9125[0.201479],0.920118[0.192384],0.904665[0.210135],31,0_93
Signal0,1[0],1[0],1[0],31,0_93
Hybridindex,17.747[1.15877],17.7864[1.14013],17.7095[1.17502],32,0_93
Pref0,0.9085[0.201563],0.912398[0.199281],0.904785[0.203645],32,0_93
Signal0,1[0],1[0],1[0],32,0_93
Hybridindex,17.7645[1.16749],17.7719[1.19824],17.757[1.13548],33,0_93
Pref0,0.91175[0.203929],0.912525[0.202622],0.910966[0.205239],33,0_93
Signal0,1[0],1[0],1[0],33,0_93
Hybridindex,17.7817[1.14531],17.7613[1.162],17.8021[1.12812],34,0_93
Pref0,0.907[0.203963],0.901705[0.207355],0.912263[0.200396],34,0_93
Signal0,1[0],1[0],1[0],34,0_93
Hybridindex,17.7455[1.18585],17.7106[1.17183],17.778[1.19783],35,0_93
Pref0,0.904[0.205022],0.906639[0.201389],0.901544[0.208315],35,0_93
Signal0,1[0],1[0],1[0],35,0_93
Hybridindex,17.7305[1.18263],17.7474[1.19382],17.7144[1.17165],36,0_93
Pref0,0.9025[0.209747],0.907275[0.204605],0.897949[0.214434],36,0_93
Signal0,1[0],1[0],1[0],36,0_93
Hybridindex,17.6792[1.2226],17.7033[1.20704],17.6547[1.23781],37,0_93
Pref0,0.89975[0.212897],0.898121[0.216771],0.901416[0.208849],37,0_93
Signal0,1[0],1[0],1[0],37,0_93
Hybridindex,17.6623[1.20366],17.6849[1.20371],17.6393[1.20318],38,0_93
Pref0,0.90175[0.210884],0.898608[0.213039],0.90493[0.208631],38,0_93
Signal0,1[0],1[0],1[0],38,0_93
Hybridindex,17.723[1.174],17.7387[1.17764],17.7074[1.17015],39,0_93
Pref0,0.9065[0.207985],0.902207[0.21059],0.910768[0.205274],39,0_93
Signal0,1[0],1[0],1[0],39,0_93
Hybridindex,17.6588[1.18719],17.6276[1.19951],17.6887[1.17445],40,0_93
Pref0,0.9125[0.199609],0.910204[0.201013],0.914706[0.198226],40,0_93
Signal0,1[0],1[0],1[0],40,0_93
Hybridindex,17.6878[1.17362],17.7319[1.15229],17.6428[1.19326],41,0_93
Pref0,0.91425[0.200055],0.915263[0.199118],0.913219[0.200999],41,0_93
Signal0,1[0],1[0],1[0],41,0_93
Hybridindex,17.684[1.14582],17.749[1.10972],17.6182[1.17757],42,0_93
Pref0,0.909[0.203639],0.918489[0.191302],0.899396[0.214981],42,0_93
Signal0,1[0],1[0],1[0],42,0_93
Hybridindex,17.6477[1.17049],17.6477[1.16798],17.6478[1.17311],43,0_93
Pref0,0.91[0.202855],0.920254[0.18963],0.899284[0.215289],43,0_93
Signal0,1[0],1[0],1[0],43,0_93
Hybridindex,17.6185[1.16692],17.6413[1.17998],17.5958[1.15332],44,0_93
Pref0,0.912[0.196865],0.919339[0.191913],0.904691[0.201412],44,0_93
Signal0,1[0],1[0],1[0],44,0_93
Hybridindex,17.6268[1.17306],17.6348[1.17582],17.6181[1.17002],45,0_93
Pref0,0.917[0.19329],0.908696[0.20293],0.925907[0.181965],45,0_93
Signal0,1[0],1[0],1[0],45,0_93
Hybridindex,17.633[1.17327],17.6352[1.14919],17.6307[1.19841],46,0_93
Pref0,0.918[0.192421],0.91812[0.195222],0.917872[0.18939],46,0_93
Signal0,1[0],1[0],1[0],46,0_93
Hybridindex,17.6328[1.17207],17.5976[1.18526],17.6692[1.15709],47,0_93
Pref0,0.91525[0.194788],0.911187[0.197413],0.91947[0.191932],47,0_93
Signal0,1[0],1[0],1[0],47,0_93
Hybridindex,17.6313[1.13651],17.626[1.14542],17.6362[1.12792],48,0_93
Pref0,0.91725[0.192425],0.914447[0.196293],0.919922[0.188626],48,0_93
Signal0,1[0],1[0],1[0],48,0_93
Hybridindex,17.5983[1.17929],17.5501[1.2058],17.6464[1.15021],49,0_93
Pref0,0.92075[0.187335],0.921421[0.188725],0.92008[0.185935],49,0_93
Signal0,1[0],1[0],1[0],49,0_93
Hybridindex,17.6365[1.1702],17.6708[1.17319],17.6023[1.16621],50,0_93
Pref0,0.9125[0.202098],0.911323[0.201204],0.913673[0.202979],50,0_93
Signal0,1[0],1[0],1[0],50,0_93
Hybridindex,17.6453[1.159],17.6571[1.15321],17.6332[1.16474],51,0_93
Pref0,0.90925[0.206493],0.910307[0.207951],0.908174[0.204993],51,0_93
Signal0,1[0],1[0],1[0],51,0_93
Hybridindex,17.6698[1.17731],17.6511[1.15522],17.6886[1.19896],52,0_93
Pref0,0.90425[0.208463],0.91004[0.202147],0.89839[0.214508],52,0_93
Signal0,1[0],1[0],1[0],52,0_93
Hybridindex,17.664[1.15666],17.6862[1.14066],17.6422[1.17174],53,0_93
Pref0,0.906[0.208959],0.906155[0.205309],0.905847[0.212483],53,0_93
Signal0,1[0],1[0],1[0],53,0_93
Hybridindex,17.6818[1.16998],17.6765[1.16837],17.687[1.17155],54,0_93
Pref0,0.902[0.211887],0.895[0.219032],0.909[0.204252],54,0_93
Signal0,1[0],1[0],1[0],54,0_93
Hybridindex,17.6665[1.15835],17.6459[1.15082],17.6872[1.16548],55,0_93
Pref0,0.8955[0.214079],0.893107[0.214514],0.897898[0.213615],55,0_93
Signal0,1[0],1[0],1[0],55,0_93
Hybridindex,17.6492[1.19524],17.644[1.17115],17.6547[1.21998],56,0_93
Pref0,0.89975[0.210535],0.891113[0.218993],0.908811[0.20088],56,0_93
Signal0,1[0],1[0],1[0],56,0_93
Hybridindex,17.6835[1.17136],17.6893[1.19742],17.6779[1.14531],57,0_93
Pref0,0.89375[0.218142],0.891194[0.223954],0.896245[0.212285],57,0_93
Signal0,1[0],1[0],1[0],57,0_93
Hybridindex,17.6663[1.17622],17.6633[1.19283],17.6691[1.16003],58,0_93
Pref0,0.8905[0.21624],0.893367[0.215726],0.887745[0.216697],58,0_93
Signal0,1[0],1[0],1[0],58,0_93
Hybridindex,17.6578[1.17601],17.6445[1.1811],17.6702[1.17103],59,0_93
Pref0,0.8995[0.214242],0.904321[0.209354],0.894942[0.218666],59,0_93
Signal0,1[0],1[0],1[0],59,0_93
Hybridindex,17.6737[1.15323],17.6627[1.17043],17.685[1.13526],60,0_93
Pref0,0.89775[0.214872],0.903066[0.20743],0.892315[0.22209],60,0_93
Signal0,1[0],1[0],1[0],60,0_93
Hybridindex,17.7055[1.17187],17.6942[1.14428],17.7171[1.19935],61,0_93
Pref0,0.8995[0.211896],0.897233[0.212765],0.901822[0.210976],61,0_93
Signal0,1[0],1[0],1[0],61,0_93
Hybridindex,17.6822[1.18339],17.6706[1.21116],17.6941[1.15436],62,0_93
Pref0,0.89925[0.211482],0.899802[0.208643],0.89869[0.214326],62,0_93
Signal0,1[0],1[0],1[0],62,0_93
Hybridindex,17.7052[1.16017],17.6691[1.13941],17.7397[1.17858],63,0_93
Pref0,0.88475[0.221568],0.88627[0.22148],0.883301[0.221643],63,0_93
Signal0,1[0],1[0],1[0],63,0_93
Hybridindex,17.7052[1.14313],17.7024[1.1419],17.708[1.14433],64,0_93
Pref0,0.889[0.224564],0.887714[0.220386],0.890268[0.228602],64,0_93
Signal0,1[0],1[0],1[0],64,0_93
Hybridindex,17.7085[1.14511],17.7085[1.14873],17.7085[1.14153],65,0_93
Pref0,0.89025[0.222666],0.89577[0.215142],0.884806[0.229713],65,0_93
Signal0,1[0],1[0],1[0],65,0_93
Hybridindex,17.7165[1.17691],17.7163[1.16133],17.7167[1.19143],66,0_93
Pref0,0.881[0.227682],0.8862[0.220418],0.876093[0.234224],66,0_93
Signal0,1[0],1[0],1[0],66,0_93
Hybridindex,17.7078[1.14224],17.7239[1.14513],17.6916[1.13913],67,0_93
Pref0,0.883[0.22762],0.886273[0.221223],0.879741[0.233772],67,0_93
Signal0,1[0],1[0],1[0],67,0_93
Hybridindex,17.686[1.148],17.6458[1.15939],17.7247[1.13558],68,0_93
Pref0,0.87525[0.23305],0.873598[0.229848],0.87684[0.236081],68,0_93
Signal0,1[0],1[0],1[0],68,0_93
Hybridindex,17.6513[1.18047],17.6738[1.16581],17.6293[1.19416],69,0_93
Pref0,0.872[0.233165],0.869807[0.232863],0.874136[0.233439],69,0_93
Signal0,1[0],1[0],1[0],69,0_93
Hybridindex,17.615[1.18808],17.5983[1.2447],17.6324[1.1256],70,0_93
Pref0,0.86775[0.24369],0.868885[0.240129],0.866564[0.247351],70,0_93
Signal0,1[0],1[0],1[0],70,0_93
Hybridindex,17.6423[1.17224],17.6155[1.16163],17.6683[1.1819],71,0_93
Pref0,0.86975[0.237508],0.870821[0.238791],0.868707[0.236247],71,0_93
Signal0,1[0],1[0],1[0],71,0_93
Hybridindex,17.6552[1.18702],17.6413[1.17913],17.6685[1.1943],72,0_93
Pref0,0.873[0.231022],0.867934[0.239431],0.877799[0.222655],72,0_93
Signal0,1[0],1[0],1[0],72,0_93
Hybridindex,17.6713[1.16073],17.6386[1.21394],17.7026[1.10619],73,0_93
Pref0,0.876[0.229399],0.873089[0.231226],0.878803[0.227592],73,0_93
Signal0,1[0],1[0],1[0],73,0_93
Hybridindex,17.6242[1.17885],17.6367[1.18828],17.6114[1.16888],74,0_93
Pref0,0.88025[0.230293],0.884464[0.228661],0.87589[0.231889],74,0_93
Signal0,1[0],1[0],1[0],74,0_93
Hybridindex,17.6157[1.17526],17.6054[1.17939],17.6267[1.17076],75,0_93
Pref0,0.873[0.237426],0.868319[0.242291],0.877961[0.232056],75,0_93
Signal0,1[0],1[0],1[0],75,0_93
Hybridindex,17.583[1.17669],17.5753[1.18305],17.591[1.17005],76,0_93
Pref0,0.88025[0.225909],0.876476[0.226771],0.884146[0.22495],76,0_93
Signal0,1[0],1[0],1[0],76,0_93
Hybridindex,17.5798[1.14903],17.5925[1.16284],17.5663[1.13411],77,0_93
Pref0,0.88425[0.227985],0.883642[0.230036],0.884892[0.225797],77,0_93
Signal0,1[0],1[0],1[0],77,0_93
Hybridindex,17.5045[1.19926],17.5152[1.20579],17.4934[1.19233],78,0_93
Pref0,0.889[0.219497],0.888725[0.219447],0.889286[0.219548],78,0_93
Signal0,1[0],1[0],1[0],78,0_93
Hybridindex,17.4947[1.20035],17.5289[1.19314],17.4591[1.20682],79,0_93
Pref0,0.8945[0.217071],0.908513[0.205587],0.879857[0.227535],79,0_93
Signal0,1[0],1[0],1[0],79,0_93
Hybridindex,17.4932[1.18378],17.5217[1.16932],17.4666[1.19657],80,0_93
Pref0,0.8995[0.213658],0.904959[0.210166],0.89438[0.216758],80,0_93
Signal0,1[0],1[0],1[0],80,0_93
Hybridindex,17.4965[1.17622],17.4613[1.19519],17.5322[1.15556],81,0_93
Pref0,0.89675[0.217863],0.901688[0.216653],0.891742[0.21897],81,0_93
Signal0,1[0],1[0],1[0],81,0_93
Hybridindex,17.497[1.18553],17.5199[1.15977],17.475[1.20945],82,0_93
Pref0,0.8855[0.22111],0.886965[0.222129],0.884086[0.220114],82,0_93
Signal0,1[0],1[0],1[0],82,0_93
Hybridindex,17.4602[1.20168],17.4305[1.19627],17.4883[1.2061],83,0_93
Pref0,0.877[0.229393],0.877446[0.231228],0.876579[0.227646],83,0_93
Signal0,1[0],1[0],1[0],83,0_93
Hybridindex,17.4333[1.19527],17.3867[1.22275],17.4804[1.16491],84,0_93
Pref0,0.87675[0.235976],0.871769[0.244132],0.881791[0.227311],84,0_93
Signal0,1[0],1[0],1[0],84,0_93
Hybridindex,17.4112[1.19216],17.4463[1.15059],17.3771[1.23035],85,0_93
Pref0,0.8835[0.227877],0.881459[0.228715],0.885489[0.227039],85,0_93
Signal0,1[0],1[0],1[0],85,0_93
Hybridindex,17.36[1.20495],17.3525[1.2131],17.3679[1.19635],86,0_93
Pref0,0.88725[0.224527],0.892647[0.222497],0.881633[0.226485],86,0_93
Signal0,1[0],1[0],1[0],86,0_93
Hybridindex,17.3498[1.1884],17.3719[1.18343],17.3288[1.1927],87,0_93
Pref0,0.88175[0.225038],0.872942[0.230312],0.890078[0.21961],87,0_93
Signal0,1[0],1[0],1[0],87,0_93
Hybridindex,17.3305[1.2144],17.3392[1.20143],17.3215[1.22761],88,0_93
Pref0,0.8825[0.223481],0.881514[0.227146],0.88352[0.21962],88,0_93
Signal0,1[0],1[0],1[0],88,0_93
Hybridindex,17.274[1.24385],17.2074[1.29535],17.3426[1.18455],89,0_93
Pref0,0.883[0.23251],0.885714[0.226872],0.880203[0.238148],89,0_93
Signal0,1[0],1[0],1[0],89,0_93
Hybridindex,17.255[1.24186],17.2579[1.23586],17.252[1.24797],90,0_93
Pref0,0.88725[0.22397],0.893775[0.223011],0.880567[0.224751],90,0_93
Signal0,1[0],1[0],1[0],90,0_93
Hybridindex,17.31[1.21291],17.3579[1.19677],17.2622[1.22695],91,0_93
Pref0,0.8835[0.224004],0.86987[0.235879],0.897103[0.210612],91,0_93
Signal0,1[0],1[0],1[0],91,0_93
Hybridindex,17.2828[1.17364],17.2722[1.1501],17.2934[1.19676],92,0_93
Pref0,0.876[0.231569],0.876371[0.228066],0.875627[0.235039],92,0_93
Signal0,1[0],1[0],1[0],92,0_93
Hybridindex,17.2658[1.18691],17.244[1.20051],17.2873[1.17291],93,0_93
Pref0,0.8785[0.229102],0.877767[0.23286],0.879225[0.225325],93,0_93
Signal0,1[0],1[0],1[0],93,0_93
Hybridindex,17.2535[1.21119],17.2374[1.23536],17.2713[1.18371],94,0_93
Pref0,0.88075[0.23001],0.881792[0.231755],0.8796[0.228063],94,0_93
Signal0,1[0],1[0],1[0],94,0_93
Hybridindex,17.289[1.19372],17.2933[1.19785],17.285[1.18981],95,0_93
Pref0,0.8845[0.225632],0.889175[0.225527],0.880097[0.225643],95,0_93
Signal0,1[0],1[0],1[0],95,0_93
Hybridindex,17.283[1.18613],17.2877[1.18372],17.2785[1.18843],96,0_93
Pref0,0.88625[0.224022],0.886965[0.225541],0.88556[0.222545],96,0_93
Signal0,1[0],1[0],1[0],96,0_93
Hybridindex,17.2643[1.21616],17.2918[1.19859],17.2368[1.23283],97,0_93
Pref0,0.88175[0.22168],0.882382[0.219039],0.881119[0.224283],97,0_93
Signal0,1[0],1[0],1[0],97,0_93
Hybridindex,17.3205[1.20832],17.3094[1.21013],17.3318[1.20636],98,0_93
Pref0,0.883[0.228169],0.884653[0.225398],0.881313[0.230949],98,0_93
Signal0,1[0],1[0],1[0],98,0_93
Hybridindex,17.311[1.19824],17.3074[1.23012],17.3145[1.1662],99,0_93
Pref0,0.8765[0.231296],0.870071[0.237006],0.882789[0.225392],99,0_93
Signal0,1[0],1[0],1[0],99,0_93
Hybridindex,17.2765[1.20262],17.2234[1.22722],17.3264[1.17686],100,0_93
Pref0,0.876[0.229399],0.866873[0.23459],0.884578[0.224072],100,0_93
Signal0,1[0],1[0],1[0],100,0_93
Hybridindex,12.245[8.34326],12.3396[8.26243],12.1479[8.42431],1,0_94
Pref0,0.61225[0.417163],0.616979[0.413121],0.607396[0.421216],1,0_94
Signal0,0.61225[0.417163],0.616979[0.413121],0.607396[0.421216],1,0_94
Hybridindex,14.9845[6.1645],14.7753[6.32866],15.1962[5.98634],2,0_94
Pref0,0.75325[0.333526],0.741551[0.3422],0.765091[0.324081],2,0_94
Signal0,0.74775[0.334656],0.740557[0.344346],0.75503[0.324394],2,0_94
Hybridindex,16.878[3.91725],16.9933[3.84363],16.7678[3.98318],3,0_94
Pref0,0.845[0.265471],0.847492[0.268199],0.84262[0.262818],3,0_94
Signal0,0.865[0.243977],0.873081[0.238903],0.857283[0.248482],3,0_94
Hybridindex,17.583[2.49201],17.4924[2.58354],17.6706[2.39697],4,0_94
Pref0,0.87875[0.232214],0.871312[0.240741],0.885939[0.223428],4,0_94
Signal0,0.92475[0.182243],0.924212[0.184892],0.92527[0.179644],4,0_94
Hybridindex,17.7282[1.85352],17.7686[1.85768],17.6884[1.84853],5,0_94
Pref0,0.887[0.223004],0.895875[0.21506],0.878231[0.23025],5,0_94
Signal0,0.9665[0.125011],0.965292[0.127081],0.967694[0.12292],5,0_94
Hybridindex,17.7245[1.63198],17.7253[1.63914],17.7237[1.62448],6,0_94
Pref0,0.8875[0.223816],0.898139[0.212043],0.876404[0.234956],6,0_94
Signal0,0.979[0.100295],0.980901[0.0958368],0.977017[0.104705],6,0_94
Hybridindex,17.708[1.50515],17.7[1.51043],17.7161[1.49976],7,0_94
Pref0,0.88775[0.225887],0.891045[0.225974],0.884422[0.225751],7,0_94
Signal0,0.98875[0.0741514],0.989055[0.0731631],0.988442[0.0751353],7,0_94
Hybridindex,17.7153[1.40776],17.669[1.42137],17.7598[1.39305],8,0_94
Pref0,0.88825[0.223354],0.88391[0.223984],0.892436[0.222664],8,0_94
Signal0,0.996[0.0445421],0.996436[0.0420639],0.99558[0.0468047],8,0_94
Hybridindex,17.7033[1.36485],17.7242[1.35433],17.6811[1.37554],9,0_94
Pref0,0.8905[0.220816],0.888132[0.221937],0.893004[0.219597],9,0_94
Signal0,0.9985[0.027345],0.999027[0.0220326],0.997942[0.0320089],9,0_94
Hybridindex,17.6663[1.34796],17.6783[1.33889],17.6534[1.3575],10,0_94
Pref0,0.889[0.22512],0.892754[0.222189],0.884974[0.228153],10,0_94
Signal0,0.9995[0.0158035],0.999517[0.0155342],0.999482[0.0160872],10,0_94
Hybridindex,17.633[1.34157],17.6639[1.33397],17.5999[1.34888],11,0_94
Pref0,0.89[0.222261],0.884913[0.228113],0.895445[0.215689],11,0_94
Signal0,1[0],1[0],1[0],11,0_94
Hybridindex,17.598[1.31116],17.5873[1.32178],17.61[1.29901],12,0_94
Pref0,0.8885[0.224873],0.889046[0.225212],0.887885[0.224489],12,0_94
Signal0,1[0],1[0],1[0],12,0_94
Hybridindex,17.6245[1.31956],17.6038[1.34799],17.6453[1.29006],13,0_94
Pref0,0.88625[0.224022],0.888723[0.225258],0.883768[0.222747],13,0_94
Signal0,1[0],1[0],1[0],13,0_94
Hybridindex,17.607[1.2953],17.5975[1.30564],17.6158[1.28554],14,0_94
Pref0,0.88025[0.228659],0.875519[0.227885],0.884653[0.229289],14,0_94
Signal0,1[0],1[0],1[0],14,0_94
Hybridindex,17.579[1.31292],17.5849[1.33051],17.5733[1.29567],15,0_94
Pref0,0.8845[0.227837],0.886063[0.223809],0.882989[0.231654],15,0_94
Signal0,1[0],1[0],1[0],15,0_94
Hybridindex,17.5643[1.32032],17.5318[1.32491],17.6004[1.31424],16,0_94
Pref0,0.89525[0.214249],0.890892[0.219868],0.900106[0.207701],16,0_94
Signal0,1[0],1[0],1[0],16,0_94
Hybridindex,17.6175[1.322],17.6335[1.32369],17.6019[1.32016],17,0_94
Pref0,0.89725[0.213465],0.902932[0.207741],0.891691[0.218778],17,0_94
Signal0,1[0],1[0],1[0],17,0_94
Hybridindex,17.6618[1.32002],17.727[1.30856],17.5976[1.32807],18,0_94
Pref0,0.9025[0.207349],0.905651[0.203224],0.899405[0.211277],18,0_94
Signal0,1[0],1[0],1[0],18,0_94
Hybridindex,17.6908[1.29499],17.7224[1.29255],17.6594[1.29664],19,0_94
Pref0,0.90075[0.213365],0.901606[0.209842],0.8999[0.216799],19,0_94
Signal0,1[0],1[0],1[0],19,0_94
Hybridindex,17.6642[1.29611],17.6615[1.32212],17.667[1.26923],20,0_94
Pref0,0.89575[0.213324],0.897614[0.213729],0.893863[0.212896],20,0_94
Signal0,1[0],1[0],1[0],20,0_94
Hybridindex,17.6827[1.25079],17.6719[1.27299],17.6932[1.22887],21,0_94
Pref0,0.89825[0.216268],0.90234[0.210663],0.894297[0.221479],21,0_94
Signal0,1[0],1[0],1[0],21,0_94
Hybridindex,17.6653[1.25362],17.7218[1.27072],17.6044[1.23204],22,0_94
Pref0,0.89575[0.214492],0.898746[0.210314],0.892523[0.218857],22,0_94
Signal0,1[0],1[0],1[0],22,0_94
Hybridindex,17.6315[1.24818],17.6084[1.23752],17.6547[1.25835],23,0_94
Pref0,0.89575[0.215074],0.896603[0.21096],0.894895[0.219116],23,0_94
Signal0,1[0],1[0],1[0],23,0_94
Hybridindex,17.633[1.26018],17.5969[1.25256],17.6708[1.267],24,0_94
Pref0,0.89575[0.216811],0.896771[0.2164],0.894683[0.217234],24,0_94
Signal0,1[0],1[0],1[0],24,0_94
Hybridindex,17.6315[1.24628],17.6314[1.25092],17.6316[1.24182],25,0_94
Pref0,0.90675[0.208397],0.906953[0.206075],0.906556[0.210595],25,0_94
Signal0,1[0],1[0],1[0],25,0_94
Hybridindex,17.6935[1.24702],17.7237[1.25356],17.664[1.23989],26,0_94
Pref0,0.90025[0.213717],0.903846[0.207075],0.896739[0.219952],26,0_94
Signal0,1[0],1[0],1[0],26,0_94
Hybridindex,17.685[1.23127],17.677[1.22249],17.6937[1.2406],27,0_94
Pref0,0.90175[0.210884],0.905979[0.205007],0.897196[0.216942],27,0_94
Signal0,1[0],1[0],1[0],27,0_94
Hybridindex,17.6848[1.2497],17.664[1.26382],17.7059[1.2348],28,0_94
Pref0,0.90225[0.20693],0.90337[0.207225],0.90111[0.206623],28,0_94
Signal0,1[0],1[0],1[0],28,0_94
Hybridindex,17.6945[1.24907],17.6984[1.24028],17.6906[1.25775],29,0_94
Pref0,0.90375[0.203988],0.907315[0.198129],0.9002[0.2096],29,0_94
Signal0,1[0],1[0],1[0],29,0_94
Hybridindex,17.6303[1.2295],17.6556[1.22894],17.6053[1.22954],30,0_94
Pref0,0.903[0.206376],0.894763[0.216985],0.911122[0.195011],30,0_94
Signal0,1[0],1[0],1[0],30,0_94
Hybridindex,17.6555[1.19951],17.6532[1.21431],17.6578[1.18455],31,0_94
Pref0,0.90325[0.205583],0.904905[0.203734],0.901598[0.207399],31,0_94
Signal0,1[0],1[0],1[0],31,0_94
Hybridindex,17.6107[1.19472],17.6237[1.17197],17.5979[1.21664],32,0_94
Pref0,0.898[0.213532],0.904427[0.210204],0.89165[0.216583],32,0_94
Signal0,1[0],1[0],1[0],32,0_94
Hybridindex,17.6053[1.20688],17.5872[1.21422],17.6247[1.19859],33,0_94
Pref0,0.902[0.210109],0.904624[0.207187],0.899168[0.213181],33,0_94
Signal0,1[0],1[0],1[0],33,0_94
Hybridindex,17.5557[1.2025],17.5328[1.19123],17.5784[1.21307],34,0_94
Pref0,0.8995[0.213658],0.899194[0.210413],0.899802[0.216804],34,0_94
Signal0,1[0],1[0],1[0],34,0_94
Hybridindex,17.5763[1.19019],17.5954[1.18984],17.5571[1.19024],35,0_94
Pref0,0.88975[0.21902],0.889111[0.219416],0.89039[0.218622],35,0_94
Signal0,1[0],1[0],1[0],35,0_94
Hybridindex,17.565[1.19824],17.5301[1.22488],17.6008[1.16918],36,0_94
Pref0,0.8885[0.2181],0.889437[0.215667],0.887538[0.220566],36,0_94
Signal0,1[0],1[0],1[0],36,0_94
Hybridindex,17.57[1.18157],17.5546[1.19284],17.5842[1.17086],37,0_94
Pref0,0.88425[0.230167],0.881374[0.23368],0.88691[0.226837],37,0_94
Signal0,1[0],1[0],1[0],37,0_94
Hybridindex,17.5832[1.21622],17.5632[1.23088],17.6032[1.20114],38,0_94
Pref0,0.88325[0.22857],0.875627[0.23397],0.890828[0.222815],38,0_94
Signal0,1[0],1[0],1[0],38,0_94
Hybridindex,17.559[1.2333],17.5879[1.24612],17.5303[1.21979],39,0_94
Pref0,0.8745[0.232378],0.874372[0.23144],0.874627[0.233304],39,0_94
Signal0,1[0],1[0],1[0],39,0_94
Hybridindex,17.553[1.21817],17.5666[1.20944],17.5384[1.22732],40,0_94
Pref0,0.87275[0.238605],0.865347[0.246532],0.880705[0.229516],40,0_94
Signal0,1[0],1[0],1[0],40,0_94
Hybridindex,17.5218[1.18581],17.5596[1.15775],17.484[1.21194],41,0_94
Pref0,0.872[0.2353],0.874248[0.238919],0.86976[0.231617],41,0_94
Signal0,1[0],1[0],1[0],41,0_94
Hybridindex,17.4788[1.19161],17.4705[1.20617],17.4873[1.17632],42,0_94
Pref0,0.87675[0.229531],0.873031[0.233977],0.880589[0.224784],42,0_94
Signal0,1[0],1[0],1[0],42,0_94
Hybridindex,17.4438[1.19099],17.4787[1.20676],17.408[1.17357],43,0_94
Pref0,0.86675[0.239519],0.869931[0.237748],0.863498[0.241273],43,0_94
Signal0,1[0],1[0],1[0],43,0_94
Hybridindex,17.452[1.21745],17.4574[1.23541],17.4462[1.19791],44,0_94
Pref0,0.8655[0.246292],0.866538[0.241053],0.864389[0.251774],44,0_94
Signal0,1[0],1[0],1[0],44,0_94
Hybridindex,17.4295[1.1865],17.4399[1.18101],17.4191[1.19186],45,0_94
Pref0,0.86375[0.24761],0.869369[0.246502],0.858142[0.248585],45,0_94
Signal0,1[0],1[0],1[0],45,0_94
Hybridindex,17.464[1.19507],17.443[1.18987],17.4843[1.19973],46,0_94
Pref0,0.86975[0.235393],0.874236[0.233886],0.865422[0.236757],46,0_94
Signal0,1[0],1[0],1[0],46,0_94
Hybridindex,17.4743[1.18331],17.4772[1.18558],17.4715[1.18118],47,0_94
Pref0,0.87575[0.233317],0.879668[0.232347],0.872104[0.234158],47,0_94
Signal0,1[0],1[0],1[0],47,0_94
Hybridindex,17.4552[1.17553],17.4476[1.16046],17.4632[1.19099],48,0_94
Pref0,0.8835[0.228424],0.880999[0.228463],0.886108[0.228355],48,0_94
Signal0,1[0],1[0],1[0],48,0_94
Hybridindex,17.445[1.18289],17.444[1.14811],17.446[1.2155],49,0_94
Pref0,0.89225[0.216252],0.894603[0.217235],0.88998[0.215276],49,0_94
Signal0,1[0],1[0],1[0],49,0_94
Hybridindex,17.4142[1.17666],17.4083[1.18841],17.4203[1.16468],50,0_94
Pref0,0.89275[0.218226],0.897308[0.211633],0.888164[0.22457],50,0_94
Signal0,1[0],1[0],1[0],50,0_94
Hybridindex,17.3758[1.16273],17.3977[1.20553],17.3535[1.11721],51,0_94
Pref0,0.89025[0.220975],0.897716[0.213647],0.882679[0.227916],51,0_94
Signal0,1[0],1[0],1[0],51,0_94
Hybridindex,17.3723[1.17879],17.3824[1.18247],17.3618[1.17493],52,0_94
Pref0,0.89025[0.225455],0.889328[0.227993],0.891194[0.222821],52,0_94
Signal0,1[0],1[0],1[0],52,0_94
Hybridindex,17.3612[1.18274],17.3605[1.18063],17.362[1.18487],53,0_94
Pref0,0.8935[0.220585],0.896226[0.218112],0.890735[0.223031],53,0_94
Signal0,1[0],1[0],1[0],53,0_94
Hybridindex,17.3702[1.17337],17.2972[1.16937],17.4442[1.17278],54,0_94
Pref0,0.88825[0.223913],0.88668[0.226437],0.889839[0.221317],54,0_94
Signal0,1[0],1[0],1[0],54,0_94
Hybridindex,17.4025[1.18057],17.4126[1.199],17.3916[1.16034],55,0_94
Pref0,0.89[0.222261],0.891409[0.22411],0.888485[0.220246],55,0_94
Signal0,1[0],1[0],1[0],55,0_94
Hybridindex,17.3805[1.21222],17.3669[1.20229],17.3938[1.22176],56,0_94
Pref0,0.88925[0.22217],0.890121[0.222303],0.888393[0.222036],56,0_94
Signal0,1[0],1[0],1[0],56,0_94
Hybridindex,17.3472[1.18956],17.3348[1.18876],17.3596[1.19022],57,0_94
Pref0,0.889[0.223448],0.887387[0.221653],0.890609[0.225213],57,0_94
Signal0,1[0],1[0],1[0],57,0_94
Hybridindex,17.319[1.21665],17.3214[1.19448],17.3167[1.23757],58,0_94
Pref0,0.8945[0.219362],0.895918[0.222196],0.893137[0.216596],58,0_94
Signal0,1[0],1[0],1[0],58,0_94
Hybridindex,17.348[1.20971],17.3697[1.22017],17.3247[1.19793],59,0_94
Pref0,0.8965[0.209852],0.896718[0.212879],0.896266[0.206549],59,0_94
Signal0,1[0],1[0],1[0],59,0_94
Hybridindex,17.3395[1.2506],17.3338[1.24998],17.3452[1.25118],60,0_94
Pref0,0.88775[0.224221],0.894212[0.217237],0.881263[0.230838],60,0_94
Signal0,1[0],1[0],1[0],60,0_94
Hybridindex,17.338[1.23613],17.3483[1.20439],17.3274[1.26772],61,0_94
Pref0,0.8895[0.223136],0.886364[0.225437],0.892713[0.220708],61,0_94
Signal0,1[0],1[0],1[0],61,0_94
Hybridindex,17.3852[1.20123],17.4099[1.22985],17.3604[1.17115],62,0_94
Pref0,0.886[0.229138],0.888944[0.22947],0.883032[0.228763],62,0_94
Signal0,1[0],1[0],1[0],62,0_94
Hybridindex,17.405[1.20384],17.4339[1.18024],17.3766[1.22591],63,0_94
Pref0,0.8775[0.230204],0.879415[0.229816],0.875619[0.230568],63,0_94
Signal0,1[0],1[0],1[0],63,0_94
Hybridindex,17.433[1.19886],17.4389[1.20884],17.4269[1.18845],64,0_94
Pref0,0.87375[0.235979],0.862562[0.243289],0.885279[0.227626],64,0_94
Signal0,1[0],1[0],1[0],64,0_94
Hybridindex,17.4563[1.19225],17.4763[1.17778],17.4366[1.20596],65,0_94
Pref0,0.87175[0.235429],0.875883[0.236083],0.867691[0.234715],65,0_94
Signal0,1[0],1[0],1[0],65,0_94
Hybridindex,17.5275[1.18437],17.5463[1.19343],17.5093[1.17529],66,0_94
Pref0,0.871[0.240019],0.883401[0.238588],0.859037[0.240787],66,0_94
Signal0,1[0],1[0],1[0],66,0_94
Hybridindex,17.5225[1.19875],17.5153[1.20022],17.5294[1.19729],67,0_94
Pref0,0.86475[0.244607],0.854954[0.255488],0.874143[0.233311],67,0_94
Signal0,1[0],1[0],1[0],67,0_94
Hybridindex,17.492[1.18033],17.4483[1.20843],17.538[1.1482],68,0_94
Pref0,0.863[0.244399],0.864035[0.243398],0.86191[0.245445],68,0_94
Signal0,1[0],1[0],1[0],68,0_94
Hybridindex,17.443[1.23258],17.4081[1.24652],17.4787[1.2171],69,0_94
Pref0,0.87075[0.238578],0.872036[0.23456],0.869433[0.242617],69,0_94
Signal0,1[0],1[0],1[0],69,0_94
Hybridindex,17.4247[1.20165],17.4398[1.1717],17.4099[1.23046],70,0_94
Pref0,0.88175[0.228893],0.87751[0.228616],0.885956[0.22909],70,0_94
Signal0,1[0],1[0],1[0],70,0_94
Hybridindex,17.4363[1.17529],17.4081[1.18307],17.4645[1.16677],71,0_94
Pref0,0.88975[0.22298],0.895604[0.218616],0.883884[0.227117],71,0_94
Signal0,1[0],1[0],1[0],71,0_94
Hybridindex,17.46[1.2036],17.4741[1.17486],17.4458[1.23172],72,0_94
Pref0,0.9025[0.209747],0.908367[0.202253],0.896586[0.216879],72,0_94
Signal0,1[0],1[0],1[0],72,0_94
Hybridindex,17.4705[1.19578],17.4562[1.18136],17.4846[1.20966],73,0_94
Pref0,0.9035[0.210209],0.90282[0.208992],0.904171[0.211399],73,0_94
Signal0,1[0],1[0],1[0],73,0_94
Hybridindex,17.4228[1.16261],17.4482[1.1637],17.3976[1.16098],74,0_94
Pref0,0.908[0.208053],0.907948[0.212362],0.908052[0.203705],74,0_94
Signal0,1[0],1[0],1[0],74,0_94
Hybridindex,17.379[1.19786],17.3836[1.2298],17.3745[1.16555],75,0_94
Pref0,0.9085[0.203415],0.909778[0.204966],0.907242[0.201869],75,0_94
Signal0,1[0],1[0],1[0],75,0_94
Hybridindex,17.4013[1.18168],17.3913[1.16456],17.4115[1.19906],76,0_94
Pref0,0.91175[0.195798],0.913471[0.193008],0.909969[0.198628],76,0_94
Signal0,1[0],1[0],1[0],76,0_94
Hybridindex,17.3947[1.22241],17.3844[1.22882],17.4055[1.21567],77,0_94
Pref0,0.91625[0.194579],0.914862[0.193103],0.917683[0.19608],77,0_94
Signal0,1[0],1[0],1[0],77,0_94
Hybridindex,17.4267[1.16609],17.4126[1.17343],17.4414[1.15824],78,0_94
Pref0,0.91275[0.195608],0.915521[0.193801],0.909878[0.197423],78,0_94
Signal0,1[0],1[0],1[0],78,0_94
Hybridindex,17.453[1.19281],17.4606[1.15126],17.4457[1.23121],79,0_94
Pref0,0.91475[0.196488],0.919223[0.19084],0.91047[0.201652],79,0_94
Signal0,1[0],1[0],1[0],79,0_94
Hybridindex,17.501[1.18406],17.4744[1.19978],17.5264[1.16829],80,0_94
Pref0,0.91575[0.195005],0.925281[0.185298],0.906647[0.203428],80,0_94
Signal0,1[0],1[0],1[0],80,0_94
Hybridindex,17.5008[1.16956],17.5123[1.13092],17.4889[1.20783],81,0_94
Pref0,0.91475[0.197756],0.917572[0.198382],0.911854[0.197069],81,0_94
Signal0,1[0],1[0],1[0],81,0_94
Hybridindex,17.4535[1.14971],17.4551[1.15376],17.4518[1.14544],82,0_94
Pref0,0.91525[0.194788],0.914634[0.195761],0.915897[0.193758],82,0_94
Signal0,1[0],1[0],1[0],82,0_94
Hybridindex,17.4398[1.15574],17.4201[1.17778],17.4583[1.13429],83,0_94
Pref0,0.913[0.1954],0.909794[0.197555],0.916019[0.1933],83,0_94
Signal0,1[0],1[0],1[0],83,0_94
Hybridindex,17.4178[1.18284],17.3727[1.20466],17.4612[1.15974],84,0_94
Pref0,0.90875[0.200121],0.909369[0.199117],0.908153[0.201083],84,0_94
Signal0,1[0],1[0],1[0],84,0_94
Hybridindex,17.4028[1.19139],17.427[1.18571],17.3778[1.19669],85,0_94
Pref0,0.91175[0.198335],0.90927[0.203889],0.9143[0.192423],85,0_94
Signal0,1[0],1[0],1[0],85,0_94
Hybridindex,17.4085[1.1613],17.3981[1.12997],17.4189[1.19179],86,0_94
Pref0,0.91475[0.193926],0.924575[0.184449],0.904905[0.202502],86,0_94
Signal0,1[0],1[0],1[0],86,0_94
Hybridindex,17.4195[1.159],17.4471[1.14361],17.3934[1.17279],87,0_94
Pref0,0.9205[0.192171],0.925488[0.189248],0.915774[0.194782],87,0_94
Signal0,1[0],1[0],1[0],87,0_94
Hybridindex,17.4297[1.12336],17.4274[1.10555],17.4322[1.14131],88,0_94
Pref0,0.923[0.187939],0.925395[0.1809],0.920547[0.194855],88,0_94
Signal0,1[0],1[0],1[0],88,0_94
Hybridindex,17.4245[1.15002],17.3824[1.15258],17.4655[1.14604],89,0_94
Pref0,0.93425[0.173355],0.941684[0.160491],0.927022[0.184721],89,0_94
Signal0,1[0],1[0],1[0],89,0_94
Hybridindex,17.4423[1.13877],17.4539[1.13456],17.4295[1.14319],90,0_94
Pref0,0.93125[0.179996],0.927543[0.184004],0.935282[0.175443],90,0_94
Signal0,1[0],1[0],1[0],90,0_94
Hybridindex,17.4468[1.16856],17.4548[1.17044],17.4382[1.16651],91,0_94
Pref0,0.93025[0.179611],0.935374[0.173436],0.92482[0.185776],91,0_94
Signal0,1[0],1[0],1[0],91,0_94
Hybridindex,17.4258[1.19994],17.4012[1.20741],17.4489[1.19238],92,0_94
Pref0,0.9315[0.181818],0.941872[0.168098],0.921693[0.193388],92,0_94
Signal0,1[0],1[0],1[0],92,0_94
Hybridindex,17.4507[1.13971],17.4457[1.13609],17.4557[1.1432],93,0_94
Pref0,0.9315[0.181129],0.937563[0.17132],0.925616[0.189981],93,0_94
Signal0,1[0],1[0],1[0],93,0_94
Hybridindex,17.4315[1.13768],17.479[1.1223],17.384[1.15089],94,0_94
Pref0,0.92625[0.184217],0.9225[0.18906],0.93[0.179165],94,0_94
Signal0,1[0],1[0],1[0],94,0_94
Hybridindex,17.4277[1.14342],17.4471[1.13903],17.4076[1.14762],95,0_94
Pref0,0.93175[0.178092],0.93046[0.17721],0.933095[0.178999],95,0_94
Signal0,1[0],1[0],1[0],95,0_94
Hybridindex,17.4597[1.16093],17.488[1.16434],17.4337[1.15716],96,0_94
Pref0,0.9275[0.183695],0.934307[0.170448],0.92123[0.194894],96,0_94
Signal0,1[0],1[0],1[0],96,0_94
Hybridindex,17.431[1.14858],17.4396[1.14105],17.4225[1.1559],97,0_94
Pref0,0.92525[0.185169],0.927492[0.181688],0.923039[0.188512],97,0_94
Signal0,1[0],1[0],1[0],97,0_94
Hybridindex,17.4252[1.1414],17.4086[1.13027],17.44[1.15099],98,0_94
Pref0,0.93025[0.183739],0.934113[0.184163],0.926818[0.183293],98,0_94
Signal0,1[0],1[0],1[0],98,0_94
Hybridindex,17.4[1.14804],17.3681[1.15282],17.4337[1.14201],99,0_94
Pref0,0.92925[0.177114],0.932327[0.173869],0.926002[0.180419],99,0_94
Signal0,1[0],1[0],1[0],99,0_94
Hybridindex,17.448[1.13932],17.4843[1.14511],17.4106[1.13209],100,0_94
Pref0,0.9255[0.187616],0.926181[0.188142],0.924797[0.187069],100,0_94
Signal0,1[0],1[0],1[0],100,0_94
Hybridindex,12.02[8.32584],11.7728[8.39122],12.2778[8.24921],1,0_95
Pref0,0.601[0.416292],0.588639[0.419561],0.613892[0.412461],1,0_95
Signal0,0.601[0.416292],0.588639[0.419561],0.613892[0.412461],1,0_95
Hybridindex,15.1203[6.13534],15.1974[6.09445],15.0373[6.17792],2,0_95
Pref0,0.75875[0.335296],0.7611[0.335514],0.756224[0.335043],2,0_95
Signal0,0.758[0.331943],0.762548[0.328925],0.753112[0.335086],2,0_95
Hybridindex,16.6068[4.02799],16.6147[4.01551],16.5986[4.0407],3,0_95
Pref0,0.841[0.264044],0.837784[0.26944],0.844287[0.258369],3,0_95
Signal0,0.85975[0.248907],0.857567[0.247619],0.861982[0.250198],3,0_95
Hybridindex,17.234[2.69866],17.1576[2.80625],17.3114[2.58291],4,0_95
Pref0,0.87625[0.235183],0.873757[0.236919],0.878773[0.233386],4,0_95
Signal0,0.92675[0.184416],0.912028[0.200557],0.94165[0.165165],4,0_95
Hybridindex,17.5655[2.02292],17.609[1.97137],17.5208[2.07365],5,0_95
Pref0,0.88825[0.221104],0.881657[0.227105],0.89503[0.214546],5,0_95
Signal0,0.9665[0.126007],0.966469[0.12702],0.966531[0.124957],5,0_95
Hybridindex,17.6103[1.67533],17.6239[1.69613],17.5972[1.65495],6,0_95
Pref0,0.8945[0.217071],0.90265[0.206799],0.886654[0.226243],6,0_95
Signal0,0.9815[0.0943809],0.98318[0.0901493],0.979882[0.0982556],6,0_95
Hybridindex,17.6522[1.48919],17.6438[1.47521],17.6608[1.50322],7,0_95
Pref0,0.893[0.216335],0.891865[0.215273],0.894153[0.217403],7,0_95
Signal0,0.99225[0.0637569],0.99256[0.0645051],0.991935[0.0629859],7,0_95
Hybridindex,17.6435[1.44867],17.6592[1.44123],17.6262[1.45665],8,0_95
Pref0,0.897[0.212464],0.897998[0.210736],0.895899[0.214349],8,0_95
Signal0,0.99375[0.0555512],0.99428[0.053171],0.993165[0.0580581],8,0_95
Hybridindex,17.6715[1.37244],17.6724[1.37281],17.6706[1.37208],9,0_95
Pref0,0.89775[0.212532],0.887097[0.223053],0.908234[0.201092],9,0_95
Signal0,0.99725[0.0369789],0.999496[0.015867],0.99504[0.0495535],9,0_95
Hybridindex,17.6725[1.36161],17.6378[1.35653],17.7063[1.3657],10,0_95
Pref0,0.896[0.216065],0.902736[0.205454],0.889437[0.225731],10,0_95
Signal0,0.99775[0.0334655],0.997974[0.0317658],0.997532[0.0350409],10,0_95
Hybridindex,17.6767[1.34495],17.6852[1.35292],17.6683[1.33694],11,0_95
Pref0,0.8935[0.218878],0.896084[0.216059],0.890936[0.22161],11,0_95
Signal0,0.99775[0.0334655],0.99749[0.0353372],0.998008[0.0314968],11,0_95
Hybridindex,17.651[1.32182],17.64[1.31202],17.662[1.33145],12,0_95
Pref0,0.89325[0.218471],0.8965[0.216882],0.89[0.22],12,0_95
Signal0,0.99975[0.0111775],1[0],0.9995[0.0158035],12,0_95
Hybridindex,17.6015[1.27562],17.573[1.29236],17.6304[1.25775],13,0_95
Pref0,0.889[0.220633],0.891758[0.219916],0.886203[0.221323],13,0_95
Signal0,1[0],1[0],1[0],13,0_95
Hybridindex,17.6358[1.2711],17.6883[1.2791],17.5863[1.26154],14,0_95
Pref0,0.877[0.234246],0.880805[0.22825],0.873424[0.239689],14,0_95
Signal0,1[0],1[0],1[0],14,0_95
Hybridindex,17.621[1.3034],17.6177[1.3047],17.6241[1.30217],15,0_95
Pref0,0.87525[0.234121],0.887461[0.224243],0.863681[0.242543],15,0_95
Signal0,1[0],1[0],1[0],15,0_95
Hybridindex,17.643[1.26868],17.648[1.27955],17.6379[1.25747],16,0_95
Pref0,0.8665[0.241201],0.871287[0.23603],0.861616[0.246268],16,0_95
Signal0,1[0],1[0],1[0],16,0_95
Hybridindex,17.68[1.27763],17.6555[1.29588],17.7059[1.25762],17,0_95
Pref0,0.86475[0.239442],0.859649[0.242408],0.870123[0.236158],17,0_95
Signal0,1[0],1[0],1[0],17,0_95
Hybridindex,17.7218[1.25706],17.6966[1.26609],17.7477[1.24715],18,0_95
Pref0,0.862[0.243323],0.858621[0.246077],0.865482[0.240402],18,0_95
Signal0,1[0],1[0],1[0],18,0_95
Hybridindex,17.7255[1.24052],17.6923[1.22034],17.7588[1.25954],19,0_95
Pref0,0.853[0.249281],0.846154[0.255426],0.85986[0.242774],19,0_95
Signal0,1[0],1[0],1[0],19,0_95
Hybridindex,17.687[1.17963],17.6696[1.17745],17.7046[1.18158],20,0_95
Pref0,0.84725[0.252076],0.852183[0.251927],0.842238[0.252129],20,0_95
Signal0,1[0],1[0],1[0],20,0_95
Hybridindex,17.6573[1.2301],17.669[1.2111],17.6452[1.24926],21,0_95
Pref0,0.84875[0.251492],0.84335[0.260905],0.854315[0.241283],21,0_95
Signal0,1[0],1[0],1[0],21,0_95
Hybridindex,17.6642[1.20557],17.6605[1.19916],17.668[1.21193],22,0_95
Pref0,0.84325[0.255058],0.85[0.243926],0.8365[0.265552],22,0_95
Signal0,1[0],1[0],1[0],22,0_95
Hybridindex,17.6475[1.23602],17.6493[1.2546],17.6457[1.21657],23,0_95
Pref0,0.844[0.25916],0.846798[0.254858],0.841117[0.263488],23,0_95
Signal0,1[0],1[0],1[0],23,0_95
Hybridindex,17.6752[1.22553],17.6832[1.2043],17.6668[1.24744],24,0_95
Pref0,0.83875[0.261005],0.837719[0.26716],0.839836[0.254355],24,0_95
Signal0,1[0],1[0],1[0],24,0_95
Hybridindex,17.635[1.23745],17.6623[1.19271],17.6078[1.27988],25,0_95
Pref0,0.84125[0.255291],0.837675[0.258529],0.84481[0.251974],25,0_95
Signal0,1[0],1[0],1[0],25,0_95
Hybridindex,17.671[1.2082],17.6348[1.22254],17.7071[1.19266],26,0_95
Pref0,0.82975[0.269981],0.829158[0.26789],0.830339[0.272047],26,0_95
Signal0,1[0],1[0],1[0],26,0_95
Hybridindex,17.6988[1.19305],17.6857[1.21447],17.712[1.17078],27,0_95
Pref0,0.8315[0.266191],0.834161[0.263286],0.828802[0.269078],27,0_95
Signal0,1[0],1[0],1[0],27,0_95
Hybridindex,17.704[1.21032],17.7177[1.18322],17.6897[1.23785],28,0_95
Pref0,0.84[0.255734],0.828767[0.265487],0.851738[0.244577],28,0_95
Signal0,1[0],1[0],1[0],28,0_95
Hybridindex,17.7435[1.17631],17.7692[1.14879],17.7183[1.20215],29,0_95
Pref0,0.83625[0.26469],0.845455[0.258891],0.827228[0.269949],29,0_95
Signal0,1[0],1[0],1[0],29,0_95
Hybridindex,17.7647[1.13734],17.7847[1.13112],17.7433[1.14358],30,0_95
Pref0,0.8475[0.258348],0.840734[0.260348],0.854772[0.255982],30,0_95
Signal0,1[0],1[0],1[0],30,0_95
Hybridindex,17.7793[1.09357],17.828[1.08178],17.7341[1.10246],31,0_95
Pref0,0.8475[0.256892],0.851351[0.247111],0.843931[0.265587],31,0_95
Signal0,1[0],1[0],1[0],31,0_95
Hybridindex,17.791[1.14535],17.8099[1.13343],17.77[1.15806],32,0_95
Pref0,0.8505[0.253278],0.856464[0.245348],0.843882[0.261637],32,0_95
Signal0,1[0],1[0],1[0],32,0_95
Hybridindex,17.7835[1.16635],17.801[1.14946],17.7678[1.18112],33,0_95
Pref0,0.856[0.247516],0.853221[0.250865],0.8585[0.244438],33,0_95
Signal0,1[0],1[0],1[0],33,0_95
Hybridindex,17.7203[1.19567],17.7608[1.21785],17.6804[1.1721],34,0_95
Pref0,0.86775[0.242662],0.86781[0.238104],0.867691[0.247057],34,0_95
Signal0,1[0],1[0],1[0],34,0_95
Hybridindex,17.705[1.1727],17.7061[1.14922],17.704[1.19409],35,0_95
Pref0,0.86175[0.241375],0.86812[0.237351],0.855834[0.244904],35,0_95
Signal0,1[0],1[0],1[0],35,0_95
Hybridindex,17.711[1.18162],17.6793[1.22066],17.7437[1.13907],36,0_95
Pref0,0.86775[0.242662],0.861576[0.245755],0.874112[0.239267],36,0_95
Signal0,1[0],1[0],1[0],36,0_95
Hybridindex,17.666[1.21344],17.648[1.21766],17.6833[1.20912],37,0_95
Pref0,0.87175[0.238069],0.873469[0.232138],0.870098[0.243621],37,0_95
Signal0,1[0],1[0],1[0],37,0_95
Hybridindex,17.6303[1.20816],17.5914[1.23559],17.668[1.17972],38,0_95
Pref0,0.88125[0.229725],0.882234[0.230513],0.880296[0.228953],38,0_95
Signal0,1[0],1[0],1[0],38,0_95
Hybridindex,17.6262[1.1958],17.6341[1.23112],17.6184[1.15912],39,0_95
Pref0,0.875[0.234254],0.875374[0.235066],0.874624[0.233434],39,0_95
Signal0,1[0],1[0],1[0],39,0_95
Hybridindex,17.6277[1.19877],17.6202[1.16382],17.6354[1.23316],40,0_95
Pref0,0.86875[0.23958],0.866931[0.243422],0.870594[0.235605],40,0_95
Signal0,1[0],1[0],1[0],40,0_95
Hybridindex,17.6535[1.19224],17.6352[1.20206],17.672[1.18193],41,0_95
Pref0,0.86725[0.239275],0.867296[0.240183],0.867203[0.238352],41,0_95
Signal0,1[0],1[0],1[0],41,0_95
Hybridindex,17.6403[1.18983],17.6848[1.16364],17.5954[1.21402],42,0_95
Pref0,0.86975[0.238558],0.871514[0.233894],0.867972[0.243156],42,0_95
Signal0,1[0],1[0],1[0],42,0_95
Hybridindex,17.6358[1.19518],17.6352[1.18999],17.6364[1.20068],43,0_95
Pref0,0.87775[0.230065],0.868702[0.23077],0.887397[0.228917],43,0_95
Signal0,1[0],1[0],1[0],43,0_95
Hybridindex,17.6135[1.15439],17.6097[1.12021],17.6175[1.18898],44,0_95
Pref0,0.8755[0.235584],0.869736[0.241759],0.881512[0.228812],44,0_95
Signal0,1[0],1[0],1[0],44,0_95
Hybridindex,17.596[1.14882],17.5705[1.16817],17.6212[1.12885],45,0_95
Pref0,0.87775[0.232228],0.882175[0.227102],0.873386[0.237093],45,0_95
Signal0,1[0],1[0],1[0],45,0_95
Hybridindex,17.593[1.17137],17.6039[1.15709],17.5822[1.18526],46,0_95
Pref0,0.8785[0.23289],0.883032[0.228763],0.874004[0.236827],46,0_95
Signal0,1[0],1[0],1[0],46,0_95
Hybridindex,17.5935[1.15651],17.6057[1.12091],17.5811[1.19146],47,0_95
Pref0,0.874[0.234252],0.867063[0.24026],0.881048[0.227769],47,0_95
Signal0,1[0],1[0],1[0],47,0_95
Hybridindex,17.6498[1.14976],17.6412[1.15999],17.6583[1.13933],48,0_95
Pref0,0.8675[0.240715],0.863273[0.241148],0.871743[0.240205],48,0_95
Signal0,1[0],1[0],1[0],48,0_95
Hybridindex,17.665[1.17613],17.6943[1.17204],17.6364[1.1794],49,0_95
Pref0,0.87575[0.237038],0.871964[0.237125],0.879447[0.236895],49,0_95
Signal0,1[0],1[0],1[0],49,0_95
Hybridindex,17.6588[1.11453],17.6868[1.10009],17.6324[1.12729],50,0_95
Pref0,0.878[0.23583],0.878225[0.236352],0.877789[0.235339],50,0_95
Signal0,1[0],1[0],1[0],50,0_95
Hybridindex,17.6597[1.14874],17.6371[1.14438],17.6831[1.15274],51,0_95
Pref0,0.87275[0.240692],0.872288[0.24368],0.873225[0.237578],51,0_95
Signal0,1[0],1[0],1[0],51,0_95
Hybridindex,17.6507[1.12989],17.6279[1.1523],17.6729[1.10726],52,0_95
Pref0,0.869[0.236831],0.871066[0.239766],0.866995[0.233931],52,0_95
Signal0,1[0],1[0],1[0],52,0_95
Hybridindex,17.661[1.11258],17.6477[1.15035],17.6737[1.07526],53,0_95
Pref0,0.87125[0.235687],0.877949[0.233097],0.864878[0.23795],53,0_95
Signal0,1[0],1[0],1[0],53,0_95
Hybridindex,17.634[1.1391],17.6032[1.11793],17.6653[1.15937],54,0_95
Pref0,0.86875[0.238009],0.866567[0.240501],0.870968[0.23543],54,0_95
Signal0,1[0],1[0],1[0],54,0_95
Hybridindex,17.6507[1.12156],17.6384[1.14738],17.6632[1.09477],55,0_95
Pref0,0.87[0.236854],0.867032[0.236169],0.872992[0.237506],55,0_95
Signal0,1[0],1[0],1[0],55,0_95
Hybridindex,17.7108[1.1227],17.7224[1.11982],17.6992[1.12543],56,0_95
Pref0,0.8765[0.235048],0.877008[0.23324],0.875996[0.236827],56,0_95
Signal0,1[0],1[0],1[0],56,0_95
Hybridindex,17.7285[1.10081],17.7167[1.11696],17.7406[1.08379],57,0_95
Pref0,0.88[0.235266],0.882266[0.229973],0.877665[0.240576],57,0_95
Signal0,1[0],1[0],1[0],57,0_95
Hybridindex,17.7485[1.10962],17.7604[1.08819],17.7364[1.13076],58,0_95
Pref0,0.873[0.239],0.871272[0.242337],0.874748[0.235561],58,0_95
Signal0,1[0],1[0],1[0],58,0_95
Hybridindex,17.738[1.09172],17.7692[1.09686],17.7081[1.08594],59,0_95
Pref0,0.8725[0.232903],0.866701[0.235628],0.878061[0.230123],59,0_95
Signal0,1[0],1[0],1[0],59,0_95
Hybridindex,17.7503[1.12049],17.7603[1.10954],17.7403[1.1311],60,0_95
Pref0,0.8675[0.235995],0.871601[0.232936],0.863456[0.238905],60,0_95
Signal0,1[0],1[0],1[0],60,0_95
Hybridindex,17.7583[1.10247],17.7685[1.06152],17.7477[1.14287],61,0_95
Pref0,0.85775[0.24777],0.85538[0.247521],0.860182[0.248001],61,0_95
Signal0,1[0],1[0],1[0],61,0_95
Hybridindex,17.7198[1.10616],17.6903[1.11524],17.7492[1.09619],62,0_95
Pref0,0.869[0.236303],0.866134[0.236656],0.871872[0.235914],62,0_95
Signal0,1[0],1[0],1[0],62,0_95
Hybridindex,17.7087[1.1185],17.717[1.10314],17.7002[1.13408],63,0_95
Pref0,0.8675[0.235465],0.875[0.230809],0.859756[0.239932],63,0_95
Signal0,1[0],1[0],1[0],63,0_95
Hybridindex,17.672[1.14266],17.6781[1.12751],17.6656[1.15815],64,0_95
Pref0,0.86425[0.241758],0.870952[0.237091],0.857288[0.246319],64,0_95
Signal0,1[0],1[0],1[0],64,0_95
Hybridindex,17.6857[1.11428],17.6871[1.12145],17.6844[1.10704],65,0_95
Pref0,0.8695[0.231775],0.872754[0.232203],0.866232[0.231299],65,0_95
Signal0,1[0],1[0],1[0],65,0_95
Hybridindex,17.6872[1.10626],17.7041[1.09238],17.67[1.12004],66,0_95
Pref0,0.861[0.243781],0.862648[0.240241],0.859312[0.247343],66,0_95
Signal0,1[0],1[0],1[0],66,0_95
Hybridindex,17.6618[1.11028],17.6071[1.12243],17.7172[1.095],67,0_95
Pref0,0.86125[0.239528],0.855655[0.244478],0.866935[0.234253],67,0_95
Signal0,1[0],1[0],1[0],67,0_95
Hybridindex,17.6223[1.14047],17.6108[1.12613],17.6338[1.15458],68,0_95
Pref0,0.8655[0.241681],0.862774[0.245481],0.868236[0.237773],68,0_95
Signal0,1[0],1[0],1[0],68,0_95
Hybridindex,17.5867[1.10503],17.5745[1.10874],17.6[1.10085],69,0_95
Pref0,0.8575[0.246361],0.854808[0.245294],0.860417[0.247479],69,0_95
Signal0,1[0],1[0],1[0],69,0_95
Hybridindex,17.5828[1.13557],17.6021[1.14109],17.5633[1.12965],70,0_95
Pref0,0.85775[0.253259],0.850598[0.264217],0.86496[0.241496],70,0_95
Signal0,1[0],1[0],1[0],70,0_95
Hybridindex,17.553[1.16499],17.5255[1.1729],17.5815[1.15601],71,0_95
Pref0,0.85775[0.248777],0.850834[0.250273],0.864934[0.247008],71,0_95
Signal0,1[0],1[0],1[0],71,0_95
Hybridindex,17.5525[1.14749],17.5643[1.16014],17.5413[1.1353],72,0_95
Pref0,0.844[0.252812],0.846708[0.252884],0.84144[0.252718],72,0_95
Signal0,1[0],1[0],1[0],72,0_95
Hybridindex,17.4995[1.12783],17.5015[1.1067],17.4975[1.14903],73,0_95
Pref0,0.83425[0.264862],0.834817[0.261084],0.83367[0.268669],73,0_95
Signal0,1[0],1[0],1[0],73,0_95
Hybridindex,17.5143[1.14408],17.5072[1.15186],17.5218[1.13558],74,0_95
Pref0,0.832[0.268842],0.835742[0.265636],0.827963[0.272201],74,0_95
Signal0,1[0],1[0],1[0],74,0_95
Hybridindex,17.4907[1.12407],17.5257[1.12706],17.4563[1.12006],75,0_95
Pref0,0.834[0.260181],0.828629[0.261561],0.839286[0.258706],75,0_95
Signal0,1[0],1[0],1[0],75,0_95
Hybridindex,17.489[1.10945],17.5077[1.07753],17.4711[1.13893],76,0_95
Pref0,0.82325[0.272276],0.819714[0.27387],0.826641[0.270696],76,0_95
Signal0,1[0],1[0],1[0],76,0_95
Hybridindex,17.475[1.12689],17.4925[1.13833],17.4576[1.11511],77,0_95
Pref0,0.82475[0.265824],0.821142[0.266394],0.828343[0.265206],77,0_95
Signal0,1[0],1[0],1[0],77,0_95
Hybridindex,17.5015[1.12683],17.5099[1.12526],17.4929[1.12837],78,0_95
Pref0,0.81875[0.270691],0.828557[0.26207],0.808704[0.278888],78,0_95
Signal0,1[0],1[0],1[0],78,0_95
Hybridindex,17.4715[1.1079],17.4561[1.12911],17.4863[1.08697],79,0_95
Pref0,0.81775[0.269555],0.825843[0.266549],0.80999[0.272181],79,0_95
Signal0,1[0],1[0],1[0],79,0_95
Hybridindex,17.4627[1.12193],17.4659[1.11893],17.4594[1.12509],80,0_95
Pref0,0.823[0.269112],0.830088[0.260328],0.815519[0.277886],80,0_95
Signal0,1[0],1[0],1[0],80,0_95
Hybridindex,17.4775[1.11411],17.501[1.08738],17.4537[1.14003],81,0_95
Pref0,0.814[0.274142],0.815606[0.274034],0.812374[0.274243],81,0_95
Signal0,1[0],1[0],1[0],81,0_95
Hybridindex,17.4995[1.12583],17.4951[1.149],17.5041[1.10074],82,0_95
Pref0,0.817[0.272967],0.813411[0.27563],0.820803[0.270065],82,0_95
Signal0,1[0],1[0],1[0],82,0_95
Hybridindex,17.5083[1.13735],17.51[1.12995],17.5065[1.14475],83,0_95
Pref0,0.82625[0.273287],0.832171[0.271434],0.820281[0.275014],83,0_95
Signal0,1[0],1[0],1[0],83,0_95
Hybridindex,17.498[1.16049],17.5131[1.1623],17.4831[1.15852],84,0_95
Pref0,0.83175[0.262806],0.834004[0.264633],0.829523[0.260968],84,0_95
Signal0,1[0],1[0],1[0],84,0_95
Hybridindex,17.5033[1.17319],17.493[1.17482],17.5135[1.17146],85,0_95
Pref0,0.8275[0.266447],0.82984[0.267572],0.82515[0.265291],85,0_95
Signal0,1[0],1[0],1[0],85,0_95
Hybridindex,17.4853[1.14254],17.4909[1.15055],17.4798[1.13469],86,0_95
Pref0,0.8215[0.264835],0.827919[0.260967],0.815271[0.268389],86,0_95
Signal0,1[0],1[0],1[0],86,0_95
Hybridindex,17.4902[1.14478],17.4636[1.15825],17.5202[1.12872],87,0_95
Pref0,0.8195[0.279141],0.824197[0.274638],0.814225[0.284021],87,0_95
Signal0,1[0],1[0],1[0],87,0_95
Hybridindex,17.4885[1.14373],17.4468[1.1656],17.5299[1.12008],88,0_95
Pref0,0.8145[0.274025],0.819779[0.272392],0.809263[0.275536],88,0_95
Signal0,1[0],1[0],1[0],88,0_95
Hybridindex,17.5143[1.11498],17.574[1.10199],17.4561[1.12444],89,0_95
Pref0,0.817[0.266479],0.815096[0.263453],0.818855[0.269382],89,0_95
Signal0,1[0],1[0],1[0],89,0_95
Hybridindex,17.526[1.10627],17.4965[1.10595],17.5553[1.1058],90,0_95
Pref0,0.8125[0.276304],0.802209[0.286992],0.822709[0.26488],90,0_95
Signal0,1[0],1[0],1[0],90,0_95
Hybridindex,17.5207[1.10779],17.484[1.13474],17.5597[1.07712],91,0_95
Pref0,0.81825[0.27494],0.810982[0.279674],0.825953[0.269618],91,0_95
Signal0,1[0],1[0],1[0],91,0_95
Hybridindex,17.503[1.11781],17.5359[1.11299],17.4699[1.12166],92,0_95
Pref0,0.8215[0.272741],0.819223[0.277724],0.823795[0.267605],92,0_95
Signal0,1[0],1[0],1[0],92,0_95
Hybridindex,17.4947[1.10265],17.4995[1.11734],17.4904[1.08882],93,0_95
Pref0,0.812[0.272316],0.804777[0.275888],0.818708[0.268783],93,0_95
Signal0,1[0],1[0],1[0],93,0_95
Hybridindex,17.46[1.12534],17.4634[1.11847],17.4568[1.13177],94,0_95
Pref0,0.815[0.272075],0.808247[0.271183],0.821359[0.27276],94,0_95
Signal0,1[0],1[0],1[0],94,0_95
Hybridindex,17.4615[1.10737],17.4909[1.09637],17.4325[1.11733],95,0_95
Pref0,0.81975[0.26341],0.819052[0.268039],0.820437[0.258773],95,0_95
Signal0,1[0],1[0],1[0],95,0_95
Hybridindex,17.4123[1.1431],17.4222[1.13296],17.402[1.15336],96,0_95
Pref0,0.821[0.273786],0.820197[0.272619],0.821827[0.274982],96,0_95
Signal0,1[0],1[0],1[0],96,0_95
Hybridindex,17.4075[1.15258],17.4002[1.15477],17.4151[1.15024],97,0_95
Pref0,0.825[0.270878],0.819961[0.275149],0.830266[0.26624],97,0_95
Signal0,1[0],1[0],1[0],97,0_95
Hybridindex,17.4352[1.13905],17.4358[1.12341],17.4346[1.15514],98,0_95
Pref0,0.8195[0.271422],0.824192[0.265909],0.814607[0.276969],98,0_95
Signal0,1[0],1[0],1[0],98,0_95
Hybridindex,17.4355[1.13053],17.4276[1.12079],17.4435[1.14028],99,0_95
Pref0,0.812[0.285755],0.818948[0.277653],0.80494[0.29359],99,0_95
Signal0,1[0],1[0],1[0],99,0_95
Hybridindex,17.4333[1.13045],17.444[1.13638],17.4225[1.12439],100,0_95
Pref0,0.8085[0.271252],0.824[0.263674],0.793[0.277761],100,0_95
Signal0,1[0],1[0],1[0],100,0_95
Hybridindex,12.55[8.37242],12.5979[8.53454],12.5049[8.21658],1,0_96
Pref0,0.6275[0.418621],0.629897[0.426727],0.625243[0.410829],1,0_96
Signal0,0.6275[0.418621],0.629897[0.426727],0.625243[0.410829],1,0_96
Hybridindex,15.0885[6.129],14.9954[6.1104],15.1764[6.14521],2,0_96
Pref0,0.75775[0.331195],0.755407[0.331428],0.759961[0.330959],2,0_96
Signal0,0.756[0.33461],0.754377[0.334536],0.757532[0.334673],2,0_96
Hybridindex,16.7018[3.85505],16.8641[3.81227],16.5404[3.8904],3,0_96
Pref0,0.83475[0.26423],0.843029[0.260553],0.82652[0.267581],3,0_96
Signal0,0.86575[0.245666],0.866098[0.241971],0.865404[0.249285],3,0_96
Hybridindex,17.3595[2.62155],17.3557[2.59019],17.3634[2.65303],4,0_96
Pref0,0.86425[0.245351],0.854663[0.257734],0.873992[0.231686],4,0_96
Signal0,0.935[0.171099],0.933036[0.173176],0.936996[0.16894],4,0_96
Hybridindex,17.526[1.98263],17.5726[1.99258],17.4789[1.97139],5,0_96
Pref0,0.8785[0.236617],0.87326[0.243383],0.883803[0.229445],5,0_96
Signal0,0.96175[0.132898],0.961233[0.133719],0.962274[0.13206],5,0_96
Hybridindex,17.602[1.6609],17.591[1.71052],17.6132[1.60905],6,0_96
Pref0,0.88825[0.221669],0.885686[0.224835],0.890845[0.218387],6,0_96
Signal0,0.97975[0.0985644],0.981113[0.0953238],0.97837[0.10172],6,0_96
Hybridindex,17.629[1.49578],17.6695[1.50073],17.589[1.48979],7,0_96
Pref0,0.88625[0.223464],0.884809[0.226647],0.887674[0.220264],7,0_96
Signal0,0.98775[0.0772977],0.987928[0.0767494],0.987575[0.0778353],7,0_96
Hybridindex,17.61[1.42921],17.5892[1.44527],17.6303[1.4131],8,0_96
Pref0,0.888[0.221824],0.892604[0.214981],0.883514[0.228205],8,0_96
Signal0,0.9915[0.0646355],0.990881[0.0669038],0.992103[0.0623402],8,0_96
Hybridindex,17.5945[1.34353],17.6096[1.34527],17.5788[1.34154],9,0_96
Pref0,0.89575[0.214492],0.902655[0.20649],0.888606[0.222243],9,0_96
Signal0,0.997[0.0417253],0.99705[0.0442478],0.996948[0.0389439],9,0_96
Hybridindex,17.6268[1.35695],17.6576[1.35496],17.5954[1.35825],10,0_96
Pref0,0.89675[0.213809],0.89445[0.22039],0.899092[0.206868],10,0_96
Signal0,0.99775[0.0334655],0.998018[0.031419],0.997477[0.0354258],10,0_96
Hybridindex,17.6148[1.3559],17.5838[1.36683],17.6462[1.34397],11,0_96
Pref0,0.8975[0.213293],0.894841[0.215595],0.900202[0.210893],11,0_96
Signal0,0.99925[0.0193504],0.999008[0.0222497],0.999496[0.015867],11,0_96
Hybridindex,17.6292[1.32067],17.6746[1.33051],17.5834[1.30906],12,0_96
Pref0,0.903[0.214105],0.904478[0.213546],0.901508[0.214658],12,0_96
Signal0,0.99975[0.0111775],1[0],0.999497[0.0158431],12,0_96
Hybridindex,17.5785[1.32017],17.5647[1.3405],17.5926[1.29885],13,0_96
Pref0,0.9055[0.206324],0.899704[0.212202],0.911437[0.199951],13,0_96
Signal0,0.99925[0.0193504],0.998518[0.0271829],1[0],13,0_96
Hybridindex,17.589[1.32045],17.5816[1.34151],17.5959[1.30034],14,0_96
Pref0,0.904[0.206843],0.907025[0.204879],0.901163[0.208628],14,0_96
Signal0,1[0],1[0],1[0],14,0_96
Hybridindex,17.6005[1.30725],17.5876[1.32502],17.6132[1.28936],15,0_96
Pref0,0.89675[0.213224],0.896274[0.213625],0.897219[0.212827],15,0_96
Signal0,1[0],1[0],1[0],15,0_96
Hybridindex,17.5753[1.28878],17.6062[1.28435],17.5461[1.29227],16,0_96
Pref0,0.909[0.205473],0.905155[0.207524],0.912621[0.203455],16,0_96
Signal0,1[0],1[0],1[0],16,0_96
Hybridindex,17.555[1.28101],17.5692[1.30007],17.5407[1.26134],17,0_96
Pref0,0.90425[0.207261],0.906375[0.206226],0.902108[0.208276],17,0_96
Signal0,1[0],1[0],1[0],17,0_96
Hybridindex,17.5985[1.26038],17.6187[1.28347],17.5774[1.23533],18,0_96
Pref0,0.90475[0.206887],0.902344[0.211335],0.907275[0.202085],18,0_96
Signal0,1[0],1[0],1[0],18,0_96
Hybridindex,17.5665[1.25183],17.6243[1.21271],17.5056[1.28896],19,0_96
Pref0,0.904[0.208048],0.912281[0.197709],0.895277[0.21807],19,0_96
Signal0,1[0],1[0],1[0],19,0_96
Hybridindex,17.557[1.22668],17.5744[1.192],17.5396[1.2603],20,0_96
Pref0,0.8975[0.215624],0.897206[0.216376],0.897796[0.214866],20,0_96
Signal0,1[0],1[0],1[0],20,0_96
Hybridindex,17.5392[1.22315],17.5666[1.23174],17.5103[1.2133],21,0_96
Pref0,0.8935[0.220018],0.904276[0.209866],0.88208[0.229736],21,0_96
Signal0,1[0],1[0],1[0],21,0_96
Hybridindex,17.4988[1.25951],17.5106[1.24414],17.4871[1.27445],22,0_96
Pref0,0.88725[0.22397],0.892965[0.216994],0.881592[0.230529],22,0_96
Signal0,1[0],1[0],1[0],22,0_96
Hybridindex,17.478[1.27466],17.4857[1.25849],17.4701[1.29107],23,0_96
Pref0,0.89075[0.217231],0.886207[0.213133],0.895431[0.221278],23,0_96
Signal0,1[0],1[0],1[0],23,0_96
Hybridindex,17.4713[1.27644],17.5122[1.26906],17.4348[1.28187],24,0_96
Pref0,0.894[0.215091],0.890658[0.217927],0.896975[0.212489],24,0_96
Signal0,1[0],1[0],1[0],24,0_96
Hybridindex,17.5182[1.26018],17.4664[1.28455],17.5714[1.23246],25,0_96
Pref0,0.89025[0.22154],0.893281[0.217728],0.887146[0.225335],25,0_96
Signal0,1[0],1[0],1[0],25,0_96
Hybridindex,17.4525[1.2814],17.4731[1.27844],17.4324[1.28396],26,0_96
Pref0,0.87775[0.226782],0.883874[0.226208],0.871795[0.22718],26,0_96
Signal0,1[0],1[0],1[0],26,0_96
Hybridindex,17.4275[1.2517],17.4376[1.24899],17.4172[1.25437],27,0_96
Pref0,0.8735[0.236638],0.869802[0.241958],0.877273[0.231025],27,0_96
Signal0,1[0],1[0],1[0],27,0_96
Hybridindex,17.4195[1.2463],17.374[1.29776],17.4646[1.19135],28,0_96
Pref0,0.8765[0.234516],0.864458[0.245853],0.888446[0.222056],28,0_96
Signal0,1[0],1[0],1[0],28,0_96
Hybridindex,17.4408[1.24494],17.4107[1.21755],17.4716[1.27175],29,0_96
Pref0,0.87675[0.233847],0.879684[0.229315],0.873732[0.23838],29,0_96
Signal0,1[0],1[0],1[0],29,0_96
Hybridindex,17.385[1.2222],17.3709[1.22058],17.4003[1.22378],30,0_96
Pref0,0.883[0.229806],0.8762[0.232919],0.890397[0.22614],30,0_96
Signal0,1[0],1[0],1[0],30,0_96
Hybridindex,17.374[1.25802],17.4196[1.23905],17.3289[1.27493],31,0_96
Pref0,0.8785[0.23289],0.880905[0.230004],0.876119[0.235689],31,0_96
Signal0,1[0],1[0],1[0],31,0_96
Hybridindex,17.3923[1.26254],17.4145[1.24518],17.3715[1.27817],32,0_96
Pref0,0.87[0.238432],0.870466[0.235036],0.869565[0.241556],32,0_96
Signal0,1[0],1[0],1[0],32,0_96
Hybridindex,17.4035[1.23255],17.4014[1.24747],17.4056[1.21763],33,0_96
Pref0,0.87425[0.230352],0.868712[0.227878],0.879722[0.23264],33,0_96
Signal0,1[0],1[0],1[0],33,0_96
Hybridindex,17.4488[1.21047],17.4404[1.19899],17.4576[1.22253],34,0_96
Pref0,0.86875[0.238009],0.868702[0.234932],0.868802[0.241247],34,0_96
Signal0,1[0],1[0],1[0],34,0_96
Hybridindex,17.4245[1.2177],17.4388[1.20559],17.4107[1.22909],35,0_96
Pref0,0.87[0.237908],0.866463[0.244213],0.873405[0.231625],35,0_96
Signal0,1[0],1[0],1[0],35,0_96
Hybridindex,17.4025[1.21264],17.3795[1.20451],17.4253[1.22022],36,0_96
Pref0,0.877[0.226652],0.868976[0.231008],0.88496[0.221959],36,0_96
Signal0,1[0],1[0],1[0],36,0_96
Hybridindex,17.4355[1.21144],17.4245[1.22],17.4459[1.20317],37,0_96
Pref0,0.8825[0.224597],0.875257[0.230154],0.889376[0.218969],37,0_96
Signal0,1[0],1[0],1[0],37,0_96
Hybridindex,17.5138[1.18298],17.4749[1.1681],17.5554[1.1973],38,0_96
Pref0,0.88475[0.226036],0.881528[0.226907],0.888199[0.22505],38,0_96
Signal0,1[0],1[0],1[0],38,0_96
Hybridindex,17.52[1.17147],17.5373[1.18756],17.502[1.15426],39,0_96
Pref0,0.889[0.219497],0.877821[0.230285],0.900612[0.207061],39,0_96
Signal0,1[0],1[0],1[0],39,0_96
Hybridindex,17.5167[1.17998],17.5091[1.21538],17.5242[1.14431],40,0_96
Pref0,0.88325[0.226372],0.886134[0.227065],0.880435[0.225658],40,0_96
Signal0,1[0],1[0],1[0],40,0_96
Hybridindex,17.5098[1.1676],17.544[1.16144],17.4747[1.17282],41,0_96
Pref0,0.87625[0.22762],0.878833[0.225494],0.87361[0.229743],41,0_96
Signal0,1[0],1[0],1[0],41,0_96
Hybridindex,17.512[1.17244],17.4741[1.19578],17.5487[1.14823],42,0_96
Pref0,0.8835[0.228424],0.875381[0.232165],0.891347[0.224471],42,0_96
Signal0,1[0],1[0],1[0],42,0_96
Hybridindex,17.5093[1.18207],17.5[1.16493],17.5183[1.19856],43,0_96
Pref0,0.87825[0.23033],0.874747[0.22801],0.881683[0.232531],43,0_96
Signal0,1[0],1[0],1[0],43,0_96
Hybridindex,17.5312[1.18095],17.5336[1.15988],17.5289[1.20157],44,0_96
Pref0,0.87575[0.231164],0.881764[0.227269],0.86976[0.234826],44,0_96
Signal0,1[0],1[0],1[0],44,0_96
Hybridindex,17.497[1.17057],17.4821[1.20167],17.5121[1.13804],45,0_96
Pref0,0.8695[0.23605],0.868787[0.236315],0.870221[0.23578],45,0_96
Signal0,1[0],1[0],1[0],45,0_96
Hybridindex,17.4977[1.22234],17.5454[1.24915],17.4519[1.19417],46,0_96
Pref0,0.87575[0.23008],0.879205[0.227865],0.872424[0.232145],46,0_96
Signal0,1[0],1[0],1[0],46,0_96
Hybridindex,17.48[1.1859],17.5373[1.16402],17.4266[1.20345],47,0_96
Pref0,0.88375[0.225524],0.891598[0.220622],0.876448[0.22975],47,0_96
Signal0,1[0],1[0],1[0],47,0_96
Hybridindex,17.525[1.15526],17.5216[1.14912],17.528[1.16076],48,0_96
Pref0,0.88325[0.22471],0.881329[0.225952],0.884981[0.22357],48,0_96
Signal0,1[0],1[0],1[0],48,0_96
Hybridindex,17.4617[1.18307],17.4688[1.2106],17.4546[1.15439],49,0_96
Pref0,0.8835[0.222885],0.886409[0.222146],0.880544[0.223594],49,0_96
Signal0,1[0],1[0],1[0],49,0_96
Hybridindex,17.4395[1.20357],17.4458[1.18057],17.4332[1.22598],50,0_96
Pref0,0.872[0.233701],0.871113[0.235275],0.872881[0.232122],50,0_96
Signal0,1[0],1[0],1[0],50,0_96
Hybridindex,17.4043[1.21551],17.3761[1.23126],17.4322[1.19899],51,0_96
Pref0,0.862[0.243836],0.858074[0.248703],0.865902[0.238836],51,0_96
Signal0,1[0],1[0],1[0],51,0_96
Hybridindex,17.3805[1.22514],17.3892[1.22939],17.3719[1.22088],52,0_96
Pref0,0.86325[0.241711],0.866566[0.237624],0.85998[0.245632],52,0_96
Signal0,1[0],1[0],1[0],52,0_96
Hybridindex,17.372[1.20639],17.3612[1.19759],17.382[1.21439],53,0_96
Pref0,0.863[0.244399],0.863306[0.241863],0.862717[0.246726],53,0_96
Signal0,1[0],1[0],1[0],53,0_96
Hybridindex,17.4047[1.17092],17.382[1.16974],17.4277[1.17166],54,0_96
Pref0,0.8575[0.245344],0.853586[0.250452],0.861446[0.240021],54,0_96
Signal0,1[0],1[0],1[0],54,0_96
Hybridindex,17.4028[1.18624],17.4554[1.16041],17.3514[1.20868],55,0_96
Pref0,0.85125[0.250995],0.842452[0.259083],0.859822[0.242549],55,0_96
Signal0,1[0],1[0],1[0],55,0_96
Hybridindex,17.395[1.18373],17.403[1.17236],17.3869[1.19506],56,0_96
Pref0,0.84175[0.259965],0.848259[0.25453],0.835176[0.26518],56,0_96
Signal0,1[0],1[0],1[0],56,0_96
Hybridindex,17.3955[1.19115],17.3873[1.18185],17.4036[1.20021],57,0_96
Pref0,0.838[0.261258],0.841549[0.262119],0.834493[0.260358],57,0_96
Signal0,1[0],1[0],1[0],57,0_96
Hybridindex,17.3992[1.17387],17.3593[1.18164],17.4388[1.16478],58,0_96
Pref0,0.83425[0.266743],0.829146[0.268917],0.839303[0.264476],58,0_96
Signal0,1[0],1[0],1[0],58,0_96
Hybridindex,17.4292[1.18453],17.4503[1.1599],17.4074[1.2091],59,0_96
Pref0,0.83625[0.265162],0.835792[0.265294],0.836724[0.265025],59,0_96
Signal0,1[0],1[0],1[0],59,0_96
Hybridindex,17.41[1.18349],17.3749[1.21187],17.4431[1.15509],60,0_96
Pref0,0.83725[0.264362],0.841916[0.261667],0.832847[0.266806],60,0_96
Signal0,1[0],1[0],1[0],60,0_96
Hybridindex,17.3882[1.17138],17.4289[1.18013],17.3472[1.16104],61,0_96
Pref0,0.84[0.259133],0.831343[0.270733],0.848744[0.246556],61,0_96
Signal0,1[0],1[0],1[0],61,0_96
Hybridindex,17.3875[1.17562],17.385[1.20125],17.3901[1.14823],62,0_96
Pref0,0.84725[0.252076],0.85225[0.249637],0.842025[0.254495],62,0_96
Signal0,1[0],1[0],1[0],62,0_96
Hybridindex,17.3905[1.15261],17.3665[1.16608],17.4131[1.13931],63,0_96
Pref0,0.84925[0.257195],0.848969[0.252051],0.849515[0.261947],63,0_96
Signal0,1[0],1[0],1[0],63,0_96
Hybridindex,17.4108[1.16272],17.4432[1.16015],17.3769[1.16443],64,0_96
Pref0,0.84925[0.256221],0.850637[0.257069],0.847804[0.255327],64,0_96
Signal0,1[0],1[0],1[0],64,0_96
Hybridindex,17.419[1.18192],17.4389[1.16837],17.3986[1.19535],65,0_96
Pref0,0.8455[0.252744],0.846154[0.252209],0.844828[0.253292],65,0_96
Signal0,1[0],1[0],1[0],65,0_96
Hybridindex,17.406[1.17193],17.4275[1.1957],17.3842[1.1469],66,0_96
Pref0,0.8405[0.264215],0.843595[0.261984],0.837362[0.266422],66,0_96
Signal0,1[0],1[0],1[0],66,0_96
Hybridindex,17.441[1.13237],17.4537[1.13308],17.427[1.13142],67,0_96
Pref0,0.8355[0.25921],0.828244[0.263172],0.843487[0.254538],67,0_96
Signal0,1[0],1[0],1[0],67,0_96
Hybridindex,17.4683[1.14929],17.4443[1.15016],17.4904[1.14804],68,0_96
Pref0,0.83125[0.262961],0.825702[0.264152],0.836381[0.261749],68,0_96
Signal0,1[0],1[0],1[0],68,0_96
Hybridindex,17.462[1.15339],17.4444[1.15029],17.4792[1.15616],69,0_96
Pref0,0.827[0.26706],0.819192[0.271798],0.834653[0.262107],69,0_96
Signal0,1[0],1[0],1[0],69,0_96
Hybridindex,17.4245[1.17209],17.4204[1.15275],17.4286[1.1908],70,0_96
Pref0,0.8325[0.265883],0.833669[0.270445],0.831349[0.26131],70,0_96
Signal0,1[0],1[0],1[0],70,0_96
Hybridindex,17.3852[1.19141],17.4234[1.18217],17.3481[1.19916],71,0_96
Pref0,0.837[0.257257],0.838235[0.257639],0.835799[0.256879],71,0_96
Signal0,1[0],1[0],1[0],71,0_96
Hybridindex,17.4237[1.14119],17.4145[1.12386],17.4331[1.15838],72,0_96
Pref0,0.8495[0.251694],0.852386[0.244887],0.846579[0.258368],72,0_96
Signal0,1[0],1[0],1[0],72,0_96
Hybridindex,17.451[1.12109],17.4377[1.11245],17.4648[1.12985],73,0_96
Pref0,0.8385[0.258685],0.835294[0.262584],0.841837[0.25452],73,0_96
Signal0,1[0],1[0],1[0],73,0_96
Hybridindex,17.452[1.14638],17.4744[1.13724],17.428[1.15563],74,0_96
Pref0,0.83775[0.265141],0.832367[0.270383],0.843523[0.259278],74,0_96
Signal0,1[0],1[0],1[0],74,0_96
Hybridindex,17.4575[1.11644],17.4625[1.12793],17.4528[1.10543],75,0_96
Pref0,0.83925[0.254036],0.841213[0.254895],0.83739[0.253206],75,0_96
Signal0,1[0],1[0],1[0],75,0_96
Hybridindex,17.5125[1.12964],17.5476[1.1051],17.476[1.15346],76,0_96
Pref0,0.846[0.253543],0.845927[0.25122],0.846075[0.255933],76,0_96
Signal0,1[0],1[0],1[0],76,0_96
Hybridindex,17.4703[1.1216],17.4432[1.16498],17.4975[1.07551],77,0_96
Pref0,0.84325[0.256036],0.840479[0.257445],0.846038[0.254581],77,0_96
Signal0,1[0],1[0],1[0],77,0_96
Hybridindex,17.4428[1.12931],17.4218[1.1382],17.4636[1.12001],78,0_96
Pref0,0.841[0.255869],0.838176[0.256412],0.843812[0.255296],78,0_96
Signal0,1[0],1[0],1[0],78,0_96
Hybridindex,17.4155[1.16065],17.4067[1.17695],17.4246[1.14344],79,0_96
Pref0,0.83025[0.264216],0.835953[0.256744],0.824338[0.271618],79,0_96
Signal0,1[0],1[0],1[0],79,0_96
Hybridindex,17.4345[1.15875],17.4208[1.16353],17.4482[1.15382],80,0_96
Pref0,0.829[0.262696],0.834504[0.248754],0.823529[0.275747],80,0_96
Signal0,1[0],1[0],1[0],80,0_96
Hybridindex,17.4535[1.14492],17.4589[1.13529],17.4481[1.1544],81,0_96
Pref0,0.83225[0.26643],0.819639[0.272366],0.84481[0.259775],81,0_96
Signal0,1[0],1[0],1[0],81,0_96
Hybridindex,17.4345[1.12626],17.4249[1.12998],17.4448[1.12213],82,0_96
Pref0,0.833[0.26289],0.827719[0.259862],0.83871[0.266007],82,0_96
Signal0,1[0],1[0],1[0],82,0_96
Hybridindex,17.4315[1.16611],17.4547[1.11587],17.4086[1.21317],83,0_96
Pref0,0.833[0.266666],0.837865[0.263405],0.828203[0.269759],83,0_96
Signal0,1[0],1[0],1[0],83,0_96
Hybridindex,17.4393[1.13872],17.4283[1.1472],17.4497[1.13048],84,0_96
Pref0,0.8385[0.257231],0.84375[0.255917],0.833496[0.258377],84,0_96
Signal0,1[0],1[0],1[0],84,0_96
Hybridindex,17.4387[1.17479],17.4308[1.23108],17.4464[1.11763],85,0_96
Pref0,0.83225[0.263125],0.820956[0.271555],0.843166[0.254236],85,0_96
Signal0,1[0],1[0],1[0],85,0_96
Hybridindex,17.424[1.17046],17.41[1.17783],17.4381[1.16278],86,0_96
Pref0,0.82575[0.264598],0.819583[0.267535],0.831992[0.261444],86,0_96
Signal0,1[0],1[0],1[0],86,0_96
Hybridindex,17.419[1.15312],17.4107[1.17146],17.4276[1.13392],87,0_96
Pref0,0.8215[0.271363],0.827246[0.266171],0.815603[0.276466],87,0_96
Signal0,1[0],1[0],1[0],87,0_96
Hybridindex,17.403[1.15568],17.4279[1.14899],17.3788[1.16162],88,0_96
Pref0,0.8245[0.267301],0.830964[0.267733],0.818227[0.266731],88,0_96
Signal0,1[0],1[0],1[0],88,0_96
Hybridindex,17.3627[1.18006],17.3258[1.14472],17.4023[1.21543],89,0_96
Pref0,0.82825[0.265757],0.838819[0.257348],0.81696[0.274006],89,0_96
Signal0,1[0],1[0],1[0],89,0_96
Hybridindex,17.3642[1.16531],17.38[1.18477],17.3484[1.14514],90,0_96
Pref0,0.82725[0.268854],0.833665[0.264466],0.820783[0.273053],90,0_96
Signal0,1[0],1[0],1[0],90,0_96
Hybridindex,17.3805[1.16037],17.3416[1.16153],17.4202[1.15784],91,0_96
Pref0,0.832[0.268842],0.830198[0.26816],0.833838[0.269523],91,0_96
Signal0,1[0],1[0],1[0],91,0_96
Hybridindex,17.3888[1.15217],17.3745[1.15314],17.4032[1.151],92,0_96
Pref0,0.83175[0.272611],0.833333[0.269111],0.830141[0.276114],92,0_96
Signal0,1[0],1[0],1[0],92,0_96
Hybridindex,17.4037[1.15222],17.4135[1.18034],17.3937[1.1223],93,0_96
Pref0,0.8275[0.271097],0.829892[0.272595],0.825025[0.269517],93,0_96
Signal0,1[0],1[0],1[0],93,0_96
Hybridindex,17.4525[1.13886],17.4276[1.10142],17.4768[1.17374],94,0_96
Pref0,0.8265[0.266735],0.820344[0.276182],0.83251[0.257036],94,0_96
Signal0,1[0],1[0],1[0],94,0_96
Hybridindex,17.4078[1.15396],17.4006[1.17042],17.4152[1.13648],95,0_96
Pref0,0.826[0.26921],0.828599[0.268315],0.823289[0.270113],95,0_96
Signal0,1[0],1[0],1[0],95,0_96
Hybridindex,17.4265[1.16204],17.4315[1.14171],17.4218[1.18089],96,0_96
Pref0,0.832[0.263203],0.823378[0.272229],0.840136[0.254125],96,0_96
Signal0,1[0],1[0],1[0],96,0_96
Hybridindex,17.4375[1.17254],17.393[1.17799],17.4812[1.16551],97,0_96
Pref0,0.83675[0.26547],0.839556[0.263848],0.833994[0.267025],97,0_96
Signal0,1[0],1[0],1[0],97,0_96
Hybridindex,17.4477[1.17213],17.3935[1.19271],17.499[1.14999],98,0_96
Pref0,0.8445[0.260422],0.84928[0.25694],0.839981[0.263593],98,0_96
Signal0,1[0],1[0],1[0],98,0_96
Hybridindex,17.4443[1.18965],17.4598[1.19449],17.4281[1.18437],99,0_96
Pref0,0.842[0.256488],0.839216[0.261278],0.844898[0.251373],99,0_96
Signal0,1[0],1[0],1[0],99,0_96
Hybridindex,17.4572[1.18027],17.4491[1.19041],17.4654[1.16996],100,0_96
Pref0,0.84975[0.253574],0.851297[0.256343],0.848196[0.250754],100,0_96
Signal0,1[0],1[0],1[0],100,0_96
Hybridindex,12.69[8.26825],12.4745[8.46021],12.8978[8.0733],1,0_97
Pref0,0.6345[0.413412],0.623727[0.423011],0.644892[0.403665],1,0_97
Signal0,0.6345[0.413412],0.623727[0.423011],0.644892[0.403665],1,0_97
Hybridindex,15.5675[5.93696],15.7179[5.88639],15.4224[5.98175],2,0_97
Pref0,0.7785[0.326631],0.785642[0.324065],0.771611[0.328941],2,0_97
Signal0,0.777[0.323297],0.788697[0.321346],0.765717[0.324769],2,0_97
Hybridindex,16.9545[3.80226],17.0551[3.80001],16.8596[3.80194],3,0_97
Pref0,0.85225[0.254548],0.851184[0.252171],0.853256[0.256768],3,0_97
Signal0,0.85925[0.247112],0.869722[0.243916],0.849368[0.249688],3,0_97
Hybridindex,17.5392[2.54977],17.5572[2.63402],17.5208[2.45999],4,0_97
Pref0,0.88425[0.227985],0.879684[0.232518],0.888945[0.223129],4,0_97
Signal0,0.92275[0.18346],0.921598[0.183159],0.923935[0.18376],4,0_97
Hybridindex,17.738[1.9285],17.7067[1.93563],17.7703[1.92058],5,0_97
Pref0,0.905[0.212073],0.902067[0.216235],0.908028[0.207645],5,0_97
Signal0,0.96175[0.132898],0.958661[0.137697],0.964939[0.127676],5,0_97
Hybridindex,17.8377[1.56271],17.8562[1.57896],17.8194[1.54613],6,0_97
Pref0,0.91175[0.201462],0.91984[0.194068],0.903693[0.208254],6,0_97
Signal0,0.983[0.0906146],0.980962[0.0956901],0.98503[0.0852111],6,0_97
Hybridindex,17.8472[1.47726],17.8439[1.45828],17.8507[1.49683],7,0_97
Pref0,0.90775[0.203384],0.908513[0.204394],0.906953[0.20232],7,0_97
Signal0,0.99[0.07],0.988748[0.0741593],0.991309[0.0653457],7,0_97
Hybridindex,17.8825[1.40488],17.9021[1.43691],17.8634[1.37275],8,0_97
Pref0,0.91725[0.200069],0.918357[0.196774],0.916174[0.203216],8,0_97
Signal0,0.99325[0.0577013],0.990365[0.0687358],0.996055[0.044236],8,0_97
Hybridindex,17.8493[1.35947],17.8546[1.36211],17.8439[1.35677],9,0_97
Pref0,0.92[0.194551],0.914841[0.195744],0.925201[0.193201],9,0_97
Signal0,0.999[0.0223383],0.998506[0.0272907],0.999498[0.0158352],9,0_97
Hybridindex,17.8785[1.3223],17.8901[1.31018],17.8665[1.33467],10,0_97
Pref0,0.92175[0.192359],0.92738[0.186981],0.915902[0.197621],10,0_97
Signal0,1[0],1[0],1[0],10,0_97
Hybridindex,17.8513[1.28004],17.8707[1.25438],17.8333[1.30297],11,0_97
Pref0,0.9215[0.193876],0.923879[0.189514],0.919308[0.197783],11,0_97
Signal0,1[0],1[0],1[0],11,0_97
Hybridindex,17.7913[1.29655],17.7782[1.30745],17.8047[1.28515],12,0_97
Pref0,0.91425[0.198801],0.910573[0.201665],0.918016[0.195753],12,0_97
Signal0,1[0],1[0],1[0],12,0_97
Hybridindex,17.7703[1.27106],17.7683[1.28652],17.7721[1.25556],13,0_97
Pref0,0.91175[0.199592],0.911055[0.196396],0.912438[0.202704],13,0_97
Signal0,1[0],1[0],1[0],13,0_97
Hybridindex,17.7888[1.23693],17.7521[1.2442],17.8232[1.22908],14,0_97
Pref0,0.91775[0.192639],0.905992[0.204407],0.928779[0.180211],14,0_97
Signal0,1[0],1[0],1[0],14,0_97
Hybridindex,17.7892[1.26153],17.7807[1.27821],17.7981[1.24397],15,0_97
Pref0,0.9185[0.191332],0.915929[0.193457],0.92116[0.18907],15,0_97
Signal0,1[0],1[0],1[0],15,0_97
Hybridindex,17.808[1.21136],17.8631[1.19109],17.7596[1.22684],16,0_97
Pref0,0.91275[0.194326],0.914439[0.196643],0.911268[0.192256],16,0_97
Signal0,1[0],1[0],1[0],16,0_97
Hybridindex,17.836[1.19367],17.8435[1.17883],17.8287[1.20792],17,0_97
Pref0,0.9155[0.199022],0.921479[0.191418],0.909674[0.205994],17,0_97
Signal0,1[0],1[0],1[0],17,0_97
Hybridindex,17.81[1.20214],17.8081[1.23283],17.812[1.16854],18,0_97
Pref0,0.91925[0.190668],0.91376[0.192708],0.925103[0.188294],18,0_97
Signal0,1[0],1[0],1[0],18,0_97
Hybridindex,17.786[1.20456],17.7866[1.20686],17.7854[1.20238],19,0_97
Pref0,0.9185[0.191984],0.925258[0.182568],0.912136[0.200238],19,0_97
Signal0,1[0],1[0],1[0],19,0_97
Hybridindex,17.6965[1.25185],17.7196[1.26641],17.6736[1.23685],20,0_97
Pref0,0.91925[0.195843],0.923116[0.193794],0.915423[0.197776],20,0_97
Signal0,1[0],1[0],1[0],20,0_97
Hybridindex,17.7052[1.22362],17.7513[1.19459],17.6599[1.24993],21,0_97
Pref0,0.922[0.186858],0.925982[0.184521],0.918073[0.189053],21,0_97
Signal0,1[0],1[0],1[0],21,0_97
Hybridindex,17.702[1.22992],17.6992[1.19393],17.7049[1.26621],22,0_97
Pref0,0.925[0.190722],0.921982[0.195754],0.928135[0.185299],22,0_97
Signal0,1[0],1[0],1[0],22,0_97
Hybridindex,17.687[1.20832],17.6642[1.23481],17.7107[1.17965],23,0_97
Pref0,0.93025[0.180305],0.931373[0.179039],0.929082[0.181606],23,0_97
Signal0,1[0],1[0],1[0],23,0_97
Hybridindex,17.7353[1.19458],17.683[1.16508],17.7871[1.221],24,0_97
Pref0,0.92825[0.184328],0.928786[0.183151],0.927717[0.185489],24,0_97
Signal0,1[0],1[0],1[0],24,0_97
Hybridindex,17.7873[1.18379],17.7418[1.1891],17.8309[1.17702],25,0_97
Pref0,0.92825[0.182967],0.92551[0.18915],0.930882[0.176783],25,0_97
Signal0,1[0],1[0],1[0],25,0_97
Hybridindex,17.7667[1.20467],17.7492[1.17985],17.7833[1.22739],26,0_97
Pref0,0.93025[0.179611],0.92585[0.187567],0.934402[0.171661],26,0_97
Signal0,1[0],1[0],1[0],26,0_97
Hybridindex,17.7653[1.21543],17.8038[1.19589],17.7282[1.23281],27,0_97
Pref0,0.9325[0.175196],0.927115[0.182123],0.937684[0.168095],27,0_97
Signal0,1[0],1[0],1[0],27,0_97
Hybridindex,17.7455[1.20124],17.7812[1.21564],17.7096[1.1855],28,0_97
Pref0,0.931[0.181629],0.924227[0.188771],0.937813[0.173883],28,0_97
Signal0,1[0],1[0],1[0],28,0_97
Hybridindex,17.7192[1.20853],17.7327[1.18741],17.706[1.22895],29,0_97
Pref0,0.9335[0.173429],0.930151[0.179041],0.936816[0.167623],29,0_97
Signal0,1[0],1[0],1[0],29,0_97
Hybridindex,17.6917[1.17425],17.6598[1.18114],17.7246[1.1662],30,0_97
Pref0,0.93475[0.174978],0.936391[0.173851],0.933063[0.176115],30,0_97
Signal0,1[0],1[0],1[0],30,0_97
Hybridindex,17.6367[1.17662],17.6135[1.19427],17.659[1.15903],31,0_97
Pref0,0.9345[0.171638],0.937628[0.166754],0.931507[0.176133],31,0_97
Signal0,1[0],1[0],1[0],31,0_97
Hybridindex,17.672[1.16444],17.7078[1.15765],17.6378[1.16987],32,0_97
Pref0,0.93775[0.173205],0.929376[0.184138],0.945748[0.161672],32,0_97
Signal0,1[0],1[0],1[0],32,0_97
Hybridindex,17.6827[1.15962],17.7046[1.14431],17.6608[1.17439],33,0_97
Pref0,0.93725[0.167891],0.942116[0.161526],0.932365[0.173911],33,0_97
Signal0,1[0],1[0],1[0],33,0_97
Hybridindex,17.6567[1.17486],17.6741[1.19013],17.6407[1.1603],34,0_97
Pref0,0.93925[0.167882],0.943867[0.162711],0.934971[0.172426],34,0_97
Signal0,1[0],1[0],1[0],34,0_97
Hybridindex,17.687[1.18397],17.6919[1.18414],17.6825[1.18379],35,0_97
Pref0,0.9365[0.170932],0.932742[0.176609],0.939962[0.165455],35,0_97
Signal0,1[0],1[0],1[0],35,0_97
Hybridindex,17.6777[1.19834],17.6876[1.22102],17.668[1.17529],36,0_97
Pref0,0.94[0.167033],0.941324[0.167036],0.938684[0.167019],36,0_97
Signal0,1[0],1[0],1[0],36,0_97
Hybridindex,17.7007[1.18473],17.6751[1.19472],17.7246[1.17483],37,0_97
Pref0,0.9355[0.174899],0.937306[0.173226],0.933816[0.176428],37,0_97
Signal0,1[0],1[0],1[0],37,0_97
Hybridindex,17.754[1.17377],17.7599[1.13029],17.7483[1.21429],38,0_97
Pref0,0.9385[0.167981],0.931333[0.175031],0.945428[0.160571],38,0_97
Signal0,1[0],1[0],1[0],38,0_97
Hybridindex,17.7445[1.17195],17.7577[1.16591],17.732[1.17748],39,0_97
Pref0,0.9425[0.163382],0.93866[0.168683],0.946117[0.158143],39,0_97
Signal0,1[0],1[0],1[0],39,0_97
Hybridindex,17.7215[1.15355],17.717[1.16288],17.726[1.14396],40,0_97
Pref0,0.94125[0.164844],0.938057[0.169177],0.944501[0.160246],40,0_97
Signal0,1[0],1[0],1[0],40,0_97
Hybridindex,17.736[1.13702],17.7617[1.13727],17.7122[1.13627],41,0_97
Pref0,0.94[0.163248],0.941207[0.161059],0.938884[0.16524],41,0_97
Signal0,1[0],1[0],1[0],41,0_97
Hybridindex,17.7465[1.1286],17.7141[1.13523],17.7791[1.12096],42,0_97
Pref0,0.9385[0.167981],0.941118[0.162705],0.935872[0.173077],42,0_97
Signal0,1[0],1[0],1[0],42,0_97
Hybridindex,17.7132[1.15581],17.6896[1.17275],17.7364[1.13853],43,0_97
Pref0,0.93825[0.171207],0.936299[0.174127],0.940158[0.16828],43,0_97
Signal0,1[0],1[0],1[0],43,0_97
Hybridindex,17.65[1.18649],17.627[1.18543],17.6726[1.18709],44,0_97
Pref0,0.93625[0.171933],0.933468[0.177087],0.938988[0.16666],44,0_97
Signal0,1[0],1[0],1[0],44,0_97
Hybridindex,17.6495[1.13651],17.6553[1.14071],17.644[1.13243],45,0_97
Pref0,0.93825[0.167517],0.940756[0.166266],0.935847[0.168673],45,0_97
Signal0,1[0],1[0],1[0],45,0_97
Hybridindex,17.641[1.14548],17.651[1.13343],17.6316[1.15663],46,0_97
Pref0,0.939[0.167419],0.945361[0.160874],0.93301[0.173142],46,0_97
Signal0,1[0],1[0],1[0],46,0_97
Hybridindex,17.6932[1.13601],17.7141[1.14132],17.6729[1.13044],47,0_97
Pref0,0.9335[0.180493],0.932692[0.182132],0.934289[0.178875],47,0_97
Signal0,1[0],1[0],1[0],47,0_97
Hybridindex,17.6932[1.14128],17.6961[1.14903],17.6902[1.13299],48,0_97
Pref0,0.93575[0.170285],0.93932[0.163272],0.931959[0.17735],48,0_97
Signal0,1[0],1[0],1[0],48,0_97
Hybridindex,17.6985[1.1586],17.6782[1.19214],17.7188[1.12375],49,0_97
Pref0,0.939[0.169644],0.937437[0.171374],0.940559[0.167884],49,0_97
Signal0,1[0],1[0],1[0],49,0_97
Hybridindex,17.6743[1.14576],17.6678[1.17915],17.6808[1.11083],50,0_97
Pref0,0.936[0.175795],0.936941[0.171869],0.935045[0.179684],50,0_97
Signal0,1[0],1[0],1[0],50,0_97
Hybridindex,17.675[1.15504],17.6658[1.1322],17.6841[1.17729],51,0_97
Pref0,0.93425[0.177629],0.934369[0.178928],0.934132[0.176325],51,0_97
Signal0,1[0],1[0],1[0],51,0_97
Hybridindex,17.6693[1.1607],17.655[1.17986],17.6838[1.14064],52,0_97
Pref0,0.93075[0.179107],0.933168[0.17727],0.928283[0.180929],52,0_97
Signal0,1[0],1[0],1[0],52,0_97
Hybridindex,17.6623[1.13536],17.6611[1.14197],17.6633[1.12877],53,0_97
Pref0,0.929[0.17807],0.931225[0.173665],0.926793[0.182308],53,0_97
Signal0,1[0],1[0],1[0],53,0_97
Hybridindex,17.678[1.1203],17.6721[1.12418],17.6836[1.11653],54,0_97
Pref0,0.9305[0.17796],0.92952[0.179765],0.93144[0.176207],54,0_97
Signal0,1[0],1[0],1[0],54,0_97
Hybridindex,17.6678[1.14509],17.6637[1.18452],17.6714[1.10887],55,0_97
Pref0,0.9265[0.181928],0.927736[0.181756],0.925401[0.182074],55,0_97
Signal0,1[0],1[0],1[0],55,0_97
Hybridindex,17.6625[1.12131],17.6929[1.12183],17.6352[1.12015],56,0_97
Pref0,0.92825[0.182283],0.924419[0.183477],0.931689[0.181135],56,0_97
Signal0,1[0],1[0],1[0],56,0_97
Hybridindex,17.6408[1.11907],17.662[1.12361],17.6198[1.11417],57,0_97
Pref0,0.92525[0.185169],0.925553[0.182181],0.92495[0.188073],57,0_97
Signal0,1[0],1[0],1[0],57,0_97
Hybridindex,17.615[1.15511],17.6363[1.14814],17.5935[1.1617],58,0_97
Pref0,0.93275[0.177771],0.924876[0.188152],0.940704[0.166252],58,0_97
Signal0,1[0],1[0],1[0],58,0_97
Hybridindex,17.596[1.1358],17.6171[1.13868],17.5749[1.13252],59,0_97
Pref0,0.932[0.179933],0.931431[0.181896],0.932567[0.177951],59,0_97
Signal0,1[0],1[0],1[0],59,0_97
Hybridindex,17.6077[1.15294],17.6328[1.13632],17.583[1.1686],60,0_97
Pref0,0.92975[0.179416],0.92505[0.181283],0.934394[0.177429],60,0_97
Signal0,1[0],1[0],1[0],60,0_97
Hybridindex,17.6202[1.11732],17.625[1.12036],17.6154[1.11421],61,0_97
Pref0,0.92725[0.183255],0.923611[0.186653],0.930948[0.179661],61,0_97
Signal0,1[0],1[0],1[0],61,0_97
Hybridindex,17.607[1.1437],17.6191[1.13539],17.5949[1.15181],62,0_97
Pref0,0.921[0.191726],0.912913[0.204855],0.929071[0.177292],62,0_97
Signal0,1[0],1[0],1[0],62,0_97
Hybridindex,17.596[1.17464],17.5769[1.2067],17.6156[1.14041],63,0_97
Pref0,0.926[0.181036],0.927022[0.179303],0.924949[0.182795],63,0_97
Signal0,1[0],1[0],1[0],63,0_97
Hybridindex,17.6107[1.15417],17.6265[1.15469],17.5946[1.15341],64,0_97
Pref0,0.923[0.185933],0.927372[0.183057],0.918522[0.188729],64,0_97
Signal0,1[0],1[0],1[0],64,0_97
Hybridindex,17.6077[1.16566],17.6441[1.13996],17.5722[1.18919],65,0_97
Pref0,0.9145[0.199223],0.918605[0.195236],0.910485[0.202967],65,0_97
Signal0,1[0],1[0],1[0],65,0_97
Hybridindex,17.5963[1.19032],17.5942[1.16646],17.5982[1.21266],66,0_97
Pref0,0.91125[0.199996],0.911464[0.20003],0.911046[0.199964],66,0_97
Signal0,1[0],1[0],1[0],66,0_97
Hybridindex,17.5995[1.17648],17.5799[1.19156],17.6187[1.16122],67,0_97
Pref0,0.90775[0.205219],0.906471[0.208753],0.909001[0.201694],67,0_97
Signal0,1[0],1[0],1[0],67,0_97
Hybridindex,17.5942[1.18553],17.574[1.18175],17.6145[1.18897],68,0_97
Pref0,0.909[0.203639],0.9125[0.206383],0.9055[0.200798],68,0_97
Signal0,1[0],1[0],1[0],68,0_97
Hybridindex,17.5843[1.14751],17.5951[1.13501],17.5728[1.16055],69,0_97
Pref0,0.90525[0.207117],0.912221[0.20016],0.897833[0.214022],69,0_97
Signal0,1[0],1[0],1[0],69,0_97
Hybridindex,17.594[1.13838],17.6262[1.11089],17.5659[1.16107],70,0_97
Pref0,0.90825[0.202378],0.907089[0.201267],0.909261[0.203336],70,0_97
Signal0,1[0],1[0],1[0],70,0_97
Hybridindex,17.593[1.14481],17.5543[1.17643],17.6313[1.1113],71,0_97
Pref0,0.91225[0.20106],0.916583[0.194333],0.90796[0.207416],71,0_97
Signal0,1[0],1[0],1[0],71,0_97
Hybridindex,17.5725[1.14127],17.5702[1.13474],17.5747[1.14736],72,0_97
Pref0,0.914[0.199635],0.915893[0.200349],0.912221[0.198945],72,0_97
Signal0,1[0],1[0],1[0],72,0_97
Hybridindex,17.6075[1.10564],17.5916[1.10895],17.6231[1.10215],73,0_97
Pref0,0.91625[0.199652],0.913897[0.201675],0.91857[0.197609],73,0_97
Signal0,1[0],1[0],1[0],73,0_97
Hybridindex,17.6232[1.09849],17.6184[1.12464],17.628[1.07232],74,0_97
Pref0,0.9085[0.197174],0.909413[0.193891],0.907609[0.200324],74,0_97
Signal0,1[0],1[0],1[0],74,0_97
Hybridindex,17.641[1.12099],17.6455[1.13292],17.6363[1.10831],75,0_97
Pref0,0.918[0.19307],0.914062[0.193744],0.922131[0.192274],75,0_97
Signal0,1[0],1[0],1[0],75,0_97
Hybridindex,17.6112[1.14247],17.6462[1.09171],17.5773[1.18869],76,0_97
Pref0,0.91675[0.197343],0.916751[0.198148],0.916749[0.19656],76,0_97
Signal0,1[0],1[0],1[0],76,0_97
Hybridindex,17.637[1.11545],17.6737[1.09917],17.6026[1.12939],77,0_97
Pref0,0.916[0.19986],0.928128[0.186834],0.904647[0.210696],77,0_97
Signal0,1[0],1[0],1[0],77,0_97
Hybridindex,17.6627[1.09311],17.6787[1.07936],17.6469[1.10643],78,0_97
Pref0,0.9115[0.199168],0.908408[0.201022],0.914585[0.197251],78,0_97
Signal0,1[0],1[0],1[0],78,0_97
Hybridindex,17.675[1.12644],17.6923[1.12516],17.6579[1.12745],79,0_97
Pref0,0.91025[0.202657],0.907129[0.203285],0.913347[0.201985],79,0_97
Signal0,1[0],1[0],1[0],79,0_97
Hybridindex,17.6683[1.11907],17.6763[1.13856],17.6598[1.09818],80,0_97
Pref0,0.90375[0.208832],0.900879[0.212383],0.906762[0.204997],80,0_97
Signal0,1[0],1[0],1[0],80,0_97
Hybridindex,17.6385[1.13526],17.6593[1.11072],17.6181[1.15854],81,0_97
Pref0,0.89775[0.21076],0.89869[0.210769],0.896825[0.210748],81,0_97
Signal0,1[0],1[0],1[0],81,0_97
Hybridindex,17.628[1.15038],17.6212[1.15222],17.6347[1.14851],82,0_97
Pref0,0.895[0.22017],0.890845[0.225191],0.899105[0.215016],82,0_97
Signal0,1[0],1[0],1[0],82,0_97
Hybridindex,17.5843[1.13403],17.5773[1.13455],17.5911[1.13348],83,0_97
Pref0,0.8935[0.217158],0.885542[0.223947],0.901394[0.209909],83,0_97
Signal0,1[0],1[0],1[0],83,0_97
Hybridindex,17.5825[1.14344],17.5755[1.12249],17.5898[1.16479],84,0_97
Pref0,0.89375[0.219854],0.887745[0.221175],0.9[0.218296],84,0_97
Signal0,1[0],1[0],1[0],84,0_97
Hybridindex,17.59[1.11171],17.6039[1.06076],17.5758[1.16131],85,0_97
Pref0,0.89175[0.215423],0.8818[0.223773],0.901921[0.206042],85,0_97
Signal0,1[0],1[0],1[0],85,0_97
Hybridindex,17.5673[1.13318],17.5527[1.12496],17.5817[1.14109],86,0_97
Pref0,0.8955[0.216402],0.89257[0.221815],0.898406[0.210854],86,0_97
Signal0,1[0],1[0],1[0],86,0_97
Hybridindex,17.619[1.12765],17.6104[1.12731],17.6275[1.12791],87,0_97
Pref0,0.8975[0.21678],0.893649[0.217737],0.90129[0.215768],87,0_97
Signal0,1[0],1[0],1[0],87,0_97
Hybridindex,17.648[1.10707],17.6544[1.09443],17.6416[1.11962],88,0_97
Pref0,0.89525[0.215412],0.898904[0.211683],0.891566[0.219046],88,0_97
Signal0,1[0],1[0],1[0],88,0_97
Hybridindex,17.6702[1.09802],17.6776[1.07031],17.6635[1.1228],89,0_97
Pref0,0.893[0.21284],0.889237[0.213835],0.896453[0.211865],89,0_97
Signal0,1[0],1[0],1[0],89,0_97
Hybridindex,17.6638[1.11212],17.6326[1.12998],17.6983[1.09092],90,0_97
Pref0,0.89825[0.215109],0.895913[0.213277],0.900844[0.217095],90,0_97
Signal0,1[0],1[0],1[0],90,0_97
Hybridindex,17.6363[1.12074],17.6337[1.10901],17.6389[1.13274],91,0_97
Pref0,0.89975[0.211719],0.905605[0.205476],0.893693[0.217824],91,0_97
Signal0,1[0],1[0],1[0],91,0_97
Hybridindex,17.6655[1.08287],17.674[1.06124],17.657[1.10402],92,0_97
Pref0,0.9005[0.214126],0.908[0.207451],0.893[0.220343],92,0_97
Signal0,1[0],1[0],1[0],92,0_97
Hybridindex,17.6845[1.09896],17.7331[1.10796],17.634[1.08724],93,0_97
Pref0,0.898[0.220445],0.895976[0.219227],0.900102[0.221684],93,0_97
Signal0,1[0],1[0],1[0],93,0_97
Hybridindex,17.6973[1.09554],17.6999[1.09688],17.6947[1.09426],94,0_97
Pref0,0.8945[0.214755],0.903885[0.204663],0.885519[0.223619],94,0_97
Signal0,1[0],1[0],1[0],94,0_97
Hybridindex,17.7195[1.08251],17.7401[1.0841],17.6985[1.08047],95,0_97
Pref0,0.893[0.215757],0.894059[0.216096],0.891919[0.215405],95,0_97
Signal0,1[0],1[0],1[0],95,0_97
Hybridindex,17.7095[1.0708],17.6902[1.05795],17.728[1.08263],96,0_97
Pref0,0.89325[0.219042],0.886503[0.227015],0.899706[0.210929],96,0_97
Signal0,1[0],1[0],1[0],96,0_97
Hybridindex,17.6845[1.06933],17.6628[1.0546],17.706[1.08328],97,0_97
Pref0,0.896[0.215485],0.900503[0.20945],0.891542[0.221209],97,0_97
Signal0,1[0],1[0],1[0],97,0_97
Hybridindex,17.6773[1.08026],17.676[1.07759],17.6785[1.08293],98,0_97
Pref0,0.89175[0.221714],0.891326[0.219113],0.892177[0.224299],98,0_97
Signal0,1[0],1[0],1[0],98,0_97
Hybridindex,17.6685[1.09572],17.6289[1.08252],17.7093[1.1077],99,0_97
Pref0,0.89125[0.220904],0.890256[0.224076],0.892276[0.217575],99,0_97
Signal0,1[0],1[0],1[0],99,0_97
Hybridindex,17.6975[1.07935],17.7005[1.08924],17.6946[1.06965],100,0_97
Pref0,0.89575[0.213909],0.903553[0.204859],0.888177[0.222077],100,0_97
Signal0,1[0],1[0],1[0],100,0_97
Hybridindex,12.68[8.21082],12.8238[8.17357],12.5283[8.24724],1,0_98
Pref0,0.634[0.410541],0.641188[0.408679],0.626413[0.412362],1,0_98
Signal0,0.634[0.410541],0.641188[0.408679],0.626413[0.412362],1,0_98
Hybridindex,15.514[5.83391],15.6239[5.74026],15.403[5.92494],2,0_98
Pref0,0.776[0.319099],0.779104[0.316167],0.772864[0.322003],2,0_98
Signal0,0.77525[0.319941],0.779104[0.315379],0.771357[0.324438],2,0_98
Hybridindex,17.1477[3.58766],17.2122[3.54657],17.08[3.62912],3,0_98
Pref0,0.85625[0.246396],0.855122[0.25131],0.857436[0.241116],3,0_98
Signal0,0.8865[0.225539],0.886341[0.22308],0.886667[0.228095],3,0_98
Hybridindex,17.668[2.44229],17.7271[2.4776],17.6057[2.40296],4,0_98
Pref0,0.887[0.22468],0.884503[0.231664],0.88963[0.217049],4,0_98
Signal0,0.94075[0.164665],0.935185[0.172245],0.946612[0.156068],4,0_98
Hybridindex,17.8442[1.79056],17.8565[1.78793],17.8322[1.79308],5,0_98
Pref0,0.88825[0.221104],0.877644[0.22968],0.898709[0.211788],5,0_98
Signal0,0.974[0.111014],0.971299[0.116304],0.976663[0.105469],5,0_98
Hybridindex,17.87[1.57515],17.8462[1.58372],17.8937[1.56621],6,0_98
Pref0,0.8965[0.220879],0.888277[0.227808],0.904691[0.21344],6,0_98
Signal0,0.984[0.088],0.983467[0.0894046],0.984531[0.086575],6,0_98
Hybridindex,17.894[1.43519],17.879[1.43826],17.9075[1.43229],7,0_98
Pref0,0.896[0.214322],0.903805[0.203683],0.888994[0.223208],7,0_98
Signal0,0.991[0.0664756],0.989958[0.0701448],0.991935[0.0629859],7,0_98
Hybridindex,17.8953[1.34412],17.9524[1.36008],17.8396[1.32602],8,0_98
Pref0,0.89275[0.219937],0.897163[0.214264],0.88845[0.225245],8,0_98
Signal0,0.99475[0.0509651],0.992401[0.061169],0.997038[0.0383664],8,0_98
Hybridindex,17.8792[1.28376],17.888[1.24614],17.8703[1.32091],9,0_98
Pref0,0.89275[0.217652],0.892468[0.214866],0.893037[0.220453],9,0_98
Signal0,0.99775[0.0334655],0.998018[0.031419],0.997477[0.0354258],9,0_98
Hybridindex,17.935[1.26007],17.9607[1.27605],17.9077[1.24229],10,0_98
Pref0,0.90075[0.21219],0.90534[0.205555],0.895876[0.218909],10,0_98
Signal0,0.99825[0.0295286],0.998544[0.026945],0.997938[0.0320418],10,0_98
Hybridindex,17.9282[1.23023],17.8972[1.23871],17.96[1.22068],11,0_98
Pref0,0.91225[0.196659],0.906126[0.202704],0.918522[0.190065],11,0_98
Signal0,0.99925[0.0193504],0.998518[0.0271829],1[0],11,0_98
Hybridindex,17.925[1.23334],17.9532[1.24203],17.8966[1.22386],12,0_98
Pref0,0.92[0.191964],0.925797[0.185966],0.914157[0.197653],12,0_98
Signal0,1[0],1[0],1[0],12,0_98
Hybridindex,17.916[1.23852],17.9458[1.221],17.8858[1.25529],13,0_98
Pref0,0.92125[0.190193],0.917992[0.193031],0.924547[0.18722],13,0_98
Signal0,1[0],1[0],1[0],13,0_98
Hybridindex,17.887[1.2346],17.8293[1.27926],17.9429[1.18707],14,0_98
Pref0,0.92175[0.186419],0.92124[0.187642],0.922244[0.185225],14,0_98
Signal0,1[0],1[0],1[0],14,0_98
Hybridindex,17.8835[1.22482],17.8798[1.22572],17.8872[1.22391],15,0_98
Pref0,0.91475[0.199016],0.924044[0.187688],0.905567[0.209204],15,0_98
Signal0,1[0],1[0],1[0],15,0_98
Hybridindex,17.895[1.20072],17.9064[1.24511],17.8832[1.15258],16,0_98
Pref0,0.92075[0.189326],0.921569[0.18715],0.919898[0.191562],16,0_98
Signal0,1[0],1[0],1[0],16,0_98
Hybridindex,17.9075[1.17045],17.89[1.17655],17.9257[1.16381],17,0_98
Pref0,0.92175[0.185747],0.930255[0.176041],0.912933[0.194909],17,0_98
Signal0,1[0],1[0],1[0],17,0_98
Hybridindex,17.9112[1.18838],17.9141[1.19896],17.9085[1.17793],18,0_98
Pref0,0.91875[0.193063],0.908999[0.201887],0.928289[0.183522],18,0_98
Signal0,1[0],1[0],1[0],18,0_98
Hybridindex,17.888[1.19288],17.8841[1.17469],17.8917[1.20991],19,0_98
Pref0,0.9175[0.193504],0.917949[0.193314],0.917073[0.193684],19,0_98
Signal0,1[0],1[0],1[0],19,0_98
Hybridindex,17.8833[1.21717],17.8865[1.21927],17.88[1.21504],20,0_98
Pref0,0.91625[0.19329],0.917331[0.193619],0.915161[0.192951],20,0_98
Signal0,1[0],1[0],1[0],20,0_98
Hybridindex,17.888[1.20911],17.9151[1.21798],17.8627[1.20022],21,0_98
Pref0,0.91825[0.192203],0.909938[0.203907],0.926015[0.180238],21,0_98
Signal0,1[0],1[0],1[0],21,0_98
Hybridindex,17.91[1.19118],17.8987[1.18911],17.9208[1.19304],22,0_98
Pref0,0.919[0.196695],0.916581[0.198385],0.92131[0.19504],22,0_98
Signal0,1[0],1[0],1[0],22,0_98
Hybridindex,17.9363[1.19303],17.9268[1.22096],17.945[1.16642],23,0_98
Pref0,0.91775[0.194576],0.912773[0.201688],0.922372[0.187613],23,0_98
Signal0,1[0],1[0],1[0],23,0_98
Hybridindex,17.9185[1.21145],17.8599[1.2352],17.9762[1.18478],24,0_98
Pref0,0.926[0.185132],0.924395[0.188718],0.927579[0.181521],24,0_98
Signal0,1[0],1[0],1[0],24,0_98
Hybridindex,17.9468[1.21132],17.9306[1.21075],17.9632[1.21167],25,0_98
Pref0,0.9325[0.175908],0.935516[0.170517],0.929435[0.181171],25,0_98
Signal0,1[0],1[0],1[0],25,0_98
Hybridindex,17.9488[1.19132],17.9802[1.16683],17.9167[1.21496],26,0_98
Pref0,0.93375[0.177443],0.935149[0.175201],0.932323[0.17969],26,0_98
Signal0,1[0],1[0],1[0],26,0_98
Hybridindex,17.9657[1.14639],17.9588[1.14391],17.9724[1.14874],27,0_98
Pref0,0.9335[0.178403],0.932927[0.177703],0.934055[0.179077],27,0_98
Signal0,1[0],1[0],1[0],27,0_98
Hybridindex,17.9947[1.15763],18.0141[1.14638],17.9756[1.16832],28,0_98
Pref0,0.93075[0.182564],0.928068[0.187933],0.9334[0.177058],28,0_98
Signal0,1[0],1[0],1[0],28,0_98
Hybridindex,18.0095[1.15159],18.0292[1.17893],17.9907[1.12453],29,0_98
Pref0,0.928[0.181841],0.925793[0.182022],0.930108[0.181642],29,0_98
Signal0,1[0],1[0],1[0],29,0_98
Hybridindex,18.0338[1.1317],18.0706[1.12068],17.9926[1.14247],30,0_98
Pref0,0.92325[0.187708],0.918483[0.193471],0.928571[0.180911],30,0_98
Signal0,1[0],1[0],1[0],30,0_98
Hybridindex,18.051[1.10222],18.0901[1.10276],18.0098[1.10015],31,0_98
Pref0,0.922[0.190174],0.921616[0.192205],0.922405[0.188005],31,0_98
Signal0,1[0],1[0],1[0],31,0_98
Hybridindex,18.0847[1.1142],18.0797[1.13436],18.0897[1.09377],32,0_98
Pref0,0.925[0.186748],0.923771[0.189246],0.926221[0.184224],32,0_98
Signal0,1[0],1[0],1[0],32,0_98
Hybridindex,18.1735[1.0837],18.1643[1.06363],18.1836[1.10511],33,0_98
Pref0,0.923[0.185933],0.926724[0.183475],0.918933[0.188496],33,0_98
Signal0,1[0],1[0],1[0],33,0_98
Hybridindex,18.1333[1.07348],18.1395[1.07298],18.127[1.07395],34,0_98
Pref0,0.9265[0.182614],0.9265[0.185331],0.9265[0.179855],34,0_98
Signal0,1[0],1[0],1[0],34,0_98
Hybridindex,18.1597[1.0567],18.151[1.06091],18.1689[1.05219],35,0_98
Pref0,0.93275[0.175649],0.926686[0.180965],0.939099[0.169672],35,0_98
Signal0,1[0],1[0],1[0],35,0_98
Hybridindex,18.108[1.07556],18.1107[1.08914],18.1054[1.06221],36,0_98
Pref0,0.93225[0.181066],0.934518[0.180317],0.930049[0.181763],36,0_98
Signal0,1[0],1[0],1[0],36,0_98
Hybridindex,18.1092[1.07886],18.1072[1.10342],18.1113[1.05428],37,0_98
Pref0,0.9405[0.16571],0.941355[0.165529],0.939664[0.165882],37,0_98
Signal0,1[0],1[0],1[0],37,0_98
Hybridindex,18.126[1.03205],18.1308[1.05916],18.1213[1.00496],38,0_98
Pref0,0.94225[0.164438],0.942698[0.163978],0.941815[0.164883],38,0_98
Signal0,1[0],1[0],1[0],38,0_98
Hybridindex,18.0805[1.03912],18.068[1.03661],18.0926[1.04141],39,0_98
Pref0,0.9465[0.159335],0.946193[0.159785],0.946798[0.158897],39,0_98
Signal0,1[0],1[0],1[0],39,0_98
Hybridindex,18.0403[1.07912],18.0223[1.08699],18.0593[1.07038],40,0_98
Pref0,0.94825[0.156355],0.956796[0.143897],0.939175[0.168104],40,0_98
Signal0,1[0],1[0],1[0],40,0_98
Hybridindex,18.0663[1.07459],18.0619[1.08845],18.0705[1.06072],41,0_98
Pref0,0.94725[0.159976],0.948137[0.15572],0.946375[0.164061],41,0_98
Signal0,1[0],1[0],1[0],41,0_98
Hybridindex,18.0413[1.06321],18.0746[1.06008],18.0093[1.06522],42,0_98
Pref0,0.94775[0.16014],0.942229[0.167643],0.953033[0.152428],42,0_98
Signal0,1[0],1[0],1[0],42,0_98
Hybridindex,18.0493[1.06005],17.998[1.04857],18.1[1.06887],43,0_98
Pref0,0.95[0.155724],0.952764[0.14795],0.947264[0.16301],43,0_98
Signal0,1[0],1[0],1[0],43,0_98
Hybridindex,18.067[1.04917],18.0478[1.0597],18.0877[1.03734],44,0_98
Pref0,0.95325[0.147273],0.954633[0.146937],0.951763[0.147619],44,0_98
Signal0,1[0],1[0],1[0],44,0_98
Hybridindex,18.1397[1.03892],18.151[1.02746],18.1282[1.05042],45,0_98
Pref0,0.95225[0.150316],0.952616[0.14978],0.951874[0.150864],45,0_98
Signal0,1[0],1[0],1[0],45,0_98
Hybridindex,18.1122[1.06267],18.0557[1.08738],18.1683[1.03454],46,0_98
Pref0,0.95325[0.148961],0.954317[0.149199],0.952191[0.148717],46,0_98
Signal0,1[0],1[0],1[0],46,0_98
Hybridindex,18.1253[1.03571],18.1466[1.01212],18.1038[1.05847],47,0_98
Pref0,0.95[0.15411],0.95015[0.154712],0.94985[0.153503],47,0_98
Signal0,1[0],1[0],1[0],47,0_98
Hybridindex,18.177[1.05649],18.1869[1.02002],18.1672[1.09131],48,0_98
Pref0,0.9525[0.151637],0.957789[0.13901],0.947264[0.16301],48,0_98
Signal0,1[0],1[0],1[0],48,0_98
Hybridindex,18.2138[1.00719],18.2041[1.00381],18.2236[1.01056],49,0_98
Pref0,0.95325[0.14812],0.959566[0.136316],0.946755[0.159088],49,0_98
Signal0,1[0],1[0],1[0],49,0_98
Hybridindex,18.2467[1.00747],18.239[1.02562],18.2545[0.988843],50,0_98
Pref0,0.94975[0.156844],0.944112[0.166777],0.955411[0.145974],50,0_98
Signal0,1[0],1[0],1[0],50,0_98
Hybridindex,18.2458[0.989561],18.2722[0.996728],18.2186[0.981394],51,0_98
Pref0,0.95125[0.150826],0.947239[0.15521],0.955375[0.146066],51,0_98
Signal0,1[0],1[0],1[0],51,0_98
Hybridindex,18.2045[0.975028],18.2345[0.96844],18.1738[0.980793],52,0_98
Pref0,0.95775[0.141739],0.951135[0.151762],0.964539[0.130306],52,0_98
Signal0,1[0],1[0],1[0],52,0_98
Hybridindex,18.1923[0.996827],18.1824[0.996141],18.2028[0.997457],53,0_98
Pref0,0.9625[0.132641],0.96332[0.130362],0.961618[0.135042],53,0_98
Signal0,1[0],1[0],1[0],53,0_98
Hybridindex,18.2237[0.972142],18.2033[0.990903],18.243[0.953775],54,0_98
Pref0,0.965[0.129518],0.965428[0.126849],0.964597[0.131977],54,0_98
Signal0,1[0],1[0],1[0],54,0_98
Hybridindex,18.2497[0.958645],18.2112[0.979892],18.2873[0.935958],55,0_98
Pref0,0.96625[0.12742],0.968592[0.125423],0.963968[0.129296],55,0_98
Signal0,1[0],1[0],1[0],55,0_98
Hybridindex,18.2243[0.985691],18.2292[0.99232],18.2189[0.978518],56,0_98
Pref0,0.96675[0.130459],0.968569[0.129081],0.964803[0.131889],56,0_98
Signal0,1[0],1[0],1[0],56,0_98
Hybridindex,18.2165[0.987739],18.2348[0.961803],18.1991[1.01139],57,0_98
Pref0,0.96475[0.127994],0.962487[0.131716],0.966894[0.124326],57,0_98
Signal0,1[0],1[0],1[0],57,0_98
Hybridindex,18.206[1.00589],18.1815[1.03506],18.2303[0.97542],58,0_98
Pref0,0.96375[0.133458],0.958877[0.142741],0.968594[0.123349],58,0_98
Signal0,1[0],1[0],1[0],58,0_98
Hybridindex,18.2015[0.998197],18.1989[1.00951],18.2041[0.986912],59,0_98
Pref0,0.96075[0.138146],0.958711[0.141233],0.962761[0.135003],59,0_98
Signal0,1[0],1[0],1[0],59,0_98
Hybridindex,18.1788[1.02038],18.1732[1.01429],18.1846[1.0267],60,0_98
Pref0,0.957[0.140182],0.956098[0.141505],0.957949[0.138771],60,0_98
Signal0,1[0],1[0],1[0],60,0_98
Hybridindex,18.1998[0.989684],18.1765[1.00088],18.2232[0.977733],61,0_98
Pref0,0.953[0.150967],0.951147[0.155029],0.954865[0.146743],61,0_98
Signal0,1[0],1[0],1[0],61,0_98
Hybridindex,18.1732[0.992275],18.1559[0.997718],18.1902[0.986637],62,0_98
Pref0,0.9505[0.150166],0.946356[0.156366],0.954545[0.14374],62,0_98
Signal0,1[0],1[0],1[0],62,0_98
Hybridindex,18.1777[1.00239],18.2027[1.01172],18.1509[0.991556],63,0_98
Pref0,0.95275[0.150474],0.957046[0.143517],0.948133[0.157478],63,0_98
Signal0,1[0],1[0],1[0],63,0_98
Hybridindex,18.1555[1.02265],18.134[1.01356],18.1766[1.03104],64,0_98
Pref0,0.95525[0.146193],0.952477[0.150047],0.957962[0.14227],64,0_98
Signal0,1[0],1[0],1[0],64,0_98
Hybridindex,18.167[1.01001],18.1711[1.01048],18.1628[1.00951],65,0_98
Pref0,0.95[0.15411],0.946925[0.158773],0.953125[0.149159],65,0_98
Signal0,1[0],1[0],1[0],65,0_98
Hybridindex,18.1562[1.02431],18.137[1.05018],18.1757[0.997017],66,0_98
Pref0,0.94775[0.157781],0.951341[0.153139],0.944109[0.162272],66,0_98
Signal0,1[0],1[0],1[0],66,0_98
Hybridindex,18.158[1.01589],18.1779[1.01174],18.14[1.0193],67,0_98
Pref0,0.9465[0.159335],0.941579[0.165458],0.950952[0.153449],67,0_98
Signal0,1[0],1[0],1[0],67,0_98
Hybridindex,18.1695[1.00624],18.2032[0.999359],18.1336[1.01228],68,0_98
Pref0,0.9535[0.149458],0.951018[0.150255],0.95614[0.14856],68,0_98
Signal0,1[0],1[0],1[0],68,0_98
Hybridindex,18.1565[1.00834],18.1683[1.0066],18.1447[1.00994],69,0_98
Pref0,0.94975[0.154434],0.9499[0.156665],0.949601[0.152179],69,0_98
Signal0,1[0],1[0],1[0],69,0_98
Hybridindex,18.1547[0.992057],18.1612[0.986528],18.1485[0.997332],70,0_98
Pref0,0.95125[0.150826],0.946592[0.159303],0.955752[0.142007],70,0_98
Signal0,1[0],1[0],1[0],70,0_98
Hybridindex,18.1975[0.993476],18.1622[1.01259],18.2355[0.971079],71,0_98
Pref0,0.94575[0.158688],0.946911[0.158663],0.944502[0.158706],71,0_98
Signal0,1[0],1[0],1[0],71,0_98
Hybridindex,18.1938[0.979585],18.1853[0.961445],18.2021[0.997079],72,0_98
Pref0,0.93975[0.171012],0.946626[0.162344],0.932969[0.178889],72,0_98
Signal0,1[0],1[0],1[0],72,0_98
Hybridindex,18.1795[0.961135],18.167[0.967829],18.1907[0.954948],73,0_98
Pref0,0.9405[0.167212],0.934989[0.175845],0.945446[0.158901],73,0_98
Signal0,1[0],1[0],1[0],73,0_98
Hybridindex,18.2025[0.956553],18.1841[0.958473],18.22[0.954394],74,0_98
Pref0,0.93875[0.172115],0.944103[0.165494],0.933659[0.178035],74,0_98
Signal0,1[0],1[0],1[0],74,0_98
Hybridindex,18.1895[0.969324],18.1662[0.983422],18.2126[0.95457],75,0_98
Pref0,0.93525[0.172286],0.935743[0.170304],0.934761[0.174228],75,0_98
Signal0,1[0],1[0],1[0],75,0_98
Hybridindex,18.184[0.987747],18.1961[0.960803],18.1707[1.01642],76,0_98
Pref0,0.937[0.171117],0.940363[0.164974],0.933298[0.177561],76,0_98
Signal0,1[0],1[0],1[0],76,0_98
Hybridindex,18.1702[0.986352],18.1814[0.94303],18.1589[1.02846],77,0_98
Pref0,0.93425[0.174791],0.936571[0.170815],0.931887[0.178717],77,0_98
Signal0,1[0],1[0],1[0],77,0_98
Hybridindex,18.1693[1.00074],18.149[1.00568],18.1906[0.995047],78,0_98
Pref0,0.9295[0.18036],0.929893[0.177761],0.929085[0.183062],78,0_98
Signal0,1[0],1[0],1[0],78,0_98
Hybridindex,18.172[0.999583],18.1541[0.991073],18.1901[1.0078],79,0_98
Pref0,0.9325[0.175196],0.936382[0.169576],0.928571[0.180622],79,0_98
Signal0,1[0],1[0],1[0],79,0_98
Hybridindex,18.1683[1.02436],18.1583[1.01219],18.1781[1.03625],80,0_98
Pref0,0.938[0.170751],0.940381[0.169588],0.935629[0.171869],80,0_98
Signal0,1[0],1[0],1[0],80,0_98
Hybridindex,18.1698[1.0009],18.1893[0.998189],18.1504[1.0032],81,0_98
Pref0,0.93675[0.170659],0.934542[0.174523],0.938928[0.166732],81,0_98
Signal0,1[0],1[0],1[0],81,0_98
Hybridindex,18.1792[0.993476],18.1641[0.970028],18.1938[1.01532],82,0_98
Pref0,0.938[0.168541],0.942406[0.161213],0.933759[0.175201],82,0_98
Signal0,1[0],1[0],1[0],82,0_98
Hybridindex,18.1945[0.991045],18.196[0.989749],18.1932[0.9922],83,0_98
Pref0,0.9355[0.172742],0.933792[0.17561],0.937027[0.170122],83,0_98
Signal0,1[0],1[0],1[0],83,0_98
Hybridindex,18.2252[0.9678],18.2312[0.978355],18.2194[0.95739],84,0_98
Pref0,0.93525[0.175164],0.93712[0.174725],0.933432[0.175571],84,0_98
Signal0,1[0],1[0],1[0],84,0_98
Hybridindex,18.206[0.988086],18.1955[0.988981],18.2168[0.987049],85,0_98
Pref0,0.93775[0.174642],0.92843[0.189979],0.947315[0.15678],85,0_98
Signal0,1[0],1[0],1[0],85,0_98
Hybridindex,18.1977[0.948562],18.1848[0.948008],18.2114[0.948956],86,0_98
Pref0,0.94275[0.166876],0.944066[0.163658],0.941358[0.170201],86,0_98
Signal0,1[0],1[0],1[0],86,0_98
Hybridindex,18.217[0.951662],18.2236[0.94629],18.2102[0.957097],87,0_98
Pref0,0.94325[0.162494],0.941264[0.164029],0.945289[0.160879],87,0_98
Signal0,1[0],1[0],1[0],87,0_98
Hybridindex,18.223[0.947772],18.231[0.970546],18.2149[0.92384],88,0_98
Pref0,0.93825[0.171207],0.939169[0.170844],0.93731[0.171572],88,0_98
Signal0,1[0],1[0],1[0],88,0_98
Hybridindex,18.2673[0.948131],18.2812[0.959271],18.2526[0.936028],89,0_98
Pref0,0.93625[0.173381],0.938596[0.169943],0.933778[0.176896],89,0_98
Signal0,1[0],1[0],1[0],89,0_98
Hybridindex,18.2795[0.933209],18.2842[0.952619],18.2748[0.913323],90,0_98
Pref0,0.93275[0.178473],0.935564[0.179058],0.92993[0.177839],90,0_98
Signal0,1[0],1[0],1[0],90,0_98
Hybridindex,18.2838[0.949795],18.3052[0.959421],18.2611[0.938955],91,0_98
Pref0,0.9285[0.182038],0.928086[0.179564],0.928939[0.184622],91,0_98
Signal0,1[0],1[0],1[0],91,0_98
Hybridindex,18.2585[0.932431],18.2778[0.91106],18.2393[0.952811],92,0_98
Pref0,0.9265[0.186676],0.92678[0.185088],0.926221[0.188239],92,0_98
Signal0,1[0],1[0],1[0],92,0_98
Hybridindex,18.2455[0.946034],18.2863[0.956328],18.2042[0.933688],93,0_98
Pref0,0.92975[0.182866],0.925944[0.188467],0.933602[0.176934],93,0_98
Signal0,1[0],1[0],1[0],93,0_98
Hybridindex,18.2802[0.933185],18.2964[0.928033],18.264[0.93805],94,0_98
Pref0,0.92625[0.182855],0.934132[0.177734],0.918337[0.187523],94,0_98
Signal0,1[0],1[0],1[0],94,0_98
Hybridindex,18.3167[0.928463],18.3145[0.922138],18.3192[0.935048],95,0_98
Pref0,0.92075[0.189985],0.918945[0.194586],0.922643[0.185017],95,0_98
Signal0,1[0],1[0],1[0],95,0_98
Hybridindex,18.3242[0.932999],18.3357[0.925296],18.3132[0.940208],96,0_98
Pref0,0.9205[0.193468],0.918878[0.192462],0.922059[0.194416],96,0_98
Signal0,1[0],1[0],1[0],96,0_98
Hybridindex,18.2955[0.944288],18.3063[0.964978],18.2849[0.923394],97,0_98
Pref0,0.9305[0.181438],0.930373[0.180245],0.930624[0.182602],97,0_98
Signal0,1[0],1[0],1[0],97,0_98
Hybridindex,18.2838[0.959615],18.2826[0.954273],18.2849[0.964904],98,0_98
Pref0,0.9285[0.18135],0.929359[0.178419],0.927645[0.184218],98,0_98
Signal0,1[0],1[0],1[0],98,0_98
Hybridindex,18.3038[0.953211],18.2876[0.948524],18.3202[0.957689],99,0_98
Pref0,0.93775[0.170294],0.939604[0.170369],0.935859[0.170196],99,0_98
Signal0,1[0],1[0],1[0],99,0_98
Hybridindex,18.364[0.93207],18.3485[0.937045],18.3792[0.926915],100,0_98
Pref0,0.93575[0.174634],0.936364[0.174051],0.935149[0.175201],100,0_98
Signal0,1[0],1[0],1[0],100,0_98
Hybridindex,12.17[8.28801],12.2548[8.32066],12.087[8.2551],1,0_99
Pref0,0.6085[0.4144],0.61274[0.416033],0.604352[0.412755],1,0_99
Signal0,0.6085[0.4144],0.61274[0.416033],0.604352[0.412755],1,0_99
Hybridindex,15.165[6.05741],15.3159[5.89841],15.0077[6.21501],2,0_99
Pref0,0.75875[0.337525],0.771792[0.332426],0.745148[0.342234],2,0_99
Signal0,0.75475[0.336121],0.75906[0.330803],0.750255[0.341521],2,0_99
Hybridindex,16.7108[4.12807],16.7526[4.18085],16.6718[4.07796],3,0_99
Pref0,0.83425[0.279109],0.842842[0.276013],0.826255[0.281724],3,0_99
Signal0,0.861[0.253829],0.865664[0.249176],0.85666[0.258007],3,0_99
Hybridindex,17.474[2.63886],17.4763[2.73335],17.4715[2.5336],4,0_99
Pref0,0.87575[0.232243],0.87971[0.228995],0.871503[0.235604],4,0_99
Signal0,0.9265[0.181239],0.918357[0.191236],0.935233[0.169431],4,0_99
Hybridindex,17.7157[1.95629],17.7908[1.91466],17.6372[1.99593],5,0_99
Pref0,0.8835[0.230603],0.882698[0.232761],0.88434[0.228319],5,0_99
Signal0,0.967[0.124141],0.965298[0.12707],0.968782[0.120973],5,0_99
Hybridindex,17.74[1.63811],17.7666[1.63774],17.7136[1.63804],6,0_99
Pref0,0.88075[0.229466],0.883032[0.232031],0.878486[0.226869],6,0_99
Signal0,0.9855[0.0839032],0.989458[0.0718328],0.981574[0.0941999],6,0_99
Hybridindex,17.7943[1.46945],17.8122[1.45908],17.7764[1.47946],7,0_99
Pref0,0.8835[0.226777],0.881024[0.227725],0.885956[0.225805],7,0_99
Signal0,0.99125[0.0655625],0.989458[0.0718328],0.993028[0.0586297],7,0_99
Hybridindex,17.862[1.35617],17.835[1.38133],17.8882[1.33079],8,0_99
Pref0,0.88425[0.226885],0.880203[0.229464],0.888177[0.224285],8,0_99
Signal0,0.99575[0.0459014],0.995431[0.0475751],0.996059[0.0442144],8,0_99
Hybridindex,17.8448[1.33258],17.8135[1.32215],17.8744[1.34171],9,0_99
Pref0,0.8945[0.214755],0.898767[0.214525],0.890458[0.214894],9,0_99
Signal0,0.99875[0.0249687],0.998972[0.0226455],0.998539[0.0269842],9,0_99
Hybridindex,17.886[1.31254],17.8417[1.30568],17.9296[1.3178],10,0_99
Pref0,0.89275[0.219368],0.898185[0.206294],0.887401[0.231391],10,0_99
Signal0,0.99925[0.0193504],0.998992[0.022428],0.999504[0.0157407],10,0_99
Hybridindex,17.8633[1.30343],17.827[1.33597],17.8956[1.27288],11,0_99
Pref0,0.88375[0.22773],0.877389[0.232882],0.889414[0.22289],11,0_99
Signal0,0.9995[0.0158035],1[0],0.999055[0.0217186],11,0_99
Hybridindex,17.8385[1.26171],17.8532[1.2843],17.8243[1.23928],12,0_99
Pref0,0.8815[0.232288],0.870427[0.242215],0.892224[0.221725],12,0_99
Signal0,0.99975[0.0111775],1[0],0.999508[0.0156787],12,0_99
Hybridindex,17.8002[1.29286],17.8213[1.29029],17.7775[1.29524],13,0_99
Pref0,0.8865[0.224984],0.884875[0.22807],0.888254[0.221592],13,0_99
Signal0,0.9995[0.0158035],1[0],0.99896[0.0227743],13,0_99
Hybridindex,17.7937[1.28796],17.7796[1.28908],17.8076[1.28671],14,0_99
Pref0,0.8865[0.228293],0.88726[0.229695],0.885757[0.226911],14,0_99
Signal0,1[0],1[0],1[0],14,0_99
Hybridindex,17.7955[1.23902],17.8723[1.20623],17.7236[1.26474],15,0_99
Pref0,0.8865[0.224428],0.879524[0.230135],0.89303[0.218748],15,0_99
Signal0,1[0],1[0],1[0],15,0_99
Hybridindex,17.7752[1.20732],17.8036[1.18821],17.7475[1.22504],16,0_99
Pref0,0.88575[0.223208],0.880061[0.228393],0.891304[0.217885],16,0_99
Signal0,1[0],1[0],1[0],16,0_99
Hybridindex,17.753[1.21696],17.7155[1.21734],17.7916[1.21536],17,0_99
Pref0,0.885[0.224221],0.886095[0.223373],0.883874[0.225084],17,0_99
Signal0,1[0],1[0],1[0],17,0_99
Hybridindex,17.703[1.2556],17.6798[1.27706],17.7291[1.23059],18,0_99
Pref0,0.8835[0.227327],0.880795[0.229103],0.886532[0.225282],18,0_99
Signal0,1[0],1[0],1[0],18,0_99
Hybridindex,17.7015[1.24062],17.734[1.2244],17.6721[1.25443],19,0_99
Pref0,0.88225[0.22915],0.882229[0.231144],0.882269[0.227328],19,0_99
Signal0,1[0],1[0],1[0],19,0_99
Hybridindex,17.6732[1.22377],17.6661[1.22168],17.6796[1.2256],20,0_99
Pref0,0.88[0.225499],0.878307[0.228881],0.881517[0.222416],20,0_99
Signal0,1[0],1[0],1[0],20,0_99
Hybridindex,17.708[1.21952],17.7318[1.24317],17.6833[1.19401],21,0_99
Pref0,0.88125[0.226988],0.881139[0.225178],0.881365[0.228849],21,0_99
Signal0,1[0],1[0],1[0],21,0_99
Hybridindex,17.726[1.19966],17.7116[1.21575],17.7394[1.18433],22,0_99
Pref0,0.87775[0.231149],0.887448[0.219718],0.868726[0.24095],22,0_99
Signal0,1[0],1[0],1[0],22,0_99
Hybridindex,17.7015[1.20992],17.6579[1.21927],17.7445[1.19905],23,0_99
Pref0,0.871[0.232613],0.861167[0.239132],0.880716[0.225567],23,0_99
Signal0,1[0],1[0],1[0],23,0_99
Hybridindex,17.7172[1.21878],17.6738[1.21697],17.7628[1.21902],24,0_99
Pref0,0.8635[0.243141],0.855469[0.245286],0.871926[0.240582],24,0_99
Signal0,1[0],1[0],1[0],24,0_99
Hybridindex,17.746[1.18331],17.759[1.18578],17.7322[1.18052],25,0_99
Pref0,0.859[0.245701],0.866893[0.237867],0.850569[0.253532],25,0_99
Signal0,1[0],1[0],1[0],25,0_99
Hybridindex,17.7308[1.17734],17.7736[1.16388],17.6882[1.18902],26,0_99
Pref0,0.859[0.247728],0.853916[0.254468],0.864044[0.240749],26,0_99
Signal0,1[0],1[0],1[0],26,0_99
Hybridindex,17.6898[1.17041],17.6871[1.17089],17.6923[1.16996],27,0_99
Pref0,0.86475[0.244095],0.864851[0.243049],0.864654[0.245082],27,0_99
Signal0,1[0],1[0],1[0],27,0_99
Hybridindex,17.711[1.16049],17.7064[1.18597],17.7155[1.13478],28,0_99
Pref0,0.864[0.241359],0.857503[0.248027],0.870407[0.234422],28,0_99
Signal0,1[0],1[0],1[0],28,0_99
Hybridindex,17.7213[1.20007],17.7162[1.19816],17.7262[1.20192],29,0_99
Pref0,0.8645[0.239562],0.868687[0.23662],0.860396[0.24234],29,0_99
Signal0,1[0],1[0],1[0],29,0_99
Hybridindex,17.724[1.17551],17.7192[1.18631],17.7291[1.16389],30,0_99
Pref0,0.86325[0.244795],0.855965[0.246923],0.871001[0.24227],30,0_99
Signal0,1[0],1[0],1[0],30,0_99
Hybridindex,17.6943[1.15829],17.7074[1.19686],17.6808[1.11742],31,0_99
Pref0,0.858[0.248668],0.865842[0.243879],0.85[0.253212],31,0_99
Signal0,1[0],1[0],1[0],31,0_99
Hybridindex,17.6983[1.14655],17.7004[1.12801],17.6961[1.1649],32,0_99
Pref0,0.85675[0.251206],0.852443[0.251935],0.861083[0.250396],32,0_99
Signal0,1[0],1[0],1[0],32,0_99
Hybridindex,17.6977[1.18512],17.7131[1.23707],17.6827[1.1317],33,0_99
Pref0,0.8495[0.249198],0.85303[0.249982],0.84604[0.248379],33,0_99
Signal0,1[0],1[0],1[0],33,0_99
Hybridindex,17.6708[1.20581],17.6316[1.22548],17.7105[1.1842],34,0_99
Pref0,0.849[0.250896],0.839126[0.257824],0.859013[0.243261],34,0_99
Signal0,1[0],1[0],1[0],34,0_99
Hybridindex,17.7045[1.14681],17.6428[1.17864],17.766[1.11081],35,0_99
Pref0,0.84675[0.256689],0.860721[0.244458],0.832834[0.267594],35,0_99
Signal0,1[0],1[0],1[0],35,0_99
Hybridindex,17.6743[1.17442],17.6623[1.16867],17.686[1.17993],36,0_99
Pref0,0.838[0.26078],0.842238[0.261933],0.833829[0.259572],36,0_99
Signal0,1[0],1[0],1[0],36,0_99
Hybridindex,17.6715[1.20565],17.6584[1.20582],17.6847[1.20533],37,0_99
Pref0,0.84375[0.260213],0.848606[0.26118],0.838855[0.259143],37,0_99
Signal0,1[0],1[0],1[0],37,0_99
Hybridindex,17.6675[1.19465],17.6434[1.22666],17.6907[1.1626],38,0_99
Pref0,0.83475[0.260418],0.836735[0.261232],0.832843[0.259618],38,0_99
Signal0,1[0],1[0],1[0],38,0_99
Hybridindex,17.6397[1.17083],17.6414[1.18905],17.6381[1.15229],39,0_99
Pref0,0.82975[0.261515],0.818681[0.271601],0.840841[0.250512],39,0_99
Signal0,1[0],1[0],1[0],39,0_99
Hybridindex,17.6535[1.19831],17.6625[1.21216],17.6445[1.18422],40,0_99
Pref0,0.83075[0.26359],0.8255[0.263248],0.836[0.263826],40,0_99
Signal0,1[0],1[0],1[0],40,0_99
Hybridindex,17.6415[1.21911],17.65[1.21097],17.6328[1.22741],41,0_99
Pref0,0.829[0.266944],0.830383[0.268817],0.827569[0.264984],41,0_99
Signal0,1[0],1[0],1[0],41,0_99
Hybridindex,17.6268[1.21462],17.6508[1.1988],17.6043[1.22877],42,0_99
Pref0,0.83225[0.26923],0.837306[0.266345],0.827536[0.271808],42,0_99
Signal0,1[0],1[0],1[0],42,0_99
Hybridindex,17.6215[1.21501],17.6288[1.2075],17.6144[1.22222],43,0_99
Pref0,0.83225[0.26549],0.840264[0.263753],0.824458[0.266938],43,0_99
Signal0,1[0],1[0],1[0],43,0_99
Hybridindex,17.6635[1.1928],17.6481[1.18149],17.6785[1.2035],44,0_99
Pref0,0.82775[0.270564],0.830122[0.269842],0.825444[0.271244],44,0_99
Signal0,1[0],1[0],1[0],44,0_99
Hybridindex,17.6365[1.15666],17.6192[1.16469],17.6535[1.14849],45,0_99
Pref0,0.82575[0.267884],0.836869[0.260931],0.814851[0.274091],45,0_99
Signal0,1[0],1[0],1[0],45,0_99
Hybridindex,17.645[1.16511],17.6634[1.14428],17.6255[1.18642],46,0_99
Pref0,0.8245[0.268235],0.824903[0.273653],0.824074[0.262382],46,0_99
Signal0,1[0],1[0],1[0],46,0_99
Hybridindex,17.6333[1.18242],17.6208[1.17675],17.6452[1.18773],47,0_99
Pref0,0.81925[0.273321],0.82314[0.27662],0.815505[0.270054],47,0_99
Signal0,1[0],1[0],1[0],47,0_99
Hybridindex,17.6262[1.16402],17.628[1.17457],17.6245[1.15336],48,0_99
Pref0,0.8075[0.278287],0.808[0.275928],0.807[0.280626],48,0_99
Signal0,1[0],1[0],1[0],48,0_99
Hybridindex,17.5815[1.15287],17.5498[1.17192],17.6121[1.13331],49,0_99
Pref0,0.81675[0.276667],0.825534[0.271256],0.80826[0.281537],49,0_99
Signal0,1[0],1[0],1[0],49,0_99
Hybridindex,17.6187[1.17889],17.5911[1.21339],17.6482[1.14021],50,0_99
Pref0,0.8145[0.273111],0.810562[0.277926],0.818698[0.267819],50,0_99
Signal0,1[0],1[0],1[0],50,0_99
Hybridindex,17.6223[1.15106],17.6072[1.15516],17.6383[1.14642],51,0_99
Pref0,0.8115[0.274259],0.814493[0.268081],0.80829[0.280698],51,0_99
Signal0,1[0],1[0],1[0],51,0_99
Hybridindex,17.5882[1.14186],17.5697[1.15179],17.6083[1.13065],52,0_99
Pref0,0.80475[0.277042],0.796154[0.277843],0.814063[0.27587],52,0_99
Signal0,1[0],1[0],1[0],52,0_99
Hybridindex,17.5802[1.1288],17.6093[1.09109],17.5519[1.16373],53,0_99
Pref0,0.8105[0.2772],0.80415[0.285182],0.8167[0.269034],53,0_99
Signal0,1[0],1[0],1[0],53,0_99
Hybridindex,17.5822[1.14263],17.6298[1.14671],17.5311[1.13601],54,0_99
Pref0,0.82575[0.26835],0.821429[0.270785],0.830394[0.265631],54,0_99
Signal0,1[0],1[0],1[0],54,0_99
Hybridindex,17.6075[1.11779],17.6406[1.11096],17.5744[1.12358],55,0_99
Pref0,0.82825[0.269957],0.845345[0.25966],0.811189[0.278813],55,0_99
Signal0,1[0],1[0],1[0],55,0_99
Hybridindex,17.6303[1.13673],17.6383[1.11256],17.622[1.16092],56,0_99
Pref0,0.821[0.276964],0.820158[0.27272],0.821862[0.281242],56,0_99
Signal0,1[0],1[0],1[0],56,0_99
Hybridindex,17.6453[1.16824],17.6665[1.15394],17.6228[1.18273],57,0_99
Pref0,0.8135[0.27197],0.817429[0.266643],0.809353[0.277422],57,0_99
Signal0,1[0],1[0],1[0],57,0_99
Hybridindex,17.6385[1.17986],17.6617[1.16779],17.6165[1.19078],58,0_99
Pref0,0.814[0.272771],0.813655[0.270805],0.814327[0.274624],58,0_99
Signal0,1[0],1[0],1[0],58,0_99
Hybridindex,17.611[1.16348],17.6308[1.14702],17.5904[1.18004],59,0_99
Pref0,0.817[0.273881],0.818805[0.274583],0.815117[0.273135],59,0_99
Signal0,1[0],1[0],1[0],59,0_99
Hybridindex,17.6423[1.14385],17.644[1.14873],17.6403[1.13856],60,0_99
Pref0,0.81[0.273679],0.807322[0.281861],0.81289[0.264536],60,0_99
Signal0,1[0],1[0],1[0],60,0_99
Hybridindex,17.6635[1.12595],17.6324[1.17053],17.6944[1.07893],61,0_99
Pref0,0.814[0.275053],0.815948[0.275143],0.812064[0.27495],61,0_99
Signal0,1[0],1[0],1[0],61,0_99
Hybridindex,17.638[1.12481],17.6429[1.13377],17.6334[1.11643],62,0_99
Pref0,0.81725[0.272447],0.814969[0.272748],0.819364[0.272151],62,0_99
Signal0,1[0],1[0],1[0],62,0_99
Hybridindex,17.6035[1.11917],17.6216[1.11779],17.586[1.12022],63,0_99
Pref0,0.816[0.273668],0.812818[0.27448],0.819076[0.272845],63,0_99
Signal0,1[0],1[0],1[0],63,0_99
Hybridindex,17.5862[1.10315],17.5735[1.11357],17.5987[1.09275],64,0_99
Pref0,0.82625[0.270991],0.821682[0.269368],0.830701[0.272488],64,0_99
Signal0,1[0],1[0],1[0],64,0_99
Hybridindex,17.6013[1.14472],17.6071[1.15144],17.5957[1.13831],65,0_99
Pref0,0.82975[0.26342],0.838826[0.260765],0.821186[0.265617],65,0_99
Signal0,1[0],1[0],1[0],65,0_99
Hybridindex,17.604[1.11946],17.5791[1.11445],17.6294[1.12398],66,0_99
Pref0,0.829[0.267412],0.822948[0.272925],0.835187[0.261511],66,0_99
Signal0,1[0],1[0],1[0],66,0_99
Hybridindex,17.6427[1.1086],17.6801[1.11797],17.6031[1.09718],67,0_99
Pref0,0.8325[0.262095],0.822816[0.266975],0.842784[0.256412],67,0_99
Signal0,1[0],1[0],1[0],67,0_99
Hybridindex,17.626[1.07952],17.652[1.06911],17.5995[1.08941],68,0_99
Pref0,0.83[0.263344],0.840594[0.25434],0.819192[0.271798],68,0_99
Signal0,1[0],1[0],1[0],68,0_99
Hybridindex,17.6325[1.07933],17.6398[1.08508],17.6255[1.07372],69,0_99
Pref0,0.83425[0.262492],0.838776[0.260546],0.829902[0.264275],69,0_99
Signal0,1[0],1[0],1[0],69,0_99
Hybridindex,17.637[1.09349],17.6689[1.08287],17.6065[1.10269],70,0_99
Pref0,0.83025[0.265631],0.832651[0.263603],0.827957[0.267534],70,0_99
Signal0,1[0],1[0],1[0],70,0_99
Hybridindex,17.6485[1.08533],17.6708[1.06893],17.6272[1.10038],71,0_99
Pref0,0.83175[0.267987],0.845092[0.25836],0.818982[0.276283],71,0_99
Signal0,1[0],1[0],1[0],71,0_99
Hybridindex,17.619[1.11303],17.6093[1.11257],17.6291[1.11343],72,0_99
Pref0,0.8265[0.27092],0.834804[0.262743],0.817857[0.278915],72,0_99
Signal0,1[0],1[0],1[0],72,0_99
Hybridindex,17.5933[1.11767],17.5675[1.14755],17.6198[1.08537],73,0_99
Pref0,0.82625[0.265868],0.83399[0.263133],0.818274[0.268425],73,0_99
Signal0,1[0],1[0],1[0],73,0_99
Hybridindex,17.6032[1.11802],17.6213[1.12494],17.586[1.1111],74,0_99
Pref0,0.81925[0.267777],0.817298[0.269838],0.821114[0.26578],74,0_99
Signal0,1[0],1[0],1[0],74,0_99
Hybridindex,17.6253[1.12447],17.6487[1.11727],17.5985[1.13204],75,0_99
Pref0,0.81625[0.27315],0.814259[0.273473],0.818522[0.272764],75,0_99
Signal0,1[0],1[0],1[0],75,0_99
Hybridindex,17.5555[1.13266],17.5426[1.14164],17.5683[1.12351],76,0_99
Pref0,0.828[0.264889],0.835507[0.257336],0.820538[0.271983],76,0_99
Signal0,1[0],1[0],1[0],76,0_99
Hybridindex,17.535[1.12917],17.5212[1.15381],17.5498[1.10183],77,0_99
Pref0,0.826[0.26828],0.825458[0.269662],0.826584[0.266782],77,0_99
Signal0,1[0],1[0],1[0],77,0_99
Hybridindex,17.535[1.14161],17.5147[1.10586],17.5548[1.17506],78,0_99
Pref0,0.83[0.263344],0.830294[0.260201],0.829714[0.26637],78,0_99
Signal0,1[0],1[0],1[0],78,0_99
Hybridindex,17.5828[1.11312],17.5766[1.06023],17.5885[1.15977],79,0_99
Pref0,0.83525[0.266894],0.839063[0.257967],0.831731[0.27483],79,0_99
Signal0,1[0],1[0],1[0],79,0_99
Hybridindex,17.575[1.09356],17.5613[1.13698],17.5886[1.04863],80,0_99
Pref0,0.824[0.27023],0.824623[0.268341],0.823383[0.272085],80,0_99
Signal0,1[0],1[0],1[0],80,0_99
Hybridindex,17.5867[1.0892],17.5792[1.0926],17.5942[1.08579],81,0_99
Pref0,0.83075[0.266888],0.830979[0.264707],0.830525[0.269014],81,0_99
Signal0,1[0],1[0],1[0],81,0_99
Hybridindex,17.624[1.09184],17.624[1.08941],17.624[1.09437],82,0_99
Pref0,0.83175[0.264702],0.845098[0.258247],0.817857[0.270558],82,0_99
Signal0,1[0],1[0],1[0],82,0_99
Hybridindex,17.6095[1.09921],17.6406[1.08578],17.5766[1.11229],83,0_99
Pref0,0.82925[0.265931],0.822471[0.269837],0.83642[0.261546],83,0_99
Signal0,1[0],1[0],1[0],83,0_99
Hybridindex,17.6315[1.08315],17.6276[1.07035],17.6356[1.09627],84,0_99
Pref0,0.82775[0.267778],0.828263[0.270292],0.827217[0.26514],84,0_99
Signal0,1[0],1[0],1[0],84,0_99
Hybridindex,17.6363[1.11985],17.6276[1.14292],17.6445[1.09753],85,0_99
Pref0,0.82225[0.269778],0.829218[0.266725],0.815661[0.272469],85,0_99
Signal0,1[0],1[0],1[0],85,0_99
Hybridindex,17.6382[1.09007],17.6813[1.09416],17.596[1.0844],86,0_99
Pref0,0.82375[0.269371],0.823232[0.267924],0.824257[0.270781],86,0_99
Signal0,1[0],1[0],1[0],86,0_99
Hybridindex,17.646[1.10586],17.6386[1.11812],17.653[1.09422],87,0_99
Pref0,0.82[0.274044],0.809204[0.279511],0.830106[0.268432],87,0_99
Signal0,1[0],1[0],1[0],87,0_99
Hybridindex,17.6355[1.10086],17.6345[1.12074],17.6365[1.07999],88,0_99
Pref0,0.82775[0.270102],0.840887[0.263649],0.814213[0.275941],88,0_99
Signal0,1[0],1[0],1[0],88,0_99
Hybridindex,17.6857[1.08322],17.6624[1.08808],17.7095[1.07776],89,0_99
Pref0,0.82225[0.273916],0.818769[0.276837],0.82578[0.270876],89,0_99
Signal0,1[0],1[0],1[0],89,0_99
Hybridindex,17.6455[1.1119],17.6263[1.11131],17.6656[1.11217],90,0_99
Pref0,0.82[0.261916],0.819024[0.262593],0.821026[0.261198],90,0_99
Signal0,1[0],1[0],1[0],90,0_99
Hybridindex,17.6223[1.10665],17.6315[1.09799],17.6134[1.11479],91,0_99
Pref0,0.8215[0.271363],0.822416[0.269461],0.820626[0.273164],91,0_99
Signal0,1[0],1[0],1[0],91,0_99
Hybridindex,17.6262[1.10122],17.6027[1.09443],17.6513[1.10786],92,0_99
Pref0,0.82625[0.264454],0.824612[0.263685],0.827996[0.26526],92,0_99
Signal0,1[0],1[0],1[0],92,0_99
Hybridindex,17.65[1.11445],17.6832[1.11257],17.6156[1.11536],93,0_99
Pref0,0.82575[0.266949],0.825639[0.264651],0.825866[0.269311],93,0_99
Signal0,1[0],1[0],1[0],93,0_99
Hybridindex,17.6525[1.08501],17.6495[1.08075],17.6553[1.08892],94,0_99
Pref0,0.82075[0.269248],0.825[0.268289],0.816827[0.27007],94,0_99
Signal0,1[0],1[0],1[0],94,0_99
Hybridindex,17.6635[1.08916],17.6988[1.10347],17.6274[1.07313],95,0_99
Pref0,0.824[0.266972],0.831355[0.263124],0.816481[0.270642],95,0_99
Signal0,1[0],1[0],1[0],95,0_99
Hybridindex,17.6457[1.08921],17.625[1.09687],17.6662[1.08123],96,0_99
Pref0,0.8235[0.262865],0.825101[0.259701],0.821925[0.265932],96,0_99
Signal0,1[0],1[0],1[0],96,0_99
Hybridindex,17.6485[1.09165],17.6703[1.0856],17.6266[1.09724],97,0_99
Pref0,0.81675[0.276667],0.825175[0.272638],0.808308[0.280392],97,0_99
Signal0,1[0],1[0],1[0],97,0_99
Hybridindex,17.6807[1.08003],17.6749[1.08238],17.6869[1.07749],98,0_99
Pref0,0.81875[0.270691],0.816812[0.271266],0.820803[0.270065],98,0_99
Signal0,1[0],1[0],1[0],98,0_99
Hybridindex,17.6827[1.08281],17.6857[1.08436],17.6798[1.08126],99,0_99
Pref0,0.82425[0.266902],0.833333[0.260007],0.815239[0.273273],99,0_99
Signal0,1[0],1[0],1[0],99,0_99
Hybridindex,17.6988[1.04337],17.6932[1.07715],17.7047[1.00585],100,0_99
Pref0,0.83225[0.267367],0.83913[0.259999],0.82487[0.274859],100,0_99
Signal0,1[0],1[0],1[0],100,0_99
